20 20
-11 9 13 3 9 11 15 14 7 11 8 7 3 10 4 8 4 15 -5 9 
-15 -10 7 8 12 -7 -9 12 2 7 -9 -11 6 5 13 10 2 11 5 14 
13 16 15 12 4 -16 6 12 -13 5 16 13 -15 12 2 13 4 13 7 0 
-7 8 5 2 4 9 2 14 8 -16 6 15 4 11 3 -4 15 15 2 -6 
8 16 5 9 5 -6 3 5 11 -2 3 -2 12 2 -10 4 14 10 14 13 
0 11 9 15 4 -1 10 4 4 2 10 -13 2 -15 -9 1 11 15 15 3 
16 -9 11 2 4 -8 -11 3 12 9 10 3 -7 1 1 15 -16 3 13 12 
2 1 -13 -5 10 9 10 -4 2 -8 5 2 6 9 3 12 16 1 13 -11 
5 14 13 5 16 -12 15 -5 14 11 4 0 7 -7 9 11 -13 7 4 10 
6 12 5 15 -9 7 4 1 13 4 13 13 -11 -15 6 11 -11 13 6 5 
5 6 13 -11 11 6 -15 -11 13 13 4 13 1 4 7 -9 15 5 12 6 
10 4 7 -13 11 9 -7 7 0 4 11 14 -5 15 -12 16 5 13 14 5 
-11 13 1 16 12 3 9 6 2 5 -8 2 -4 10 9 10 -5 -13 1 2 
12 13 3 -16 15 1 1 -7 3 10 9 12 3 -11 -8 4 2 11 -9 16 
3 15 15 11 1 -9 -15 2 -13 10 2 4 4 10 -1 4 15 9 11 0 
13 14 10 14 4 -10 2 12 -2 3 -2 11 5 3 -6 5 9 5 16 8 
-6 2 15 15 -4 3 11 4 15 6 -16 8 14 2 9 4 2 5 8 -7 
0 7 13 4 13 2 12 -15 13 16 5 -13 12 6 -16 4 12 15 16 13 
14 5 11 2 10 13 5 6 -11 -9 7 2 12 -9 -7 12 8 7 -10 -15 
9 -5 15 4 8 4 10 3 7 8 11 7 14 15 11 9 3 13 9 -11 
30
1
12 18
7 1
0
0
