20 20
12 -26 3 -26 6 0 -23 17 22 25 7 19 14 1 13 -27 4 18 5 22 
5 11 0 -25 11 2 11 25 2 12 12 9 26 23 3 14 -18 18 1 10 
23 22 -23 25 -11 -26 6 14 26 -26 23 22 7 17 8 18 -20 6 17 -2 
9 28 10 13 17 -2 4 7 28 26 28 -23 -22 12 16 7 26 2 4 -17 
0 8 6 -6 11 -14 -15 -28 11 8 4 26 3 6 8 25 -24 6 18 -20 
20 12 18 -18 3 -17 20 20 20 15 6 -6 24 19 17 15 9 27 14 25 
1 28 1 21 -19 10 19 13 19 23 13 8 9 9 16 -22 -7 28 24 -11 
-6 -9 -12 26 27 9 -12 10 -10 2 18 6 20 6 7 -10 5 7 21 8 
17 22 0 -10 27 12 22 -13 11 6 -23 -11 24 -23 25 6 -22 4 19 5 
2 18 15 22 0 -21 -5 27 4 3 27 2 12 7 13 11 2 24 1 3 
3 1 24 2 11 13 7 12 2 27 3 4 27 -5 -21 0 22 15 18 2 
5 19 4 -22 6 25 -23 24 -11 -23 6 11 -13 22 12 27 -10 0 22 17 
8 21 7 5 -10 7 6 20 6 18 2 -10 10 -12 9 27 26 -12 -9 -6 
-11 24 28 -7 -22 16 9 9 8 13 23 19 13 19 10 -19 21 1 28 1 
25 14 27 9 15 17 19 24 -6 6 15 20 20 20 -17 3 -18 18 12 20 
-20 18 6 -24 25 8 6 3 26 4 8 11 -28 -15 -14 11 -6 6 8 0 
-17 4 2 26 7 16 12 -22 -23 28 26 28 7 4 -2 17 13 10 28 9 
-2 17 6 -20 18 8 17 7 22 23 -26 26 14 6 -26 -11 25 -23 22 23 
10 1 18 -18 14 3 23 26 9 12 12 2 25 11 2 11 -25 0 11 5 
22 5 18 4 -27 13 1 14 19 7 25 22 17 -23 0 6 -26 3 -26 12 
30
1
13 12
6 7
0
0
