20 20
-17 -16 0 4 -20 7 8 8 19 17 14 25 17 21 -25 12 -11 -11 16 -10 
14 20 3 22 15 15 4 21 13 -8 3 5 18 8 3 10 -23 17 25 22 
17 -25 1 6 17 13 13 16 2 1 19 21 2 4 16 -12 3 22 8 -22 
6 13 13 -24 1 19 -15 22 -23 17 4 -3 18 5 20 9 25 -4 -12 16 
-4 -6 14 25 7 1 -3 13 -10 23 5 6 3 -15 8 -20 10 23 -15 21 
13 -20 13 18 -19 11 4 1 -3 0 -23 14 -18 11 16 3 24 13 18 21 
-4 2 0 5 -24 -19 4 -5 -14 -20 0 15 20 18 5 -13 16 25 22 15 
19 25 25 19 6 24 3 -19 11 23 -22 -2 23 6 5 -7 14 7 5 -7 
3 -10 6 -9 12 16 17 9 23 22 -10 18 5 5 4 -12 17 -18 22 -1 
-10 7 3 25 5 21 -3 -23 16 20 1 -1 6 23 -4 -12 24 5 -17 15 
15 -17 5 24 -12 -4 23 6 -1 1 20 16 -23 -3 21 5 25 3 7 -10 
-1 22 -18 17 -12 4 5 5 18 -10 22 23 9 17 16 12 -9 6 -10 3 
-7 5 7 14 -7 5 6 23 -2 -22 23 11 -19 3 24 6 19 25 25 19 
15 22 25 16 -13 5 18 20 15 0 -20 -14 -5 4 -19 -24 5 0 2 -4 
21 18 13 24 3 16 11 -18 14 -23 0 -3 1 4 11 -19 18 13 -20 13 
21 -15 23 10 -20 8 -15 3 6 5 23 -10 13 -3 1 7 25 14 -6 -4 
16 -12 -4 25 9 20 5 18 -3 4 17 -23 22 -15 19 1 -24 13 13 6 
-22 8 22 3 -12 16 4 2 21 19 1 2 16 13 13 17 6 1 -25 17 
22 25 17 -23 10 3 8 18 5 3 -8 13 21 4 15 15 22 3 20 14 
-10 16 -11 -11 12 -25 21 17 25 14 17 19 8 8 7 -20 4 0 -16 -17 
30
1
10 11
9 8
0
0
