20 20
24 3 25 7 4 3 6 13 6 0 -1 14 6 -26 0 18 11 19 -22 26 
28 -7 8 11 9 4 28 12 1 12 19 23 -22 21 15 -8 13 19 28 16 
-20 18 30 1 28 -12 -19 12 12 -20 -13 2 -13 27 15 14 8 6 -23 -29 
3 18 14 3 16 1 18 5 3 -28 6 5 -19 -25 25 9 29 -7 -19 20 
23 16 23 29 16 -10 3 -28 18 29 10 -16 13 -15 4 12 3 21 7 20 
-30 -22 16 27 -6 28 -11 16 -18 27 23 16 -14 25 23 30 13 -20 19 7 
17 14 -15 24 5 -17 12 26 -3 17 20 0 -1 -1 -27 24 30 9 23 21 
10 24 29 -11 17 4 22 -29 -27 13 8 24 18 -21 24 -19 -6 10 22 20 
-21 -17 23 14 18 17 25 -25 9 28 21 20 -25 27 20 1 13 16 19 27 
11 -26 13 -1 13 24 4 23 -4 -5 -14 5 14 -27 19 0 15 9 -20 8 
8 -20 9 15 0 19 -27 14 5 -14 -5 -4 23 4 24 13 -1 13 -26 11 
27 19 16 13 1 20 27 -25 20 21 28 9 -25 25 17 18 14 23 -17 -21 
20 22 10 -6 -19 24 -21 18 24 8 13 -27 -29 22 4 17 -11 29 24 10 
21 23 9 30 24 -27 -1 -1 0 20 17 -3 26 12 -17 5 24 -15 14 17 
7 19 -20 13 30 23 25 -14 16 23 27 -18 16 -11 28 -6 27 16 -22 -30 
20 7 21 3 12 4 -15 13 -16 10 29 18 -28 3 -10 16 29 23 16 23 
20 -19 -7 29 9 25 -25 -19 5 6 -28 3 5 18 1 16 3 14 18 3 
-29 -23 6 8 14 15 27 -13 2 -13 -20 12 12 -19 -12 28 1 30 18 -20 
16 28 19 13 -8 15 21 -22 23 19 12 1 12 28 4 9 11 8 -7 28 
26 -22 19 11 18 0 -26 6 14 -1 0 6 13 6 3 4 7 25 3 24 
30
1
8 6
11 13
0
0
