20 20
-17 21 -7 21 -8 -1 21 17 19 -14 19 11 -15 10 8 -9 -12 12 -21 11 
8 9 -9 15 6 15 -4 4 3 10 6 13 9 4 15 -11 -9 1 -2 6 
10 5 9 1 1 -18 7 1 14 12 9 19 4 10 10 9 -15 -17 -10 3 
16 4 -8 21 15 6 15 12 8 17 -2 19 14 8 13 2 15 18 -2 15 
15 18 -6 -1 -16 7 2 -19 13 10 10 13 11 -11 21 1 4 19 13 13 
8 8 17 10 3 6 17 8 0 -18 -19 -1 -21 11 -9 -21 -21 14 8 21 
14 12 1 11 2 18 9 3 -3 6 13 4 5 5 14 8 -3 19 6 1 
-19 5 12 4 19 -1 16 17 7 -14 7 15 16 11 17 17 5 16 13 19 
8 18 4 -1 0 -17 -5 6 12 7 -8 -4 13 18 1 -5 -17 3 -6 3 
14 7 -4 20 12 20 3 3 2 4 17 -15 16 -1 12 0 9 18 9 -21 
-21 9 18 9 0 12 -1 16 -15 17 4 2 3 3 20 12 20 -4 7 14 
3 -6 3 -17 -5 1 18 13 -4 -8 7 12 6 -5 -17 0 -1 4 18 8 
19 13 16 5 17 17 11 16 15 7 -14 7 17 16 -1 19 4 12 5 -19 
1 6 19 -3 8 14 5 5 4 13 6 -3 3 9 18 2 11 1 12 14 
21 8 14 -21 -21 -9 11 -21 -1 -19 -18 0 8 17 6 3 10 17 8 8 
13 13 19 4 1 21 -11 11 13 10 10 13 -19 2 7 -16 -1 -6 18 15 
15 -2 18 15 2 13 8 14 19 -2 17 8 12 15 6 15 21 -8 4 16 
3 -10 -17 -15 9 10 10 4 19 9 12 14 1 7 -18 1 1 9 5 10 
6 -2 1 -9 -11 15 4 9 13 6 10 3 4 -4 15 6 15 -9 9 8 
11 -21 12 -12 -9 8 10 -15 11 19 -14 19 17 21 -1 -8 21 -7 21 -17 
30
1
18 9
1 10
0
0
