20 20
10 26 13 26 -21 6 -15 9 13 21 20 16 4 22 7 17 -9 -13 -1 12 
-11 9 19 20 8 -18 18 24 8 8 6 27 -14 1 1 22 13 -19 22 22 
25 27 19 -22 15 10 27 6 2 14 25 27 18 20 2 27 22 25 26 12 
6 -1 1 3 -21 16 24 17 27 25 -25 16 -5 15 14 27 10 17 3 21 
-3 5 17 -13 24 7 27 6 9 6 8 2 11 27 15 -20 9 -24 14 -12 
25 20 9 -19 3 3 -13 27 15 13 19 8 -18 14 7 25 0 8 18 26 
21 22 4 27 -15 -17 -19 -16 23 25 22 -19 -23 9 2 -25 23 1 23 10 
5 8 -3 -21 -3 6 18 15 24 26 -26 11 12 15 18 -4 14 26 25 -8 
16 4 11 -18 0 -10 -12 14 -8 25 23 10 7 27 15 22 19 26 -18 27 
27 -11 22 18 4 20 19 -19 20 8 24 21 -3 9 5 -4 -23 22 16 26 
26 16 22 -23 -4 5 9 -3 21 24 8 20 -19 19 20 4 18 22 -11 27 
27 -18 26 19 22 15 27 7 10 23 25 -8 14 -12 -10 0 -18 11 4 16 
-8 25 26 14 -4 18 15 12 11 -26 26 24 15 18 6 -3 -21 -3 8 5 
10 23 1 23 -25 2 9 -23 -19 22 25 23 -16 -19 -17 -15 27 4 22 21 
26 18 8 0 25 7 14 -18 8 19 13 15 27 -13 3 3 -19 9 20 25 
-12 14 -24 9 -20 15 27 11 2 8 6 9 6 27 7 24 -13 17 5 -3 
21 3 17 10 27 14 15 -5 16 -25 25 27 17 24 16 -21 3 1 -1 6 
12 26 25 22 27 2 20 18 27 25 14 2 6 27 10 15 -22 19 27 25 
22 22 -19 13 22 1 1 -14 27 6 8 8 24 18 -18 8 20 19 9 -11 
12 -1 -13 -9 17 7 22 4 16 20 21 13 9 -15 6 -21 26 13 26 10 
30
1
8 14
11 5
0
0
