20 20
23 21 -8 -14 18 -7 2 -5 18 18 24 13 18 14 13 19 -25 8 -14 15 
16 21 -2 8 -10 25 0 -2 -16 2 2 23 2 5 9 -11 6 20 17 -21 
11 14 18 10 15 16 17 6 1 4 1 11 2 -23 -25 5 22 -15 25 -12 
0 22 26 9 6 -8 18 -19 22 8 -24 23 21 1 24 5 -12 9 -8 13 
10 7 15 2 5 19 -21 23 24 21 -13 24 28 17 26 23 14 14 24 5 
7 5 2 7 9 27 26 23 -8 10 21 15 14 -7 1 10 2 -17 18 9 
23 2 0 12 -4 14 -5 4 -9 8 12 -11 25 12 9 18 16 9 10 5 
12 -19 13 19 7 -14 3 -17 12 8 -28 10 25 12 -8 13 -23 3 3 17 
20 13 1 4 -9 17 -6 18 15 -24 9 -10 19 27 17 28 6 20 19 27 
15 28 23 19 9 -6 -2 4 2 11 27 -13 21 1 4 7 13 3 -7 -3 
-3 -7 3 13 7 4 1 21 -13 27 11 2 4 -2 -6 9 19 23 28 15 
27 19 20 6 28 17 27 19 -10 9 -24 15 18 -6 17 -9 4 1 13 20 
17 3 3 -23 13 -8 12 25 10 -28 8 12 -17 3 -14 7 19 13 -19 12 
5 10 9 16 18 9 12 25 -11 12 8 -9 4 -5 14 -4 12 0 2 23 
9 18 -17 2 10 1 -7 14 15 21 10 -8 23 26 27 9 7 2 5 7 
5 24 14 14 23 26 17 28 24 -13 21 24 23 -21 19 5 2 15 7 10 
13 -8 9 -12 5 24 1 21 23 -24 8 22 -19 18 -8 6 9 26 22 0 
-12 25 -15 22 5 -25 -23 2 11 1 4 1 6 17 16 15 10 18 14 11 
-21 17 20 6 -11 9 5 2 23 2 2 -16 -2 0 25 -10 8 -2 21 16 
15 -14 8 -25 19 13 14 18 13 24 18 18 -5 2 -7 18 -14 -8 21 23 
30
1
14 12
5 7
0
0
