20 20
17 12 2 10 10 -1 18 11 15 7 18 8 18 17 0 7 3 7 0 -6 
5 -7 2 13 11 7 8 14 -2 -15 6 18 15 17 10 6 11 7 2 4 
5 18 12 15 -10 6 16 14 4 3 3 7 -3 -9 17 3 12 5 1 -1 
6 -4 7 8 16 15 13 4 10 -16 16 -9 5 -10 4 2 9 11 5 17 
0 2 -12 12 -14 13 5 18 18 -7 15 2 9 12 18 16 9 12 -5 15 
-7 2 12 8 -14 5 18 -9 -12 17 15 -5 15 -4 5 17 17 5 17 8 
3 12 13 -17 1 10 -8 16 15 1 0 -12 -12 -13 8 15 2 8 -10 14 
10 14 13 10 -15 17 -3 12 12 16 3 -10 11 -11 8 11 17 -17 2 1 
5 -2 5 10 4 9 6 6 2 -13 15 -5 12 -5 18 2 0 17 12 7 
8 16 -12 1 16 11 -7 10 2 9 0 3 7 4 4 5 12 -16 16 16 
16 16 -16 12 5 4 4 7 3 0 9 2 10 -7 11 16 1 -12 16 8 
7 12 17 0 2 18 -5 12 -5 15 -13 2 6 6 9 4 10 5 -2 5 
1 2 -17 17 11 8 -11 11 -10 3 16 12 12 -3 17 -15 10 13 14 10 
14 -10 8 2 15 8 -13 -12 -12 0 1 15 16 -8 10 1 -17 13 12 3 
8 17 5 17 17 5 -4 15 -5 15 17 -12 -9 18 5 -14 8 12 2 -7 
15 -5 12 9 16 18 12 9 2 15 -7 18 18 5 13 -14 12 -12 2 0 
17 5 11 9 2 4 -10 5 -9 16 -16 10 4 13 15 16 8 7 -4 6 
-1 1 5 12 3 17 -9 -3 7 3 3 4 14 16 6 -10 15 12 18 5 
4 2 7 11 6 10 17 15 18 6 -15 -2 14 8 7 11 13 2 -7 5 
-6 0 7 3 7 0 17 18 8 18 7 15 11 18 -1 10 10 2 12 17 
30
1
0 19
19 0
0
0
