20 20
3 5 5 10 14 7 -13 12 2 2 -7 11 3 5 1 -11 9 3 11 9 
7 12 10 -14 13 14 11 7 -12 -9 4 12 7 13 11 -12 14 -8 0 -11 
2 9 11 7 1 13 13 9 -4 -6 13 8 8 1 9 10 11 3 8 12 
11 6 10 -9 14 6 11 6 11 3 14 12 14 1 4 13 11 2 13 12 
4 5 3 8 2 -12 14 0 2 8 -9 3 -10 2 -8 8 6 10 -14 9 
7 7 -3 10 13 12 10 13 -8 -3 4 9 -10 -11 8 8 9 -7 8 0 
6 2 9 4 -4 12 6 -1 -11 8 10 5 -10 1 4 13 -7 14 8 -9 
11 6 0 11 6 5 -5 1 2 4 3 12 11 10 -11 -14 1 6 6 5 
8 12 -6 5 9 2 8 1 2 7 3 -10 12 7 8 9 13 12 -14 2 
4 2 7 12 -6 14 2 -3 -13 11 11 11 6 14 -4 14 6 -4 8 13 
13 8 -4 6 14 -4 14 6 11 11 11 -13 -3 2 14 -6 12 7 2 4 
2 -14 12 13 9 8 7 12 -10 3 7 2 1 8 2 9 5 -6 12 8 
5 6 6 1 -14 -11 10 11 12 3 4 2 1 -5 5 6 11 0 6 11 
-9 8 14 -7 13 4 1 -10 5 10 8 -11 -1 6 12 -4 4 9 2 6 
0 8 -7 9 8 8 -11 -10 9 4 -3 -8 13 10 12 13 10 -3 7 7 
9 -14 10 6 8 -8 2 -10 3 -9 8 2 0 14 -12 2 8 3 5 4 
12 13 2 11 13 4 1 14 12 14 3 11 6 11 6 14 -9 10 6 11 
12 8 3 11 10 9 1 8 8 13 -6 -4 9 13 13 1 7 11 9 2 
-11 0 -8 14 -12 11 13 7 12 4 -9 -12 7 11 14 13 -14 10 12 7 
9 11 3 9 -11 1 5 3 11 -7 2 2 12 -13 7 14 10 5 5 3 
30
1
16 9
3 10
0
0
