20 20
26 4 19 -22 5 20 19 22 3 20 6 9 14 14 20 11 -18 7 6 -14 
9 20 1 19 3 6 18 25 10 13 6 24 15 15 7 16 -5 21 15 25 
24 11 -22 17 25 21 -13 11 1 20 8 26 5 24 6 -24 26 5 2 15 
-25 0 20 9 24 5 20 14 23 25 25 8 17 -19 19 14 22 0 18 15 
-12 13 16 3 16 8 20 -13 12 15 8 -19 2 11 25 26 0 -24 -26 23 
15 15 -5 18 20 9 20 24 18 14 19 21 -12 1 14 12 5 -17 -13 -21 
20 -23 16 22 -16 -1 7 -10 -12 21 22 -23 -4 25 -5 1 -4 4 23 18 
21 23 20 20 -5 21 -22 26 15 2 6 -3 -18 11 23 3 6 13 21 22 
-4 24 17 24 9 -16 0 15 25 20 26 0 11 17 25 12 -24 9 -26 25 
-24 18 21 21 1 7 -3 14 14 11 26 20 21 20 1 13 -22 -2 8 14 
14 8 -2 -22 13 1 20 21 20 26 11 14 14 -3 7 1 21 21 18 -24 
25 -26 9 -24 12 25 17 11 0 26 20 25 15 0 -16 9 24 17 24 -4 
22 21 13 6 3 23 11 -18 -3 6 2 15 26 -22 21 -5 20 20 23 21 
18 23 4 -4 1 -5 25 -4 -23 22 21 -12 -10 7 -1 -16 22 16 -23 20 
-21 -13 -17 5 12 14 1 -12 21 19 14 18 24 20 9 20 18 -5 15 15 
23 -26 -24 0 26 25 11 2 -19 8 15 12 -13 20 8 16 3 16 13 -12 
15 18 0 22 14 19 -19 17 8 25 25 23 14 20 5 24 9 20 0 -25 
15 2 5 26 -24 6 24 5 26 8 20 1 11 -13 21 25 17 -22 11 24 
25 15 21 -5 16 7 15 15 24 6 13 10 25 18 6 3 19 1 20 9 
-14 6 7 -18 11 20 14 14 9 6 20 3 22 19 20 5 -22 19 4 26 
30
1
16 18
3 1
0
0
