20 20
11 1 -12 14 13 6 9 0 12 5 3 3 2 -8 2 4 -10 -14 13 7 
11 8 5 -1 0 8 4 3 14 11 14 4 9 4 10 -1 3 -2 10 -2 
-5 15 -4 -14 1 -4 -12 1 10 -7 6 -13 7 -13 -15 6 9 8 5 14 
-13 -5 1 11 2 10 12 2 8 -10 3 -11 14 1 8 7 4 -13 7 -12 
8 14 13 13 13 0 13 7 2 10 -7 8 14 -9 10 3 13 -10 2 6 
15 12 1 10 -10 14 -15 15 0 15 11 0 12 4 4 11 8 14 9 13 
1 5 -3 8 -1 15 8 3 10 -3 1 5 6 9 3 -10 7 3 7 11 
3 -13 -5 10 11 10 15 -10 2 8 -14 11 -5 14 15 12 6 13 6 -8 
11 3 2 1 4 4 -15 8 -6 -10 11 11 1 -10 -6 -13 3 9 11 11 
0 -5 10 -8 7 6 14 0 13 5 -7 7 13 2 5 14 0 12 12 9 
9 12 12 0 14 5 2 13 7 -7 5 13 0 14 6 7 -8 10 -5 0 
11 11 9 3 -13 -6 -10 1 11 11 -10 -6 8 -15 4 4 1 2 3 11 
-8 6 13 6 12 15 14 -5 11 -14 8 2 -10 15 10 11 10 -5 -13 3 
11 7 3 7 -10 3 9 6 5 1 -3 10 3 8 15 -1 8 -3 5 1 
13 9 14 8 11 4 4 12 0 11 15 0 15 -15 14 -10 10 1 12 15 
6 2 -10 13 3 10 -9 14 8 -7 10 2 7 13 0 13 13 13 14 8 
-12 7 -13 4 7 8 1 14 -11 3 -10 8 2 12 10 2 11 1 -5 -13 
14 5 8 9 6 -15 -13 7 -13 6 -7 10 1 -12 -4 1 -14 -4 15 -5 
-2 10 -2 3 -1 10 4 9 4 14 11 14 3 4 8 0 -1 5 8 11 
7 13 -14 -10 4 2 -8 2 3 3 5 12 0 9 6 13 14 -12 1 11 
30
1
14 13
5 6
0
0
