20 20
17 15 7 1 -14 11 0 0 3 6 7 -8 10 -14 17 14 9 13 -13 8 
10 17 5 8 8 7 12 14 5 -5 1 8 14 -14 3 16 -3 4 11 10 
14 2 17 12 6 5 6 8 0 -10 10 -14 14 11 -4 6 1 9 1 8 
12 -4 17 -17 -6 -11 16 4 9 -1 2 15 10 10 17 -16 10 16 10 11 
17 1 8 8 6 2 2 15 8 1 1 -9 11 -13 2 5 11 2 7 9 
17 -11 15 15 -6 1 16 14 7 4 4 -9 10 15 7 -2 16 -1 17 -5 
-3 12 14 17 1 8 10 2 -8 17 5 15 -8 -8 16 2 4 8 -16 -12 
2 9 12 7 -9 10 1 2 11 15 -3 -17 2 -8 3 1 3 10 17 -17 
14 -9 2 12 13 6 12 -7 7 0 16 16 12 4 9 -16 10 13 5 7 
-14 -5 8 7 -3 16 -3 8 12 16 16 13 13 1 0 -8 17 14 -1 10 
10 -1 14 17 -8 0 1 13 13 16 16 12 8 -3 16 -3 7 8 -5 -14 
7 5 13 10 -16 9 4 12 16 16 0 7 -7 12 6 13 12 2 -9 14 
-17 17 10 3 1 3 -8 2 -17 -3 15 11 2 1 10 -9 7 12 9 2 
-12 -16 8 4 2 16 -8 -8 15 5 17 -8 2 10 8 1 17 14 12 -3 
-5 17 -1 16 -2 7 15 10 -9 4 4 7 14 16 1 -6 15 15 -11 17 
9 7 2 11 5 2 -13 11 -9 1 1 8 15 2 2 6 8 8 1 17 
11 10 16 10 -16 17 10 10 15 2 -1 9 4 16 -11 -6 -17 17 -4 12 
8 1 9 1 6 -4 11 14 -14 10 -10 0 8 6 5 6 12 17 2 14 
10 11 4 -3 16 3 -14 14 8 1 -5 5 14 12 7 8 8 5 17 10 
8 -13 13 9 14 17 -14 10 -8 7 6 3 0 0 11 -14 1 7 15 17 
30
1
12 4
7 15
0
0
