20 20
18 8 12 19 -6 22 9 0 0 4 11 24 8 -21 -17 21 18 1 23 20 
-15 24 -13 11 14 -4 4 19 12 20 17 11 22 17 21 -7 26 13 19 22 
14 -13 19 -2 5 10 -19 26 12 3 -7 -2 20 23 14 17 10 -2 11 8 
-4 0 21 17 23 2 8 16 0 20 12 15 19 20 0 5 -12 -15 4 16 
23 -17 22 -4 20 13 19 11 13 18 8 23 19 -11 -1 -1 0 20 16 -23 
14 19 -11 15 -4 11 9 12 15 -17 -18 -2 8 22 20 -21 -3 16 9 -6 
19 20 2 2 8 17 2 -21 10 25 12 -1 -24 -26 1 19 0 17 5 6 
9 13 -9 -15 5 3 25 24 5 17 6 -26 -2 25 -8 -3 22 -25 6 -10 
9 26 1 -20 21 8 11 9 12 -23 12 23 -11 13 9 -5 23 14 25 -1 
24 -11 6 7 2 7 15 -15 2 -19 8 6 26 4 -25 19 19 -22 -13 11 
11 -13 -22 19 19 -25 4 26 6 8 -19 2 -15 15 7 2 7 6 -11 24 
-1 25 14 23 -5 9 13 -11 23 12 -23 12 9 11 8 21 -20 1 26 9 
-10 6 -25 22 -3 -8 25 -2 -26 6 17 5 24 25 3 5 -15 -9 13 9 
6 5 17 0 19 1 -26 -24 -1 12 25 10 -21 2 17 8 2 2 20 19 
-6 9 16 -3 -21 20 22 8 -2 -18 -17 15 12 9 11 -4 15 -11 19 14 
-23 16 20 0 -1 -1 -11 19 23 8 18 13 11 19 13 20 -4 22 -17 23 
16 4 -15 -12 5 0 20 19 15 12 20 0 16 8 2 23 17 21 0 -4 
8 11 -2 10 17 14 23 20 -2 -7 3 12 26 -19 10 5 -2 19 -13 14 
22 19 13 26 -7 21 17 22 11 17 20 12 19 4 -4 14 11 -13 24 -15 
20 23 1 18 21 -17 -21 8 24 11 4 0 0 9 22 -6 19 12 8 18 
30
1
0 11
19 8
0
0
