20 20
1 5 -2 4 5 8 0 8 8 2 -9 5 3 0 12 -11 -11 6 7 12 
-9 -12 -1 -11 3 11 5 12 6 6 2 6 8 10 9 2 6 -9 -7 9 
11 11 -7 -1 -10 -12 4 2 0 5 6 -2 -1 7 2 -1 10 3 4 0 
-10 3 -12 -5 9 1 -7 -1 5 -7 7 2 4 6 8 4 6 12 6 9 
3 6 -12 12 8 10 6 3 11 8 -1 5 1 10 1 9 0 1 8 7 
-11 -10 -3 9 10 5 5 7 11 9 8 5 12 0 7 7 -7 -12 10 6 
4 1 2 -12 -4 0 1 4 0 12 6 1 4 10 8 2 5 2 5 -9 
7 -12 6 3 2 5 2 10 -5 8 9 1 3 9 -11 -8 0 7 10 11 
8 -5 11 8 2 0 9 -12 -4 11 4 6 6 -6 8 1 0 12 -1 6 
3 2 -1 10 2 10 2 3 -5 7 8 3 -9 4 -2 -11 11 9 11 -3 
-3 11 9 11 -11 -2 4 -9 3 8 7 -5 3 2 10 2 10 -1 2 3 
6 -1 12 0 1 8 -6 6 6 4 11 -4 -12 9 0 2 8 11 -5 8 
11 10 7 0 -8 -11 9 3 1 9 8 -5 10 2 5 2 3 6 -12 7 
-9 5 2 5 2 8 10 4 1 6 12 0 4 1 0 -4 -12 2 1 4 
6 10 -12 -7 7 7 0 12 5 8 9 11 7 5 5 10 9 -3 -10 -11 
7 8 1 0 9 1 10 1 5 -1 8 11 3 6 10 8 12 -12 6 3 
9 6 12 6 4 8 6 4 2 7 -7 5 -1 -7 1 9 -5 -12 3 -10 
0 4 3 10 -1 2 7 -1 -2 6 5 0 2 4 -12 -10 -1 -7 11 11 
9 -7 -9 6 2 9 10 8 6 2 6 6 12 5 11 3 -11 -1 -12 -9 
12 7 6 -11 -11 12 0 3 5 -9 2 8 8 0 8 5 4 -2 5 1 
30
1
10 1
9 18
0
0
