20 20
17 3 5 -2 -17 3 8 -15 17 -18 16 -5 17 3 14 14 5 8 3 11 
15 -7 16 19 2 1 15 9 11 19 7 6 20 11 -8 11 16 -10 15 3 
3 -8 17 15 12 17 11 10 16 11 0 -10 12 5 13 8 4 10 3 6 
12 12 -12 10 -1 13 -14 1 -4 10 11 10 11 -16 19 -18 -15 16 14 -20 
3 20 -4 9 0 -9 4 11 6 -6 -18 19 9 18 11 6 8 16 -19 15 
6 4 19 20 18 10 9 -20 16 16 5 6 7 3 12 -13 2 2 -13 -7 
-10 -4 5 11 19 -3 11 6 19 11 0 1 3 5 1 -18 6 19 -18 11 
1 10 15 13 -9 15 17 14 -19 9 -10 13 -1 7 13 -2 1 -12 20 14 
18 12 7 11 -8 3 7 20 15 3 1 2 7 8 10 -1 2 -17 15 -15 
-15 -10 17 9 16 11 -4 12 -14 18 12 -17 4 -8 7 15 7 -16 -9 3 
3 -9 -16 7 15 7 -8 4 -17 12 18 -14 12 -4 11 16 9 17 -10 -15 
-15 15 -17 2 -1 10 8 7 2 1 3 15 20 7 3 -8 11 7 12 18 
14 20 -12 1 -2 13 7 -1 13 -10 9 -19 14 17 15 -9 13 15 10 1 
11 -18 19 6 -18 1 5 3 1 0 11 19 6 11 -3 19 11 5 -4 -10 
-7 -13 2 2 -13 12 3 7 6 5 16 16 -20 9 10 18 20 19 4 6 
15 -19 16 8 6 11 18 9 19 -18 -6 6 11 4 -9 0 9 -4 20 3 
-20 14 16 -15 -18 19 -16 11 10 11 10 -4 1 -14 13 -1 10 -12 12 12 
6 3 10 4 8 13 5 12 -10 0 11 16 10 11 17 12 15 17 -8 3 
3 15 -10 16 11 -8 11 20 6 7 19 11 9 15 1 2 19 16 -7 15 
11 3 8 5 14 14 3 17 -5 16 -18 17 -15 8 3 -17 -2 5 3 17 
30
1
10 3
9 16
0
0
