20 20
8 29 27 -3 8 27 19 -5 -19 22 11 5 -2 19 1 16 19 18 -15 0 
16 30 17 13 5 7 1 7 13 11 4 12 26 2 26 1 26 27 7 17 
18 3 1 4 24 19 18 -5 14 21 14 -4 7 30 8 29 20 16 27 1 
29 -16 2 -3 0 -1 3 2 -25 1 -14 28 -21 20 21 -29 16 -22 10 19 
-30 10 9 25 27 28 22 22 -17 -17 0 28 25 7 20 5 19 13 3 13 
12 24 26 27 29 -20 -7 9 17 20 21 22 0 20 4 5 18 5 23 18 
-4 14 3 20 22 21 27 21 -18 22 14 -20 -24 -7 -15 21 15 7 19 -1 
15 20 14 -8 10 4 16 30 18 17 -27 11 1 29 5 -8 -9 11 19 7 
6 -29 13 13 16 3 4 3 14 19 -18 8 -24 -23 14 9 1 28 24 -16 
5 -25 19 17 23 8 18 29 -25 3 6 22 -14 14 9 13 23 9 7 8 
8 7 9 23 13 9 14 -14 22 6 3 -25 29 18 8 23 17 19 -25 5 
-16 24 28 1 9 14 -23 -24 8 -18 19 14 3 4 3 16 13 13 -29 6 
7 19 11 -9 -8 5 29 1 11 -27 17 18 30 16 4 10 -8 14 20 15 
-1 19 7 15 21 -15 -7 -24 -20 14 22 -18 21 27 21 22 20 3 14 -4 
18 23 5 18 5 4 20 0 22 21 20 17 9 -7 -20 29 27 26 24 12 
13 3 13 19 5 20 7 25 28 0 -17 -17 22 22 28 27 25 9 10 -30 
19 10 -22 16 -29 21 20 -21 28 -14 1 -25 2 3 -1 0 -3 2 -16 29 
1 27 16 20 29 8 30 7 -4 14 21 14 -5 18 19 24 4 1 3 18 
17 7 27 26 1 26 2 26 12 4 11 13 7 1 7 5 13 17 30 16 
0 -15 18 19 16 1 19 -2 5 11 22 -19 -5 19 27 8 -3 27 29 8 
30
1
18 0
1 19
0
0
