20 20
6 2 4 -4 11 -16 13 16 7 2 0 2 -15 5 3 -15 7 -9 -14 9 
-16 16 10 5 10 11 16 11 -7 9 4 5 0 1 -16 1 3 3 14 7 
-8 -6 -14 15 -8 11 1 1 -13 12 10 -16 -14 5 15 -7 -14 7 -13 -1 
4 -6 1 9 3 2 12 -15 4 3 15 -16 -2 12 12 3 8 1 -10 4 
-8 16 8 13 15 4 7 5 2 15 -15 1 11 -10 15 15 12 1 -6 9 
4 10 10 10 11 2 2 11 4 7 -15 -7 13 12 8 9 10 9 9 3 
7 12 15 4 7 1 14 10 10 2 -14 1 12 14 7 4 9 7 8 12 
4 -8 -6 4 13 1 7 14 11 -11 11 -1 15 9 10 8 -8 14 8 13 
-2 15 13 2 7 -11 6 -4 9 -5 0 -10 2 13 1 16 7 0 13 4 
12 16 -11 1 2 0 10 12 8 9 -13 13 14 -3 6 -8 10 -7 -9 11 
11 -9 -7 10 -8 6 -3 14 13 -13 9 8 12 10 0 2 1 -11 16 12 
4 13 0 7 16 1 13 2 -10 0 -5 9 -4 6 -11 7 2 13 15 -2 
13 8 14 -8 8 10 9 15 -1 11 -11 11 14 7 1 13 4 -6 -8 4 
12 8 7 9 4 7 14 12 1 -14 2 10 10 14 1 7 4 15 12 7 
3 9 9 10 9 8 12 13 -7 -15 7 4 11 2 2 11 10 10 10 4 
9 -6 1 12 15 15 -10 11 1 -15 15 2 5 7 4 15 13 8 16 -8 
4 -10 1 8 3 12 12 -2 -16 15 3 4 -15 12 2 3 9 1 -6 4 
-1 -13 7 -14 -7 15 5 -14 -16 10 12 -13 1 1 11 -8 15 -14 -6 -8 
7 14 3 3 1 -16 1 0 5 4 9 -7 11 16 11 10 5 10 16 -16 
9 -14 -9 7 -15 3 5 -15 2 0 2 7 16 13 -16 11 -4 4 2 6 
30
1
11 7
8 12
0
0
