20 20
-1 -21 -9 3 -6 -14 15 16 12 2 3 6 20 15 -3 16 7 -3 -9 -10 
6 16 -18 6 3 15 -3 5 -15 17 -18 7 -19 15 7 15 14 -20 13 18 
-5 3 18 5 -19 16 11 -7 19 14 14 18 1 -18 17 -10 13 21 1 1 
11 -15 17 -4 21 6 -20 16 -7 4 15 12 14 3 1 10 9 -12 -9 -3 
-19 -9 -3 10 18 13 12 14 8 8 2 3 1 13 10 16 1 4 17 -13 
-3 7 -21 5 -18 7 -13 -1 11 20 2 2 6 -2 -12 15 6 19 -17 5 
21 6 2 6 6 5 3 11 10 -16 4 7 6 10 -16 16 10 -5 11 9 
19 2 3 -1 -5 8 12 -17 -10 10 -1 18 6 11 19 11 12 -6 1 20 
15 21 14 -15 -20 7 20 3 7 -4 10 2 -11 18 14 18 -11 3 -14 11 
13 -16 13 3 18 1 13 21 15 10 -7 13 18 11 9 12 2 1 19 15 
15 19 1 2 12 9 11 18 13 -7 10 15 21 13 1 18 3 13 -16 13 
11 -14 3 -11 18 14 18 -11 2 10 -4 7 3 20 7 -20 -15 14 21 15 
20 1 -6 12 11 19 11 6 18 -1 10 -10 -17 12 8 -5 -1 3 2 19 
9 11 -5 10 16 -16 10 6 7 4 -16 10 11 3 5 6 6 2 6 21 
5 -17 19 6 15 -12 -2 6 2 2 20 11 -1 -13 7 -18 5 -21 7 -3 
-13 17 4 1 16 10 13 1 3 2 8 8 14 12 13 18 10 -3 -9 -19 
-3 -9 -12 9 10 1 3 14 12 15 4 -7 16 -20 6 21 -4 17 -15 11 
1 1 21 13 -10 17 -18 1 18 14 14 19 -7 11 16 -19 5 18 3 -5 
18 13 -20 14 15 7 15 -19 7 -18 17 -15 5 -3 15 3 6 -18 16 6 
-10 -9 -3 7 16 -3 15 20 6 3 2 12 16 15 -14 -6 3 -9 -21 -1 
30
1
13 0
6 19
0
0
