20 20
5 7 22 0 7 -11 18 -6 -10 -12 9 7 13 6 5 2 18 -21 9 14 
-2 18 8 20 -1 5 22 5 -16 0 14 -8 21 17 9 8 -4 -21 -17 -7 
17 -18 18 13 -21 3 20 20 7 0 19 -8 -20 10 -11 19 1 22 18 11 
21 21 13 15 0 -18 22 -15 10 10 -13 18 -4 20 14 -14 11 4 13 13 
-9 -16 3 21 8 0 12 2 13 20 11 -16 -7 4 -19 22 12 4 7 -9 
6 12 -12 -10 14 12 3 2 4 9 12 9 4 18 15 12 10 11 1 14 
17 -11 19 6 12 19 -5 3 15 20 1 1 -20 -6 -3 20 12 19 2 -22 
14 -1 0 15 6 -18 19 -15 13 20 -6 17 6 19 2 13 7 20 6 5 
7 14 0 -18 11 -4 -18 -11 22 -18 -20 9 2 18 0 14 -3 22 -22 19 
19 10 -20 11 -5 21 4 3 15 22 19 12 10 -1 6 -9 8 19 3 15 
15 3 19 8 -9 6 -1 10 12 19 22 15 3 4 21 -5 11 -20 10 19 
19 -22 22 -3 14 0 18 2 9 -20 -18 22 -11 -18 -4 11 -18 0 14 7 
5 6 20 7 13 2 19 6 17 -6 20 13 -15 19 -18 6 15 0 -1 14 
-22 2 19 12 20 -3 -6 -20 1 1 20 15 3 -5 19 12 6 19 -11 17 
14 1 11 10 12 15 18 4 9 12 9 4 2 3 12 14 -10 -12 12 6 
-9 7 4 12 22 -19 4 -7 -16 11 20 13 2 12 0 8 21 3 -16 -9 
13 13 4 11 -14 14 20 -4 18 -13 10 10 -15 22 -18 0 15 13 21 21 
11 18 22 1 19 -11 10 -20 -8 19 0 7 20 20 3 -21 13 18 -18 17 
-7 -17 -21 -4 8 9 17 21 -8 14 0 -16 5 22 5 -1 20 8 18 -2 
14 9 -21 18 2 5 6 13 7 9 -12 -10 -6 18 -11 7 0 22 7 5 
30
1
12 19
7 0
0
0
