20 20
7 5 14 -6 13 0 8 9 5 13 19 9 2 6 8 5 -18 6 3 17 
9 11 -16 9 6 -10 18 9 10 1 -4 -6 1 -14 11 13 19 -14 19 8 
4 -9 -11 3 17 9 1 5 13 10 8 -14 1 9 -20 11 13 19 5 16 
16 17 -11 13 15 14 -19 2 8 17 4 -13 4 -18 12 18 17 3 -17 15 
11 12 20 3 8 6 -10 -1 -12 20 7 16 5 13 13 11 4 7 17 9 
-14 7 3 5 13 19 13 13 15 1 -9 4 12 10 0 7 0 -10 18 13 
-1 15 18 11 2 0 13 -13 18 -9 5 -11 2 19 -11 2 5 11 -2 10 
18 4 9 14 4 16 20 1 6 -14 15 -10 10 11 11 11 -14 16 10 13 
-16 6 12 9 19 9 9 -7 4 10 9 11 -1 -13 14 16 -13 20 -17 -16 
1 7 12 1 -11 -13 14 11 3 -1 19 15 15 3 11 1 12 0 17 5 
5 17 0 12 1 11 3 15 15 19 -1 3 11 14 -13 -11 1 12 7 1 
-16 -17 20 -13 16 14 -13 -1 11 9 10 4 -7 9 9 19 9 12 6 -16 
13 10 16 -14 11 11 11 10 -10 15 -14 6 1 20 16 4 14 9 4 18 
10 -2 11 5 2 -11 19 2 -11 5 -9 18 -13 13 0 2 11 18 15 -1 
13 18 -10 0 7 0 10 12 4 -9 1 15 13 13 19 13 5 3 7 -14 
9 17 7 4 11 13 13 5 16 7 20 -12 -1 -10 6 8 3 20 12 11 
15 -17 3 17 18 12 -18 4 -13 4 17 8 2 -19 14 15 13 -11 17 16 
16 5 19 13 11 -20 9 1 -14 8 10 13 5 1 9 17 3 -11 -9 4 
8 19 -14 19 13 11 -14 1 -6 -4 1 10 9 18 -10 6 9 -16 11 9 
17 3 6 -18 5 8 6 2 9 19 13 5 9 8 0 13 -6 14 5 7 
30
1
9 19
10 0
0
0
