20 20
-19 20 4 8 -24 6 -3 4 -22 13 19 4 18 7 28 -1 8 23 6 8 
22 0 9 28 -24 -26 24 1 9 13 13 3 -16 16 27 2 21 24 26 18 
21 -1 7 -17 18 -17 0 8 0 12 18 5 25 14 13 -13 2 -6 25 2 
-23 11 25 16 -6 24 -1 -20 14 17 1 26 10 26 -1 -14 27 13 5 -2 
26 1 10 1 28 -6 8 20 -21 7 -17 20 1 4 -4 -13 -1 26 4 19 
28 27 18 -22 13 -10 3 4 -27 -20 -1 -14 4 25 -3 2 0 -27 -18 4 
27 -22 -14 14 -10 19 20 5 2 13 -4 12 -21 18 -8 -2 16 16 28 23 
6 -5 -27 -1 23 1 21 -13 -21 7 7 21 24 20 9 3 1 1 20 16 
5 26 22 -24 -24 0 15 -17 15 25 7 16 25 20 3 27 28 16 14 -2 
-8 -20 3 -14 22 20 -23 28 17 26 23 15 14 1 -20 17 15 24 -1 -18 
-18 -1 24 15 17 -20 1 14 15 23 26 17 28 -23 20 22 -14 3 -20 -8 
-2 14 16 28 27 3 20 25 16 7 25 15 -17 15 0 -24 -24 22 26 5 
16 20 1 1 3 9 20 24 21 7 7 -21 -13 21 1 23 -1 -27 -5 6 
23 28 16 16 -2 -8 18 -21 12 -4 13 2 5 20 19 -10 14 -14 -22 27 
4 -18 -27 0 2 -3 25 4 -14 -1 -20 -27 4 3 -10 13 -22 18 27 28 
19 4 26 -1 -13 -4 4 1 20 -17 7 -21 20 8 -6 28 1 10 1 26 
-2 5 13 27 -14 -1 26 10 26 1 17 14 -20 -1 24 -6 16 25 11 -23 
2 25 -6 2 -13 13 14 25 5 18 12 0 8 0 -17 18 -17 7 -1 21 
18 26 24 21 2 27 16 -16 3 13 13 9 1 24 -26 -24 28 9 0 22 
8 6 23 8 -1 28 7 18 4 19 13 -22 4 -3 6 -24 8 4 20 -19 
30
1
9 1
10 18
0
0
