20 20
-2 1 5 -1 2 6 -1 6 6 -4 -8 4 2 3 -3 7 0 5 1 -5 
4 1 -8 9 6 10 -4 10 -4 8 -6 2 6 6 5 10 2 2 -5 7 
5 1 7 -10 -1 11 -1 4 10 11 11 -3 -9 3 7 11 7 10 10 5 
3 6 6 9 5 10 10 6 -7 -11 3 8 5 9 -5 2 2 1 -6 6 
7 10 9 8 8 0 11 10 6 -6 -11 6 3 -1 0 7 5 -4 11 8 
10 -9 -5 11 9 8 6 2 3 6 3 -7 -10 11 7 10 8 11 1 6 
-1 6 3 5 2 9 10 9 10 11 7 -3 -4 1 7 2 3 5 10 9 
0 -4 8 0 1 -5 11 11 1 7 5 -6 -4 11 11 0 4 4 9 10 
7 -6 -9 6 7 5 -5 -7 8 -8 -9 9 -2 11 8 11 5 8 8 2 
10 1 3 10 4 -7 7 7 8 11 -6 6 10 5 7 5 11 0 6 -5 
-5 6 0 11 5 7 5 10 6 -6 11 8 7 7 -7 4 10 3 1 10 
2 8 8 5 11 8 11 -2 9 -9 -8 8 -7 -5 5 7 6 -9 -6 7 
10 9 4 4 0 11 11 -4 -6 5 7 1 11 11 -5 1 0 8 -4 0 
9 10 5 3 2 7 1 -4 -3 7 11 10 9 10 9 2 5 3 6 -1 
6 1 11 8 10 7 11 -10 -7 3 6 3 2 6 8 9 11 -5 -9 10 
8 11 -4 5 7 0 -1 3 6 -11 -6 6 10 11 0 8 8 9 10 7 
6 -6 1 2 2 -5 9 5 8 3 -11 -7 6 10 10 5 9 6 6 3 
5 10 10 7 11 7 3 -9 -3 11 11 10 4 -1 11 -1 -10 7 1 5 
7 -5 2 2 10 5 6 6 2 -6 8 -4 10 -4 10 6 9 -8 1 4 
-5 1 5 0 7 -3 3 2 4 -8 -4 6 6 -1 6 2 -1 5 1 -2 
30
1
14 16
5 3
0
0
