20 20
-11 10 -25 21 20 19 -12 8 14 27 17 -21 16 4 3 24 20 -8 23 24 
15 -21 27 4 21 -24 15 14 10 -26 -21 11 7 25 4 -13 5 15 5 8 
6 -23 25 11 19 16 2 17 -17 6 10 10 8 15 7 22 17 18 16 -20 
19 17 -15 -5 6 7 0 25 13 16 26 24 12 8 -26 -6 2 20 -9 -26 
27 16 22 3 2 14 -23 24 -25 22 14 9 12 20 6 21 27 5 -1 -13 
23 15 -20 15 15 25 -22 25 26 -5 -27 22 9 25 13 26 -27 8 -27 7 
19 24 -5 2 5 22 7 -24 17 21 11 25 -26 -18 24 13 -4 -26 1 13 
18 5 27 26 -25 24 -5 19 17 15 -5 24 4 2 -5 18 -20 -4 -4 25 
9 14 -27 22 13 24 2 24 13 11 10 -12 -21 2 9 25 25 5 4 16 
-11 16 9 -6 -26 11 21 14 -23 15 15 10 13 17 24 24 17 15 14 -14 
-14 14 15 17 24 24 17 13 10 15 15 -23 14 21 11 -26 -6 9 16 -11 
16 4 5 25 25 9 2 -21 -12 10 11 13 24 2 24 13 22 -27 14 9 
25 -4 -4 -20 18 -5 2 4 24 -5 15 17 19 -5 24 -25 26 27 5 18 
13 1 -26 -4 13 24 -18 -26 25 11 21 17 -24 7 22 5 2 -5 24 19 
7 -27 8 -27 26 13 25 9 22 -27 -5 26 25 -22 25 15 15 -20 15 23 
-13 -1 5 27 21 6 20 12 9 14 22 -25 24 -23 14 2 3 22 16 27 
-26 -9 20 2 -6 -26 8 12 24 26 16 13 25 0 7 6 -5 -15 17 19 
-20 16 18 17 22 7 15 8 10 10 6 -17 17 2 16 19 11 25 -23 6 
8 5 15 5 -13 4 25 7 11 -21 -26 10 14 15 -24 21 4 27 -21 15 
24 23 -8 20 24 3 4 16 -21 17 27 14 8 -12 19 20 21 -25 10 -11 
30
1
6 18
13 1
0
0
