20 20
16 10 11 -5 19 -7 17 9 18 -6 -9 17 -5 0 -6 3 19 2 1 15 
4 6 -19 -15 9 -11 -19 12 12 -19 9 -14 12 18 -15 16 5 9 18 18 
19 2 16 12 11 18 2 14 18 17 -17 2 8 -3 -14 4 3 14 6 7 
-14 -2 12 5 19 16 9 14 14 2 2 8 18 -13 -8 1 10 17 18 16 
17 -9 -7 10 -13 4 7 7 20 -7 1 20 -13 18 -6 -14 10 -7 19 -13 
17 19 15 11 12 20 5 12 -9 -10 20 10 8 14 11 -5 6 19 6 1 
13 12 -5 6 7 13 -17 18 19 4 10 -17 19 5 3 2 11 2 -4 2 
7 -20 9 1 5 -16 8 9 -14 -15 11 0 5 11 18 -18 7 4 -9 3 
-7 -14 6 16 6 15 17 17 7 10 4 12 -9 14 10 20 -5 17 -15 3 
3 4 12 10 -7 3 17 10 18 5 -17 14 1 8 3 -5 -2 5 19 7 
7 19 5 -2 -5 3 8 1 14 -17 5 18 10 17 3 -7 10 12 4 3 
3 -15 17 -5 20 10 14 -9 12 4 10 7 17 17 15 6 16 6 -14 -7 
3 -9 4 7 -18 18 11 5 0 11 -15 -14 9 8 -16 5 1 9 -20 7 
2 -4 2 11 2 3 5 19 -17 10 4 19 18 -17 13 7 6 -5 12 13 
1 6 19 6 -5 11 14 8 10 20 -10 -9 12 5 20 12 11 15 19 17 
-13 19 -7 10 -14 -6 18 -13 20 1 -7 20 7 7 4 -13 10 -7 -9 17 
16 18 17 10 1 -8 -13 18 8 2 2 14 14 9 16 19 5 12 -2 -14 
7 6 14 3 4 -14 -3 8 2 -17 17 18 14 2 18 11 12 16 2 19 
18 18 9 5 16 -15 18 12 -14 9 -19 12 12 -19 -11 9 -15 -19 6 4 
15 1 2 19 3 -6 0 -5 17 -9 -6 18 9 17 -7 19 -5 11 10 16 
30
1
5 14
14 5
0
0
