20 20
16 16 -6 -3 7 3 8 19 17 19 7 9 0 15 8 5 17 11 5 4 
-5 8 5 6 -3 18 18 15 2 -18 16 19 18 16 14 4 14 6 12 -13 
1 11 3 7 1 19 15 7 1 -10 5 -1 1 9 7 5 19 3 -17 8 
10 13 3 15 5 7 1 -16 5 15 6 -7 -10 14 -17 14 19 1 5 18 
0 14 -16 1 13 17 -14 -17 8 2 -5 2 -17 11 14 10 7 11 7 6 
9 5 17 3 19 14 -10 16 15 1 2 6 3 3 1 6 17 -7 4 16 
4 5 16 12 -13 -16 -15 17 -14 -19 9 9 19 2 18 3 11 -16 1 12 
11 9 4 14 -13 2 15 -17 18 -7 -18 19 -11 -12 9 1 10 -17 5 11 
-8 18 18 14 -7 14 -10 -14 8 6 11 19 8 13 -2 -11 12 18 -19 1 
5 14 8 1 14 7 -5 18 17 12 0 1 4 3 10 -14 5 -11 18 10 
10 18 -11 5 -14 10 3 4 1 0 12 17 18 -5 7 14 1 8 14 5 
1 -19 18 12 -11 -2 13 8 19 11 6 8 -14 -10 14 -7 14 18 18 -8 
11 5 -17 10 1 9 -12 -11 19 -18 -7 18 -17 15 2 -13 14 4 9 11 
12 1 -16 11 3 18 2 19 9 9 -19 -14 17 -15 -16 -13 12 16 5 4 
16 4 -7 17 6 1 3 3 6 2 1 15 16 -10 14 19 3 17 5 9 
6 7 11 7 10 14 11 -17 2 -5 2 8 -17 -14 17 13 1 -16 14 0 
18 5 1 19 14 -17 14 -10 -7 6 15 5 -16 1 7 5 15 3 13 10 
8 -17 3 19 5 7 9 1 -1 5 -10 1 7 15 19 1 7 3 11 1 
-13 12 6 14 4 14 16 18 19 16 -18 2 15 18 18 -3 6 5 8 -5 
4 5 11 17 5 8 15 0 9 7 19 17 19 8 3 7 -3 -6 16 16 
30
1
14 19
5 0
0
0
