20 20
19 18 15 1 9 21 -27 11 2 10 15 20 8 17 10 0 11 26 17 9 
3 -1 21 6 1 -1 10 6 17 -25 1 8 4 -6 -12 21 4 6 25 18 
11 8 -23 5 12 6 13 7 1 7 3 -5 21 8 26 -26 -12 16 3 4 
20 20 -18 -13 -9 -2 9 26 15 20 26 -26 25 21 4 26 22 -21 26 18 
17 11 7 -3 -27 7 10 19 4 1 11 24 -3 21 4 19 24 7 9 14 
27 -10 18 9 8 -24 -18 23 -10 22 17 5 26 -24 13 26 19 15 17 23 
3 25 16 -5 0 0 8 15 22 10 25 3 4 -2 19 -4 18 4 14 14 
13 27 -26 10 -17 22 2 -8 11 -18 19 20 27 27 1 26 -23 13 -27 27 
7 26 15 1 -17 21 16 -10 18 1 0 -3 -27 8 26 -3 8 -4 13 26 
0 -4 10 17 3 -25 18 -16 14 10 -14 25 7 19 -15 9 7 9 15 23 
23 15 9 7 9 -15 19 7 25 -14 10 14 -16 18 -25 3 17 10 -4 0 
26 13 -4 8 -3 26 8 -27 -3 0 1 18 -10 16 21 -17 1 15 26 7 
27 -27 13 -23 26 1 27 27 20 19 -18 11 -8 2 22 -17 10 -26 27 13 
14 14 4 18 -4 19 -2 4 3 25 10 22 15 8 0 0 -5 16 25 3 
23 17 15 19 26 13 -24 26 5 17 22 -10 23 -18 -24 8 9 18 -10 27 
14 9 7 24 19 4 21 -3 24 11 1 4 19 10 7 -27 -3 7 11 17 
18 26 -21 22 26 4 21 25 -26 26 20 15 26 9 -2 -9 -13 -18 20 20 
4 3 16 -12 -26 26 8 21 -5 3 7 1 7 13 6 12 5 -23 8 11 
18 25 6 4 21 -12 -6 4 8 1 -25 17 6 10 -1 1 6 21 -1 3 
9 17 26 11 0 10 17 8 20 15 10 2 11 -27 21 9 1 15 18 19 
30
1
2 13
17 6
0
0
