20 20
4 -9 7 5 5 1 6 3 5 3 6 4 -9 4 -9 6 8 10 6 4 
1 2 8 9 3 3 6 10 -8 8 -3 4 -8 6 4 10 6 10 1 -3 
7 6 7 5 7 7 10 7 5 2 3 -9 7 10 4 6 2 10 3 3 
1 4 4 8 6 5 -3 0 1 8 -5 6 -7 -1 -6 5 -9 8 -1 10 
9 5 0 2 10 6 10 3 6 9 8 10 9 -5 9 -3 9 6 -3 0 
4 8 1 7 -7 -4 -6 -10 10 4 3 3 9 9 -8 10 0 10 1 9 
-4 5 3 -8 6 8 -10 -3 4 7 5 -8 -8 6 8 9 8 1 -8 0 
-6 2 7 0 -3 6 6 8 4 5 10 9 6 -1 -4 0 -3 10 8 4 
5 10 9 2 3 3 -10 4 8 -3 -10 5 9 5 -3 3 -6 -4 6 8 
2 5 -4 3 7 9 -2 7 3 6 1 8 5 6 2 7 -10 4 7 7 
7 7 4 -10 7 2 6 5 8 1 6 3 7 -2 9 7 3 -4 5 2 
8 6 -4 -6 3 -3 5 9 5 -10 -3 8 4 -10 3 3 2 9 10 5 
4 8 10 -3 0 -4 -1 6 9 10 5 4 8 6 6 -3 0 7 2 -6 
0 -8 1 8 9 8 6 -8 -8 5 7 4 -3 -10 8 6 -8 3 5 -4 
9 1 10 0 10 -8 9 9 3 3 4 10 -10 -6 -4 -7 7 1 8 4 
0 -3 6 9 -3 9 -5 9 10 8 9 6 3 10 6 10 2 0 5 9 
10 -1 8 -9 5 -6 -1 -7 6 -5 8 1 0 -3 5 6 8 4 4 1 
3 3 10 2 6 4 10 7 -9 3 2 5 7 10 7 7 5 7 6 7 
-3 1 10 6 10 4 6 -8 4 -3 8 -8 10 6 3 3 9 8 2 1 
4 6 10 8 6 -9 4 -9 4 6 3 5 3 6 1 5 5 7 -9 4 
30
1
11 7
8 12
0
0
