20 20
-12 -8 -6 16 2 25 14 -3 12 -20 10 -15 9 11 5 21 -2 -25 21 -17 
-5 -19 1 16 -10 24 0 28 -16 -12 21 6 26 0 -25 23 -6 10 -8 17 
29 29 1 2 13 6 10 13 23 1 28 -15 -18 -2 12 29 -8 11 28 -14 
24 5 2 21 -22 -18 16 21 -5 2 -15 19 23 -3 28 26 5 4 -8 25 
10 15 9 24 12 7 -13 -6 9 13 9 28 -9 5 1 9 5 21 -15 4 
4 -20 18 12 26 14 26 17 17 22 3 14 19 4 11 -8 8 23 2 9 
10 20 29 17 28 23 25 6 -11 22 12 19 28 -9 23 -4 11 8 16 -25 
-22 11 11 28 -12 16 27 16 9 5 25 6 2 16 0 9 -17 -15 4 25 
25 14 10 2 -7 -1 -26 9 26 15 12 27 4 -11 19 7 3 1 -20 13 
22 20 -26 10 -26 17 2 10 -20 -27 19 8 10 12 19 11 7 -28 9 15 
15 9 -28 7 11 19 12 10 8 19 -27 -20 10 2 17 -26 10 -26 20 22 
13 -20 1 3 7 19 -11 4 27 12 15 26 9 -26 -1 -7 2 10 14 25 
25 4 -15 -17 9 0 16 2 6 25 5 9 16 27 16 -12 28 11 11 -22 
-25 16 8 11 -4 23 -9 28 19 12 22 -11 6 25 23 28 17 29 20 10 
9 2 23 8 -8 11 4 19 14 3 22 17 17 26 14 26 12 18 -20 4 
4 -15 21 5 9 1 5 -9 28 9 13 9 -6 -13 7 12 24 9 15 10 
25 -8 4 5 26 28 -3 23 19 -15 2 -5 21 16 -18 -22 21 2 5 24 
-14 28 11 -8 29 12 -2 -18 -15 28 1 23 13 10 6 13 2 1 29 29 
17 -8 10 -6 23 -25 0 26 6 21 -12 -16 28 0 24 -10 16 1 -19 -5 
-17 21 -25 -2 21 5 11 9 -15 10 -20 12 -3 14 25 2 16 -6 -8 -12 
30
1
3 8
16 11
0
0
