20 20
18 14 15 2 18 -4 17 6 16 19 -14 3 -22 -5 10 14 13 16 -14 -13 
-2 10 -1 22 11 3 -19 1 23 23 18 11 18 23 7 9 -5 15 -5 19 
9 24 -16 21 19 2 1 21 -22 6 -6 -24 13 -24 14 13 24 9 21 1 
5 3 -10 -11 10 -6 17 11 -13 -23 7 11 -1 14 14 8 13 4 2 8 
22 -19 -13 9 20 12 9 -12 -14 10 4 8 -7 6 15 -2 -13 13 13 4 
-1 19 10 -19 0 11 18 12 14 4 5 19 -23 5 7 13 18 16 5 -4 
13 1 12 20 10 -9 -16 1 15 4 3 7 19 5 5 18 19 -24 13 6 
-2 13 7 11 -21 -2 4 4 17 -15 -9 -21 2 20 5 14 11 -17 19 8 
20 -10 17 -18 -5 4 16 2 12 6 0 7 11 -21 7 9 9 -14 20 18 
16 10 23 9 -13 14 19 18 22 20 11 6 16 21 -23 14 6 -20 18 -1 
-1 18 -20 6 14 -23 21 16 6 11 20 22 18 19 14 -13 9 23 10 16 
18 20 -14 9 9 7 -21 11 7 0 6 12 2 16 4 -5 -18 17 -10 20 
8 19 -17 11 14 5 20 2 -21 -9 -15 17 4 4 -2 -21 11 7 13 -2 
6 13 -24 19 18 5 5 19 7 3 4 15 1 -16 -9 10 20 12 1 13 
-4 5 16 18 13 7 5 -23 19 5 4 14 12 18 11 0 -19 10 19 -1 
4 13 13 -13 -2 15 6 -7 8 4 10 -14 -12 9 12 20 9 -13 -19 22 
8 2 4 13 8 14 14 -1 11 7 -23 -13 11 17 -6 10 -11 -10 3 5 
1 21 9 24 13 14 -24 13 -24 -6 6 -22 21 1 2 19 21 -16 24 9 
19 -5 15 -5 9 7 23 18 11 18 23 23 1 -19 3 11 22 -1 10 -2 
-13 -14 16 13 14 10 -5 -22 3 -14 19 16 6 17 -4 18 2 15 14 18 
30
1
6 17
13 2
0
0
