20 20
-13 2 7 7 11 -14 12 -14 12 14 0 9 4 14 -8 3 13 20 14 5 
19 0 10 16 0 18 5 -11 0 -15 13 7 6 -1 3 4 8 2 0 -14 
20 15 3 19 -17 8 -17 5 17 12 0 13 2 -1 6 -7 1 -15 -10 16 
21 13 7 11 12 12 9 15 11 -6 -8 17 -5 9 14 12 13 3 11 11 
3 19 -13 3 2 9 5 -3 13 8 -21 21 -1 17 -4 -10 18 -12 3 1 
-14 13 4 0 19 15 10 -21 20 9 7 12 -16 6 2 1 1 3 6 19 
-8 16 2 21 -4 11 8 8 9 3 4 -10 14 10 12 -11 15 18 15 18 
15 3 14 16 -11 -3 7 14 -21 20 11 -19 15 11 -19 17 8 -1 4 4 
8 21 3 -21 -4 13 -7 -3 1 -20 20 3 -8 20 4 18 11 -3 10 -15 
2 12 0 16 -12 21 -17 11 -14 10 18 -21 13 17 13 21 0 14 11 14 
14 11 14 0 21 13 17 13 -21 18 10 -14 11 -17 21 -12 16 0 12 2 
-15 10 -3 11 18 4 20 -8 3 20 -20 1 -3 -7 13 -4 -21 3 21 8 
4 4 -1 8 17 -19 11 15 -19 11 20 -21 14 7 -3 -11 16 14 3 15 
18 15 18 15 -11 12 10 14 -10 4 3 9 8 8 11 -4 21 2 16 -8 
19 6 3 1 1 2 6 -16 12 7 9 20 -21 10 15 19 0 4 13 -14 
1 3 -12 18 -10 -4 17 -1 21 -21 8 13 -3 5 9 2 3 -13 19 3 
11 11 3 13 12 14 9 -5 17 -8 -6 11 15 9 12 12 11 7 13 21 
16 -10 -15 1 -7 6 -1 2 13 0 12 17 5 -17 8 -17 19 3 15 20 
-14 0 2 8 4 3 -1 6 7 13 -15 0 -11 5 18 0 16 10 0 19 
5 14 20 13 3 -8 14 4 9 0 14 12 -14 12 -14 11 7 7 2 -13 
30
1
15 12
4 7
0
0
