20 20
-12 13 11 6 8 -5 2 -1 6 1 11 2 -8 5 6 1 13 14 -14 3 
5 1 12 -8 13 -5 9 0 12 -7 0 6 12 -9 9 -5 1 13 -1 1 
-5 -3 7 -13 10 14 -8 15 13 -14 0 -2 5 -10 3 3 3 0 4 -3 
6 7 3 11 -2 12 13 14 4 5 -9 5 9 -1 5 -3 -4 11 1 2 
4 1 -13 9 -8 13 7 15 -10 7 12 7 2 4 -1 15 14 12 -14 -10 
2 4 9 15 7 1 10 7 11 3 2 6 6 -10 -6 1 12 12 15 2 
0 2 -11 15 10 4 8 9 -6 12 -5 -1 12 14 0 0 12 5 11 -11 
3 11 -8 -1 8 8 4 -1 2 15 3 2 -7 1 2 14 13 -6 -15 7 
-10 12 -5 0 15 5 1 9 8 5 15 -5 7 -2 5 9 9 13 9 9 
6 14 7 10 13 12 6 13 0 -10 14 5 -13 0 -8 10 -13 6 6 -2 
-2 6 6 -13 10 -8 0 -13 5 14 -10 0 13 6 12 13 10 7 14 6 
9 9 13 9 9 5 -2 7 -5 15 5 8 9 1 5 15 0 -5 12 -10 
7 -15 -6 13 14 2 1 -7 2 3 15 2 -1 4 8 8 -1 -8 11 3 
-11 11 5 12 0 0 14 12 -1 -5 12 -6 9 8 4 10 15 -11 2 0 
2 15 12 12 1 -6 -10 6 6 2 3 11 7 10 1 7 15 9 4 2 
-10 -14 12 14 15 -1 4 2 7 12 7 -10 15 7 13 -8 9 -13 1 4 
2 1 11 -4 -3 5 -1 9 5 -9 5 4 14 13 12 -2 11 3 7 6 
-3 4 0 3 3 3 -10 5 -2 0 -14 13 15 -8 14 10 -13 7 -3 -5 
1 -1 13 1 -5 9 -9 12 6 0 -7 12 0 9 -5 13 -8 12 1 5 
3 -14 14 13 1 6 5 -8 2 11 1 6 -1 2 -5 8 6 11 13 -12 
30
1
3 6
16 13
0
0
