20 20
-3 1 9 6 9 -7 5 6 14 14 -3 13 -14 7 5 7 -1 -4 1 4 
3 13 11 6 15 12 -9 -11 4 12 -7 15 2 8 5 12 6 4 12 -8 
3 15 -7 10 9 -9 2 -13 -6 -8 4 3 2 3 6 5 0 10 10 8 
2 12 10 7 0 -14 0 12 -8 9 9 -1 0 3 8 5 -4 6 12 3 
2 9 2 3 13 -15 -14 14 1 15 7 6 -1 9 -6 15 10 15 10 3 
-15 -12 5 7 15 -1 -5 11 14 2 7 15 9 0 -8 13 12 11 7 10 
9 9 4 10 -2 11 -3 9 -2 15 4 -11 -8 7 -1 -4 10 10 2 8 
7 -14 4 0 -3 4 9 11 11 9 5 0 7 9 -2 3 10 -13 -15 14 
2 6 8 2 12 -11 5 0 -2 -3 -15 3 4 -6 -7 10 9 1 -14 13 
11 12 7 2 2 9 1 -2 10 6 15 6 9 12 11 12 3 -2 1 11 
11 1 -2 3 12 11 12 9 6 15 6 10 -2 1 9 2 2 7 12 11 
13 -14 1 9 10 -7 -6 4 3 -15 -3 -2 0 5 -11 12 2 8 6 2 
14 -15 -13 10 3 -2 9 7 0 5 9 11 11 9 4 -3 0 4 -14 7 
8 2 10 10 -4 -1 7 -8 -11 4 15 -2 9 -3 11 -2 10 4 9 9 
10 7 11 12 13 -8 0 9 15 7 2 14 11 -5 -1 15 7 5 -12 -15 
3 10 15 10 15 -6 9 -1 6 7 15 1 14 -14 -15 13 3 2 9 2 
3 12 6 -4 5 8 3 0 -1 9 9 -8 12 0 -14 0 7 10 12 2 
8 10 10 0 5 6 3 2 3 4 -8 -6 -13 2 -9 9 10 -7 15 3 
-8 12 4 6 12 5 8 2 15 -7 12 4 -11 -9 12 15 6 11 13 3 
4 1 -4 -1 7 5 7 -14 13 -3 14 14 6 5 -7 9 6 9 1 -3 
30
1
6 10
13 9
0
0
