20 20
-15 -14 10 20 25 21 25 9 13 12 25 7 -18 12 -15 18 19 10 5 10 
17 5 19 13 4 7 -18 5 14 18 -25 5 -2 11 16 3 5 -1 9 -5 
-11 19 20 16 -6 -14 3 19 22 13 13 -6 -17 -24 4 6 1 25 5 18 
14 3 -1 -16 -21 20 17 12 19 1 4 -19 -18 11 6 5 -19 19 17 14 
8 19 17 13 17 14 4 6 14 7 -21 0 -18 3 23 14 -13 13 12 5 
23 17 15 6 8 -22 -11 7 23 12 -15 14 4 25 15 21 1 9 -12 16 
24 14 22 9 20 7 -16 16 4 -25 23 19 -8 23 15 21 2 -25 -12 1 
24 -13 13 7 24 15 23 3 16 8 12 -14 8 5 2 17 -5 5 11 -4 
-16 25 10 10 8 13 18 8 9 13 22 14 19 14 1 1 19 -21 9 19 
17 20 1 5 10 4 -20 25 1 -10 5 22 24 -25 12 -18 19 23 -7 -19 
-19 -7 23 19 -18 12 -25 24 22 5 -10 1 25 -20 4 10 5 1 20 17 
19 9 -21 19 1 1 14 19 14 22 13 9 8 18 13 8 10 10 25 -16 
-4 11 5 -5 17 2 5 8 -14 12 8 16 3 23 15 24 7 13 -13 24 
1 -12 -25 2 21 15 23 -8 19 23 -25 4 16 -16 7 20 9 22 14 24 
16 -12 9 1 21 15 25 4 14 -15 12 23 7 -11 -22 8 6 15 17 23 
5 12 13 -13 14 23 3 -18 0 -21 7 14 6 4 14 17 13 17 19 8 
14 17 19 -19 5 6 11 -18 -19 4 1 19 12 17 20 -21 -16 -1 3 14 
18 5 25 1 6 4 -24 -17 -6 13 13 22 19 3 -14 -6 16 20 19 -11 
-5 9 -1 5 3 16 11 -2 5 -25 18 14 5 -18 7 4 13 19 5 17 
10 5 10 19 18 -15 12 -18 7 25 12 13 9 25 21 25 20 10 -14 -15 
30
1
12 2
7 17
0
0
