20 20
-15 7 -9 3 9 15 8 15 -9 3 10 13 1 -12 14 6 5 1 -9 -11 
7 10 15 -9 11 15 11 -11 2 4 2 10 7 8 12 12 -15 3 14 -4 
4 1 7 -14 9 15 11 11 6 -8 7 -14 15 -1 -10 5 14 13 13 3 
14 12 14 11 11 1 -7 6 1 13 -7 -12 -14 8 5 15 4 8 8 6 
-15 15 3 1 -12 -10 1 6 -7 12 -10 9 -3 9 11 11 -5 2 -7 12 
5 11 13 10 6 2 12 -3 9 9 -10 -9 2 11 -6 12 15 5 13 14 
-12 0 2 3 8 4 15 9 4 -15 14 9 3 1 -10 6 -7 -3 4 1 
-4 4 15 -8 13 5 12 5 5 7 -4 15 5 0 6 9 11 11 13 7 
-7 12 2 0 6 5 11 -9 5 12 8 -5 14 -2 12 13 7 3 4 0 
-12 6 15 7 5 8 2 5 9 14 12 3 7 -3 0 -3 5 3 12 8 
8 12 3 5 -3 0 -3 7 3 12 14 9 5 2 8 5 7 15 6 -12 
0 4 3 7 13 12 -2 14 -5 8 12 5 -9 11 5 6 0 2 12 -7 
7 13 11 11 9 6 0 5 15 -4 7 5 5 12 5 13 -8 15 4 -4 
1 4 -3 -7 6 -10 1 3 9 14 -15 4 9 15 4 8 3 2 0 -12 
14 13 5 15 12 -6 11 2 -9 -10 9 9 -3 12 2 6 10 13 11 5 
12 -7 2 -5 11 11 9 -3 9 -10 12 -7 6 1 -10 -12 1 3 15 -15 
6 8 8 4 15 5 8 -14 -12 -7 13 1 6 -7 1 11 11 14 12 14 
3 13 13 14 5 -10 -1 15 -14 7 -8 6 11 11 15 9 -14 7 1 4 
-4 14 3 -15 12 12 8 7 10 2 4 2 -11 11 15 11 -9 15 10 7 
-11 -9 1 5 6 14 -12 1 13 10 3 -9 15 8 15 9 3 -9 7 -15 
30
1
5 6
14 13
0
0
