20 20
22 25 6 4 11 14 3 4 3 2 -20 23 10 3 21 -24 15 14 4 8 
5 -20 20 -1 1 21 25 13 8 6 21 15 5 4 21 -19 1 -7 5 7 
21 24 4 16 20 15 13 -13 -15 6 -7 -18 -18 19 -24 -11 14 15 -13 10 
-4 -4 5 -8 1 -21 23 0 17 -17 7 24 4 -9 23 20 7 12 7 20 
19 4 11 4 25 5 6 4 17 1 17 22 -7 5 -9 21 -3 -17 -1 22 
-10 19 -2 8 15 13 2 -14 17 3 11 25 10 20 19 21 -15 -18 6 8 
0 6 12 -17 15 4 11 17 16 12 11 20 5 -3 11 10 7 24 22 11 
12 21 -14 0 -2 2 9 15 23 22 14 23 7 11 5 16 15 -8 25 -25 
25 9 20 -17 -10 20 7 19 13 19 22 -3 20 16 14 11 17 -23 20 5 
7 -9 -24 5 10 15 10 12 -22 1 8 -14 17 -8 20 18 12 -3 10 20 
20 10 -3 12 18 20 -8 17 -14 8 1 -22 12 10 15 10 5 -24 -9 7 
5 20 -23 17 11 14 16 20 -3 22 19 13 19 7 20 -10 -17 20 9 25 
-25 25 -8 15 16 5 11 7 23 14 22 23 15 9 2 -2 0 -14 21 12 
11 22 24 7 10 11 -3 5 20 11 12 16 17 11 4 15 -17 12 6 0 
8 6 -18 -15 21 19 20 10 25 11 3 17 -14 2 13 15 8 -2 19 -10 
22 -1 -17 -3 21 -9 5 -7 22 17 1 17 4 6 5 25 4 11 4 19 
20 7 12 7 20 23 -9 4 24 7 -17 17 0 23 -21 1 -8 5 -4 -4 
10 -13 15 14 -11 -24 19 -18 -18 -7 6 -15 -13 13 15 20 16 4 24 21 
7 5 -7 1 -19 21 4 5 15 21 6 8 13 25 21 1 -1 20 -20 5 
8 4 14 15 -24 21 3 10 23 -20 2 3 4 3 14 11 4 6 25 22 
30
1
13 15
6 4
0
0
