20 20
6 1 11 13 13 13 -2 6 15 8 16 1 -16 18 -17 1 -13 12 18 1 
-4 4 1 16 19 2 12 1 2 16 -2 4 18 -11 17 1 0 14 1 7 
-15 -4 10 -9 7 3 8 10 18 12 8 -16 12 12 4 10 -13 19 6 12 
-2 -9 16 -4 6 5 -8 -19 11 -15 -7 15 3 -13 18 -2 -15 3 5 -16 
14 -19 8 17 8 19 14 0 14 5 -13 -4 6 9 1 -17 3 18 12 15 
10 19 -1 8 -3 -11 7 17 6 2 0 8 3 16 -8 8 6 6 19 2 
1 14 7 2 -8 13 14 -14 17 19 3 2 -14 6 14 -8 16 2 -13 4 
-19 2 1 16 2 8 8 -12 14 5 -15 13 -16 10 18 17 16 12 11 -4 
-18 0 3 17 11 15 8 10 11 6 12 7 9 18 -9 6 3 13 0 -12 
12 1 19 -3 6 18 -8 9 -1 19 10 14 11 -17 13 -19 -12 9 6 7 
7 6 9 -12 -19 13 -17 11 14 10 19 -1 9 -8 18 6 -3 19 1 12 
-12 0 13 3 6 -9 18 9 7 12 6 11 10 8 15 11 17 3 0 -18 
-4 11 12 16 17 18 10 -16 13 -15 5 14 -12 8 8 2 16 1 2 -19 
4 -13 2 16 -8 14 6 -14 2 3 19 17 -14 14 13 -8 2 7 14 1 
2 19 6 6 8 -8 16 3 8 0 2 6 17 7 -11 -3 8 -1 19 10 
15 12 18 3 -17 1 9 6 -4 -13 5 14 0 14 19 8 17 8 -19 14 
-16 5 3 -15 -2 18 -13 3 15 -7 -15 11 -19 -8 5 6 -4 16 -9 -2 
12 6 19 -13 10 4 12 12 -16 8 12 18 10 8 3 7 -9 10 -4 -15 
7 1 14 0 1 17 -11 18 4 -2 16 2 1 12 2 19 16 1 4 -4 
1 18 12 -13 1 -17 18 -16 1 16 8 15 6 -2 13 13 13 11 1 6 
30
1
8 10
11 9
0
0
