20 20
3 -8 7 13 3 7 -1 1 5 13 12 11 14 17 17 19 9 -3 -11 1 
6 14 -8 8 -1 14 17 -12 17 17 1 18 13 -9 6 1 -4 -12 -3 -8 
5 2 11 -9 5 2 14 19 9 19 9 12 -14 1 4 18 1 8 5 17 
-10 -3 15 14 10 17 9 15 5 3 6 8 17 11 -10 3 18 19 13 18 
6 7 9 14 1 16 -17 12 7 18 14 1 16 19 7 1 4 -19 13 4 
11 8 3 12 -15 8 6 -7 12 10 14 -9 19 1 11 17 3 7 15 15 
-9 14 17 13 13 8 14 0 18 10 12 18 11 14 3 1 6 -13 12 17 
15 -10 5 18 4 6 -2 2 -16 11 -6 16 14 10 -10 11 7 -1 0 13 
-16 -8 3 12 4 18 13 -19 12 -1 13 5 7 9 1 7 -18 14 -7 16 
-12 7 3 1 6 5 17 -8 11 16 -4 -5 2 4 17 17 16 11 -14 8 
8 -14 11 16 17 17 4 2 -5 -4 16 11 -8 17 5 6 1 3 7 -12 
16 -7 14 -18 7 1 9 7 5 13 -1 12 -19 13 18 4 12 3 -8 -16 
13 0 -1 7 11 -10 10 14 16 -6 11 -16 2 -2 6 4 18 5 -10 15 
17 12 -13 6 1 3 14 11 18 12 10 18 0 14 8 13 13 17 14 -9 
15 15 7 3 17 11 1 19 -9 14 10 12 -7 6 8 -15 12 3 8 11 
4 13 -19 4 1 7 19 16 1 14 18 7 12 -17 16 1 14 9 7 6 
18 13 19 18 3 -10 11 17 8 6 3 5 15 9 17 10 14 15 -3 -10 
17 5 8 1 18 4 1 -14 12 9 19 9 19 14 2 5 -9 11 2 5 
-8 -3 -12 -4 1 6 -9 13 18 1 17 17 -12 17 14 -1 8 -8 14 6 
1 -11 -3 9 19 17 17 14 11 12 13 5 1 -1 7 3 13 7 -8 3 
30
1
14 10
5 9
0
0
