20 20
17 20 -10 19 11 -2 20 26 21 -15 -9 -11 21 -16 13 6 12 21 6 17 
15 14 26 19 -25 18 16 1 27 -2 -15 26 18 -9 16 1 -5 17 24 11 
6 28 21 13 6 23 10 24 20 3 26 3 25 17 -13 -9 -16 -26 -25 14 
12 5 2 6 -24 -9 25 23 6 12 -25 3 18 11 23 1 14 2 6 13 
14 10 -14 5 5 3 -13 16 14 28 0 22 2 4 -17 7 19 -25 -9 21 
0 2 24 -17 -17 10 12 24 25 -7 4 11 1 11 22 16 13 14 10 13 
8 7 22 0 28 11 14 11 25 9 -20 10 8 5 9 -5 7 9 25 9 
11 -17 26 23 21 13 -11 4 24 9 -14 5 17 17 -20 8 3 21 -12 17 
28 12 28 0 6 22 7 -24 2 12 7 4 15 2 -10 5 -14 -7 19 8 
14 3 28 23 17 17 11 24 21 16 23 -3 -5 -12 2 -11 5 3 -26 -22 
-22 -26 3 5 -11 2 -12 -5 -3 23 16 21 24 11 17 17 23 28 3 14 
8 19 -7 -14 5 -10 2 15 4 7 12 2 -24 7 22 6 0 28 12 28 
17 -12 21 3 8 -20 17 17 5 -14 9 24 4 -11 13 21 23 26 -17 11 
9 25 9 7 -5 9 5 8 10 -20 9 25 11 14 11 28 0 22 7 8 
13 10 14 13 16 22 11 1 11 4 -7 25 24 12 10 -17 -17 24 2 0 
21 -9 -25 19 7 -17 4 2 22 0 28 14 16 -13 3 5 5 -14 10 14 
13 6 2 14 1 23 11 18 3 -25 12 6 23 25 -9 -24 6 2 5 12 
14 -25 -26 -16 -9 -13 17 25 3 26 3 20 24 10 23 6 13 21 28 6 
11 24 17 -5 1 16 -9 18 26 -15 -2 27 1 16 18 -25 19 26 14 15 
17 6 21 12 6 13 -16 21 -11 -9 -15 21 26 20 -2 11 19 -10 20 17 
30
1
13 6
6 13
0
0
