20 20
-6 4 11 -3 -3 7 8 7 8 1 1 -1 11 -11 3 6 2 9 8 -8 
-11 11 1 2 10 4 10 9 5 8 -9 7 3 -2 9 9 0 4 1 10 
-1 1 4 11 -9 2 10 11 -10 5 6 3 -9 8 9 6 -6 -8 6 5 
-10 10 3 0 7 10 -7 9 2 -1 -2 7 3 7 1 2 6 4 -7 -7 
7 11 4 1 -2 2 -7 9 10 7 9 -2 5 9 1 2 -5 5 7 1 
6 6 8 4 10 -1 -9 2 10 7 11 8 3 1 -5 11 11 -3 2 5 
5 4 -1 -9 0 8 1 -10 6 2 -7 2 2 10 8 5 10 8 9 -5 
-6 -3 5 -8 -2 6 0 8 4 4 6 -4 11 1 1 -8 4 7 -9 3 
-1 -10 6 0 -1 -1 3 6 1 4 -7 7 6 10 9 11 -9 4 -8 8 
-1 -4 6 -5 1 3 -8 6 -7 5 1 10 7 4 10 4 1 3 -8 -3 
-3 -8 3 1 4 10 4 7 10 1 5 -7 6 -8 3 1 -5 6 -4 -1 
8 -8 4 -9 11 9 10 6 7 -7 4 1 6 3 -1 -1 0 6 -10 -1 
3 -9 7 4 -8 1 1 11 -4 6 4 4 8 0 6 -2 -8 5 -3 -6 
-5 9 8 10 5 8 10 2 2 -7 2 6 -10 1 8 0 -9 -1 4 5 
5 2 -3 11 11 -5 1 3 8 11 7 10 2 -9 -1 10 4 8 6 6 
1 7 5 -5 2 1 9 5 -2 9 7 10 9 -7 2 -2 1 4 11 7 
-7 -7 4 6 2 1 7 3 7 -2 -1 2 9 -7 10 7 0 3 10 -10 
5 6 -8 -6 6 9 8 -9 3 6 5 -10 11 10 2 -9 11 4 1 -1 
10 1 4 0 9 9 -2 3 7 -9 8 5 9 10 4 10 2 1 11 -11 
-8 8 9 2 6 3 -11 11 -1 1 1 8 7 8 7 -3 -3 11 4 -6 
30
1
11 9
8 10
0
0
