20 20
3 14 10 12 -11 0 3 -8 -10 -3 -15 1 -15 -7 13 -10 9 11 -2 -3 
5 8 10 0 0 11 12 13 -6 0 4 7 7 12 0 1 3 4 7 -14 
15 13 1 -1 14 -4 12 -10 3 12 10 10 14 9 2 10 4 -7 4 12 
6 14 7 -9 15 14 2 13 12 0 -11 1 14 14 14 3 6 -14 11 -2 
4 9 -8 2 9 7 -10 -10 8 9 8 5 14 11 10 5 -7 8 4 10 
1 -6 6 1 -12 11 14 -14 10 4 -4 12 -1 7 -3 -14 4 -7 -12 10 
15 4 13 5 -10 -11 11 -5 -4 9 14 1 10 3 -14 6 -8 8 -7 13 
3 -3 4 15 8 15 10 11 -11 9 4 2 -3 12 4 15 6 5 8 2 
1 1 -2 12 5 -12 6 -14 11 6 -2 10 15 -5 12 1 -6 2 8 9 
3 10 5 -2 11 1 -6 12 6 -4 9 9 6 4 7 6 -4 15 15 9 
9 15 15 -4 6 7 4 6 9 9 -4 6 12 -6 1 11 -2 5 10 3 
9 8 2 -6 1 12 -5 15 10 -2 6 11 -14 6 -12 5 12 -2 1 1 
2 8 5 6 15 4 12 -3 2 4 9 -11 11 10 15 8 15 4 -3 3 
13 -7 8 -8 6 -14 3 10 1 14 9 -4 -5 11 -11 -10 5 13 4 15 
10 -12 -7 4 -14 -3 7 -1 12 -4 4 10 -14 14 11 -12 1 6 -6 1 
10 4 8 -7 5 10 11 14 5 8 9 8 -10 -10 7 9 2 -8 9 4 
-2 11 -14 6 3 14 14 14 1 -11 0 12 13 2 14 15 -9 7 14 6 
12 4 -7 4 10 2 9 14 10 10 12 3 -10 12 -4 14 -1 1 13 15 
-14 7 4 3 1 0 12 7 7 4 0 -6 13 12 11 0 0 10 8 5 
-3 -2 11 9 -10 13 -7 -15 1 -15 -3 -10 -8 3 0 -11 12 10 14 3 
30
1
5 7
14 12
0
0
