20 20
1 -1 2 -17 15 -14 -4 -13 6 11 3 -8 5 13 5 14 16 -1 11 8 
13 7 -6 5 6 2 9 6 17 17 5 2 17 9 8 6 6 9 6 17 
5 16 4 -7 11 2 -8 5 4 8 15 -12 12 13 7 -7 5 2 6 16 
7 12 -8 13 3 4 -11 -8 14 -6 -15 -2 -6 -15 9 13 4 15 12 3 
17 17 3 1 -8 3 2 15 9 -1 12 7 2 4 15 1 -9 -14 -5 -13 
13 10 -8 -1 -13 16 14 9 11 16 17 17 -16 -8 15 12 4 6 7 1 
4 -10 8 0 13 1 5 -16 16 4 12 -15 12 13 11 15 13 1 8 6 
-16 2 8 17 -12 13 -12 1 -2 6 17 6 -10 -1 9 -16 6 2 11 1 
-11 4 0 7 6 15 -12 16 15 -10 0 -3 -1 2 1 -11 12 15 2 4 
4 16 15 2 13 12 11 4 2 6 -11 11 4 10 1 11 9 6 16 14 
14 16 6 9 11 1 10 4 11 -11 6 2 4 11 12 13 2 15 16 4 
4 2 15 12 -11 1 2 -1 -3 0 -10 15 16 -12 15 6 7 0 4 -11 
1 11 2 6 -16 9 -1 -10 6 17 6 -2 1 -12 13 -12 17 8 2 -16 
6 8 1 13 15 11 13 12 -15 12 4 16 -16 5 1 13 0 8 -10 4 
1 7 6 4 12 15 -8 -16 17 17 16 11 9 14 16 -13 -1 -8 10 13 
-13 -5 -14 -9 1 15 4 2 7 12 -1 9 15 2 3 -8 1 3 17 17 
3 12 15 4 13 9 -15 -6 -2 -15 -6 14 -8 -11 4 3 13 -8 12 7 
16 6 2 5 -7 7 13 12 -12 15 8 4 5 -8 2 11 -7 4 16 5 
17 6 9 6 6 8 9 17 2 5 17 17 6 9 2 6 5 -6 7 13 
8 11 -1 16 14 5 13 5 -8 3 11 6 -13 -4 -14 15 -17 2 -1 1 
30
1
1 4
18 15
0
0
