20 20
14 2 11 0 -7 27 -26 19 7 11 -15 7 22 30 4 -1 19 -12 15 -2 
3 0 25 29 29 15 16 10 24 30 22 14 1 4 28 -26 27 23 -22 -6 
-1 -15 21 29 -30 -28 11 6 -14 16 1 11 20 15 8 -20 17 16 8 29 
26 -16 -21 28 -17 20 19 11 6 -14 -14 -28 11 8 2 -17 29 -1 13 13 
20 -25 -1 -4 -15 28 -9 2 29 -13 25 16 16 18 22 15 5 4 19 27 
28 8 28 20 2 15 -8 28 4 -9 30 3 -17 0 -20 5 15 12 18 7 
-1 5 4 -8 14 7 14 5 11 25 1 -16 6 6 16 8 13 -19 -13 -12 
16 2 25 19 25 6 20 10 -28 8 21 26 26 9 19 9 1 -24 22 24 
-18 18 -24 11 -13 23 14 8 27 3 -16 -7 2 -24 4 -11 29 22 3 25 
9 -18 -21 30 11 19 23 -12 -23 15 14 27 25 6 8 30 30 11 12 6 
6 12 11 30 30 8 6 25 27 14 15 -23 -12 23 19 11 30 -21 -18 9 
25 3 22 29 -11 4 -24 2 -7 -16 3 27 8 14 23 -13 11 -24 18 -18 
24 22 -24 1 9 19 9 26 26 21 8 -28 10 20 6 25 19 25 2 16 
-12 -13 -19 13 8 16 6 6 -16 1 25 11 5 14 7 14 -8 4 5 -1 
7 18 12 15 5 -20 0 -17 3 30 -9 4 28 -8 15 2 20 28 8 28 
27 19 4 5 15 22 18 16 16 25 -13 29 2 -9 28 -15 -4 -1 -25 20 
13 13 -1 29 -17 2 8 11 -28 -14 -14 6 11 19 20 -17 28 -21 -16 26 
29 8 16 17 -20 8 15 20 11 1 16 -14 6 11 -28 -30 29 21 -15 -1 
-6 -22 23 27 -26 28 4 1 14 22 30 24 10 16 15 29 29 25 0 3 
-2 15 -12 19 -1 4 30 22 7 -15 11 7 19 -26 27 -7 0 11 2 14 
30
1
10 2
9 17
0
0
