20 20
1 10 7 28 11 13 13 -19 3 3 3 3 2 0 25 10 5 9 -7 17 
25 -23 -21 3 19 26 15 11 10 7 9 28 26 -5 -2 16 -24 18 27 17 
14 2 11 1 19 21 21 2 5 28 13 19 10 11 22 1 26 10 -9 7 
19 10 28 5 -11 8 -2 20 26 17 15 -3 16 12 20 5 -13 5 10 -26 
10 14 21 14 6 16 -11 16 21 14 15 15 27 -26 3 16 10 22 14 0 
22 -15 7 -22 19 -10 15 17 20 8 27 -25 3 -10 17 5 22 2 0 -24 
15 13 12 7 15 -19 27 -5 -3 -3 10 23 19 8 1 21 10 -11 -25 24 
9 -19 18 12 -12 2 25 25 20 21 8 9 9 3 28 -21 1 7 15 6 
24 11 19 -7 3 20 15 22 -24 7 4 25 -4 24 5 -2 21 3 8 28 
13 -13 2 25 28 23 9 22 1 -3 -10 -14 27 19 19 -6 27 9 -11 0 
0 -11 9 27 -6 19 19 27 -14 -10 -3 1 22 9 23 28 25 2 -13 13 
28 8 3 21 -2 5 24 -4 25 4 7 -24 22 15 20 3 -7 19 11 24 
6 15 7 1 -21 28 3 9 9 8 21 20 25 25 2 -12 12 18 -19 9 
24 -25 -11 10 21 1 8 19 23 10 -3 -3 -5 27 -19 15 7 12 13 15 
-24 0 2 22 5 17 -10 3 -25 27 8 20 17 15 -10 19 -22 7 -15 22 
0 14 22 10 16 3 -26 27 15 15 14 21 16 -11 16 6 14 21 14 10 
-26 10 5 -13 5 20 12 16 -3 15 17 26 20 -2 8 -11 5 28 10 19 
7 -9 10 26 1 22 11 10 19 13 28 5 2 21 21 19 1 11 2 14 
17 27 18 -24 16 -2 -5 26 28 9 7 10 11 15 26 19 3 -21 -23 25 
17 -7 9 5 10 25 0 2 3 3 3 3 -19 13 13 11 28 7 10 1 
30
1
11 2
8 17
0
0
