20 20
1 2 2 16 -27 -4 -2 7 4 -7 27 21 19 -8 -6 3 16 -18 -13 26 
10 21 13 21 -10 3 10 0 12 7 -3 6 8 2 16 15 -16 -8 26 3 
4 12 11 19 14 1 26 14 8 -1 -19 13 1 19 26 12 25 9 -3 -20 
7 4 27 27 -22 -19 0 11 9 -8 11 -14 18 1 21 23 22 10 12 -20 
11 4 11 27 18 6 -5 -6 14 22 2 22 11 18 22 -18 5 -1 9 16 
17 14 25 2 25 -24 14 6 2 11 9 4 -7 13 16 -8 7 0 13 26 
27 -3 1 8 10 6 -15 -5 19 25 3 -21 9 -2 -23 20 23 20 -9 -23 
3 4 16 3 25 15 -24 11 17 -14 18 0 9 -22 17 23 12 1 24 13 
5 12 1 16 3 26 21 18 -11 13 13 4 16 6 10 2 7 -23 12 18 
6 18 19 23 4 6 21 2 -9 6 11 -2 6 25 1 2 -4 -3 27 24 
24 27 -3 -4 2 1 25 6 -2 11 6 -9 2 21 6 4 23 19 18 6 
18 12 -23 7 2 10 6 16 4 13 13 -11 18 21 26 3 16 1 12 5 
13 24 1 12 23 17 -22 9 0 18 -14 17 11 -24 15 25 3 16 4 3 
-23 -9 20 23 20 -23 -2 9 -21 3 25 19 -5 -15 6 10 8 1 -3 27 
26 13 0 7 -8 16 13 -7 4 9 11 2 6 14 -24 25 2 25 14 17 
16 9 -1 5 -18 22 18 11 22 2 22 14 -6 -5 6 18 27 11 4 11 
-20 12 10 22 23 21 1 18 -14 11 -8 9 11 0 -19 -22 27 27 4 7 
-20 -3 9 25 12 26 19 1 13 -19 -1 8 14 26 1 14 19 11 12 4 
3 26 -8 -16 15 16 2 8 6 -3 7 12 0 10 3 -10 21 13 21 10 
26 -13 -18 16 3 -6 -8 19 21 27 -7 4 7 -2 -4 -27 16 2 2 1 
30
1
12 10
7 9
0
0
