20 20
18 21 -17 6 15 15 0 -23 16 -12 11 21 -10 10 21 17 -4 10 2 21 
-19 23 -21 5 14 17 18 3 16 19 -23 -21 3 6 -6 9 9 23 8 12 
4 21 14 17 17 -2 -11 6 4 16 14 17 7 7 -4 5 18 21 23 5 
16 9 16 -2 2 22 20 14 18 6 6 20 15 4 -2 -19 -3 18 0 -4 
2 -21 14 -17 -11 -23 22 19 5 -23 17 6 6 3 17 3 4 -7 12 -22 
1 -14 -16 17 3 16 12 14 -19 19 6 3 0 -7 6 -6 23 3 19 20 
19 14 19 -16 6 15 17 19 -8 10 3 17 12 14 21 9 -17 -16 8 -11 
-12 7 21 19 17 -20 21 4 21 9 -13 16 -20 3 2 7 2 17 9 20 
12 11 -13 -11 4 12 19 -2 -20 8 -7 17 12 0 12 6 16 -6 21 22 
-3 18 19 -14 -7 -8 -2 9 16 8 -2 -22 -3 8 22 -19 7 15 11 18 
18 11 15 7 -19 22 8 -3 -22 -2 8 16 9 -2 -8 -7 -14 19 18 -3 
22 21 -6 16 6 12 0 12 17 -7 8 -20 -2 19 12 4 -11 -13 11 12 
20 9 17 2 7 2 3 -20 16 -13 9 21 4 21 -20 17 19 21 7 -12 
-11 8 -16 -17 9 21 14 12 17 3 10 -8 19 17 15 6 -16 19 14 19 
20 19 3 23 -6 6 -7 0 3 6 19 -19 14 12 16 3 17 -16 -14 1 
-22 12 -7 4 3 17 3 6 6 17 -23 5 19 22 -23 -11 -17 14 -21 2 
-4 0 18 -3 -19 -2 4 15 20 6 6 18 14 20 22 2 -2 16 9 16 
5 23 21 18 5 -4 7 7 17 14 16 4 6 -11 -2 17 17 14 21 4 
12 8 23 9 9 -6 6 3 -21 -23 19 16 3 18 17 14 5 -21 23 -19 
21 2 10 -4 17 21 10 -10 21 11 -12 16 -23 0 15 15 6 -17 21 18 
30
1
2 4
17 15
0
0
