20 20
23 -29 -1 1 -9 24 15 -23 16 25 7 29 19 7 12 6 11 18 4 5 
-5 -20 -20 23 17 14 26 16 8 18 10 28 5 6 -3 28 19 5 -16 6 
29 19 23 18 -26 25 24 15 12 -14 27 -13 24 10 8 9 24 10 -2 7 
4 9 -12 8 23 17 1 22 11 -8 3 7 8 14 1 19 28 -13 10 4 
-20 24 -8 14 13 -18 16 3 -4 -23 20 16 -18 16 1 27 -28 5 3 -9 
29 27 12 16 -18 -13 2 23 29 25 1 1 15 1 13 8 1 21 4 14 
9 19 14 -29 4 9 28 4 2 3 28 -15 12 8 2 -2 13 28 -14 -21 
28 26 28 -22 -27 27 19 21 28 4 6 10 17 -21 8 16 26 -25 26 -19 
23 4 24 -24 15 4 18 4 22 25 -12 11 -7 27 2 11 2 -16 8 11 
13 22 29 5 0 25 22 26 -12 -23 16 -11 3 -10 9 12 10 21 22 1 
1 22 21 10 12 9 -10 3 -11 16 -23 -12 26 22 25 0 5 29 22 13 
11 8 -16 2 11 2 27 -7 11 -12 25 22 4 18 4 15 -24 24 4 23 
-19 26 -25 26 16 8 -21 17 10 6 4 28 21 19 27 -27 -22 28 26 28 
-21 -14 28 13 -2 2 8 12 -15 28 3 2 4 28 9 4 -29 14 19 9 
14 4 21 1 8 13 1 15 1 1 25 29 23 2 -13 -18 16 12 27 29 
-9 3 5 -28 27 1 16 -18 16 20 -23 -4 3 16 -18 13 14 -8 24 -20 
4 10 -13 28 19 1 14 8 7 3 -8 11 22 1 17 23 8 -12 9 4 
7 -2 10 24 9 8 10 24 -13 27 -14 12 15 24 25 -26 18 23 19 29 
6 -16 5 19 28 -3 6 5 28 10 18 8 16 26 14 17 23 -20 -20 -5 
5 4 18 11 6 12 7 19 29 7 25 16 -23 15 24 -9 1 -1 -29 23 
30
1
0 12
19 7
0
0
