20 20
3 7 11 7 5 5 10 -5 10 10 11 7 -6 2 8 9 -10 0 6 1 
-8 -8 10 11 2 8 5 9 7 4 6 6 10 2 -3 0 4 6 0 6 
12 4 -4 12 2 2 10 2 -4 8 2 5 5 6 -8 6 7 -3 -10 6 
1 12 -11 4 7 11 2 2 8 6 -4 4 4 -9 -9 -7 2 11 9 -9 
10 3 -1 6 12 -9 5 1 8 4 -10 4 11 9 4 -8 -10 -3 1 1 
-6 3 8 1 5 9 8 9 8 -11 5 -3 -1 0 -10 8 11 -10 -12 10 
-5 5 8 0 11 5 3 11 7 -7 -4 -10 -7 5 1 -1 0 4 11 2 
9 -2 -2 9 10 -9 -1 -4 -3 4 -5 -7 3 11 1 8 -8 -11 7 -8 
11 -10 4 9 -5 8 5 -3 4 1 8 4 5 -3 6 2 2 11 -12 10 
-2 1 -7 1 1 1 -9 8 -3 -10 11 7 2 10 3 2 1 6 8 7 
7 8 6 1 2 3 10 2 7 11 -10 -3 8 -9 1 1 1 -7 1 -2 
10 -12 11 2 2 6 -3 5 4 8 1 4 -3 5 8 -5 9 4 -10 11 
-8 7 -11 -8 8 1 11 3 -7 -5 4 -3 -4 -1 -9 10 9 -2 -2 9 
2 11 4 0 -1 1 5 -7 -10 -4 -7 7 11 3 5 11 0 8 5 -5 
10 -12 -10 11 8 -10 0 -1 -3 5 -11 8 9 8 9 5 1 8 3 -6 
1 1 -3 -10 -8 4 9 11 4 -10 4 8 1 5 -9 12 6 -1 3 10 
-9 9 11 2 -7 -9 -9 4 4 -4 6 8 2 2 11 7 4 -11 12 1 
6 -10 -3 7 6 -8 6 5 5 2 8 -4 2 10 2 2 12 -4 4 12 
6 0 6 4 0 -3 2 10 6 6 4 7 9 5 8 2 11 10 -8 -8 
1 6 0 -10 9 8 2 -6 7 11 10 10 -5 10 5 5 7 11 7 3 
30
1
5 12
14 7
0
0
