20 20
15 -7 12 -12 10 11 16 -4 15 15 15 15 4 15 2 0 16 5 -1 -9 
6 -16 5 4 14 11 7 -10 1 -2 12 0 14 -10 10 16 -14 15 3 -4 
13 11 7 10 8 10 8 2 1 10 10 -16 14 11 13 3 14 1 -15 2 
7 1 16 13 1 -12 0 -5 5 2 -9 4 1 4 9 -14 10 -10 -9 -5 
-5 6 10 13 11 6 14 2 6 14 12 15 16 10 10 6 -4 10 16 11 
-12 12 7 -7 11 16 16 3 5 12 12 -5 1 14 5 14 15 11 5 -7 
14 4 16 8 5 2 13 -13 5 6 11 7 -13 13 11 4 2 3 14 3 
11 1 9 -2 8 7 13 1 8 12 8 4 7 6 16 15 2 -2 -15 7 
-2 2 -12 6 3 2 -8 0 12 -1 11 15 12 -10 2 10 -4 11 -10 3 
5 -8 -2 12 2 8 0 10 5 15 1 12 3 -10 15 1 14 1 9 3 
3 9 1 14 1 15 -10 3 12 1 15 5 10 0 8 2 12 -2 -8 5 
3 -10 11 -4 10 2 -10 12 15 11 -1 12 0 -8 2 3 6 -12 2 -2 
7 -15 -2 2 15 16 6 7 4 8 12 8 1 13 7 8 -2 9 1 11 
3 14 3 2 4 11 13 -13 7 11 6 5 -13 13 2 5 8 16 4 14 
-7 5 11 15 14 5 14 1 -5 12 12 5 3 16 16 11 -7 7 12 -12 
11 16 10 -4 6 10 10 16 15 12 14 6 2 14 6 11 13 10 6 -5 
-5 -9 -10 10 -14 9 4 1 4 -9 2 5 -5 0 -12 1 13 16 1 7 
2 -15 1 14 3 13 11 14 -16 10 10 1 2 8 10 8 10 7 11 13 
-4 3 15 -14 16 10 -10 14 0 12 -2 1 -10 7 11 14 4 5 -16 6 
-9 -1 5 16 0 2 15 4 15 15 15 15 -4 16 11 10 -12 12 -7 15 
30
1
1 6
18 13
0
0
