20 20
-18 12 -20 -4 -1 -2 8 19 17 4 1 4 5 0 2 13 12 8 17 21 
-14 16 6 7 21 -20 20 21 9 -7 3 0 6 1 5 4 18 17 8 10 
19 7 9 -22 16 22 -20 15 -22 -18 10 5 -16 5 12 15 -4 0 16 21 
20 14 -20 5 3 19 9 20 7 3 -7 3 11 4 -2 23 13 14 -10 20 
4 -10 23 -18 13 11 2 3 -15 14 16 5 15 -14 -14 -3 10 21 9 22 
6 -9 -21 -9 -20 -5 12 6 8 9 22 20 12 21 19 17 22 1 6 -21 
17 21 3 23 10 21 15 20 15 -10 1 18 8 2 3 10 -12 -23 5 10 
7 13 -17 22 6 16 -4 -12 13 9 16 1 20 -16 18 3 5 6 14 19 
4 -11 -23 4 14 23 22 -15 23 13 9 19 -14 19 23 5 19 4 -17 6 
15 11 20 5 8 -11 5 8 4 8 7 -2 20 5 5 10 5 7 -6 16 
16 -6 7 5 10 5 5 20 -2 7 8 4 8 5 -11 8 5 20 11 15 
6 -17 4 19 5 23 19 -14 19 9 13 23 -15 22 23 14 4 -23 -11 4 
19 14 6 5 3 18 -16 20 1 16 9 13 -12 -4 16 6 22 -17 13 7 
10 5 -23 -12 10 3 2 8 18 1 -10 15 20 15 21 10 23 3 21 17 
-21 6 1 22 17 19 21 12 20 22 9 8 6 12 -5 -20 -9 -21 -9 6 
22 9 21 10 -3 -14 -14 15 5 16 14 -15 3 2 11 13 -18 23 -10 4 
20 -10 14 13 23 -2 4 11 3 -7 3 7 20 9 19 3 5 -20 14 20 
21 16 0 -4 15 12 5 -16 5 10 -18 -22 15 -20 22 16 -22 9 7 19 
10 8 17 18 4 5 1 6 0 3 -7 9 21 20 -20 21 7 6 16 -14 
21 17 8 12 13 2 0 5 4 1 4 17 19 8 -2 -1 -4 -20 12 -18 
30
1
10 2
9 17
0
0
