20 20
6 3 3 20 2 -19 4 -30 4 25 29 -1 -18 -2 -5 27 6 3 -27 22 
-12 27 -28 23 16 12 24 0 26 8 -5 7 14 20 6 6 16 -6 22 -10 
-17 5 -6 6 8 27 12 17 18 5 -23 17 28 8 17 -10 19 4 15 -9 
7 16 -16 4 -27 9 -18 18 13 21 26 27 21 13 -29 -19 8 27 26 -1 
5 6 5 25 0 22 28 21 22 15 -9 16 14 -8 2 7 22 -12 -12 25 
-20 -9 17 -1 24 14 16 5 2 14 18 7 17 -21 15 11 3 -2 -24 -19 
21 2 20 17 -14 -7 2 -22 4 12 14 20 29 26 -20 -27 -14 24 30 -16 
12 18 2 -18 30 14 -15 -9 14 30 13 -12 4 8 17 3 28 4 6 25 
29 -7 -13 25 -4 -8 28 23 6 -29 -12 0 30 12 21 -27 -14 6 17 13 
19 10 15 7 11 2 18 18 14 15 -11 6 -5 21 16 1 12 18 -6 23 
23 -6 18 12 1 16 21 -5 6 -11 15 14 18 18 2 11 7 15 10 19 
13 17 6 -14 -27 21 12 30 0 -12 -29 6 23 28 -8 -4 25 -13 -7 29 
25 6 4 28 3 17 8 4 -12 13 30 14 -9 -15 14 30 -18 2 18 12 
-16 30 24 -14 -27 -20 26 29 20 14 12 4 -22 2 -7 -14 17 20 2 21 
-19 -24 -2 3 11 15 -21 17 7 18 14 2 5 16 14 24 -1 17 -9 -20 
25 -12 -12 22 7 2 -8 14 16 -9 15 22 21 28 22 0 25 5 6 5 
-1 26 27 8 -19 -29 13 21 27 26 21 13 18 -18 9 -27 4 -16 16 7 
-9 15 4 19 -10 17 8 28 17 -23 5 18 17 12 27 8 6 -6 5 -17 
-10 22 -6 16 6 6 20 14 7 -5 8 26 0 24 12 16 23 -28 27 -12 
22 -27 3 6 27 -5 -2 -18 -1 29 25 4 -30 4 -19 2 20 3 3 6 
30
1
11 14
8 5
0
0
