20 20
8 1 11 -11 4 -7 13 12 15 13 -2 -10 13 8 2 1 2 5 -10 4 
8 7 4 -9 15 13 7 15 10 -9 -2 12 3 14 7 1 -8 -11 12 14 
9 2 13 12 15 15 5 13 -7 5 12 1 11 -15 -10 13 8 7 15 13 
6 9 15 6 13 -9 8 1 -10 13 5 0 14 5 3 10 9 7 11 15 
0 8 7 12 8 11 15 -2 -5 12 11 10 10 -15 -10 6 11 6 5 11 
5 15 10 10 8 -15 10 -7 -6 -14 1 8 6 -11 6 6 11 15 -3 -8 
6 13 -10 11 -12 0 -6 1 -2 7 -6 10 10 6 15 4 8 3 14 2 
15 6 14 2 4 9 8 10 -14 10 15 12 3 11 -13 7 15 6 3 5 
-10 -8 2 2 11 15 8 10 13 13 4 9 -14 -2 0 5 12 -5 9 3 
14 -4 -15 7 1 13 10 15 13 3 -1 15 9 15 10 4 4 -1 7 12 
12 7 -1 4 4 10 15 9 15 -1 3 13 15 10 13 1 7 -15 -4 14 
3 9 -5 12 5 0 -2 -14 9 4 13 13 10 8 15 11 2 2 -8 -10 
5 3 6 15 7 -13 11 3 12 15 10 -14 10 8 9 4 2 14 6 15 
2 14 3 8 4 15 6 10 10 -6 7 -2 1 -6 0 -12 11 -10 13 6 
-8 -3 15 11 6 6 -11 6 8 1 -14 -6 -7 10 -15 8 10 10 15 5 
11 5 6 11 6 -10 -15 10 10 11 12 -5 -2 15 11 8 12 7 8 0 
15 11 7 9 10 3 5 14 0 5 13 -10 1 8 -9 13 6 15 9 6 
13 15 7 8 13 -10 -15 11 1 12 5 -7 13 5 15 15 12 13 2 9 
14 12 -11 -8 1 7 14 3 12 -2 -9 10 15 7 13 15 -9 4 7 8 
4 -10 5 2 1 2 8 13 -10 -2 13 15 12 13 -7 4 -11 11 1 8 
30
1
11 5
8 14
0
0
