20 20
20 10 17 -17 3 19 20 25 17 11 15 11 14 1 25 -14 1 2 17 -7 
-14 -14 22 15 -12 5 13 11 -4 15 -20 -11 7 7 14 15 -12 0 -16 14 
4 22 2 20 6 15 16 25 9 3 21 24 16 13 5 19 19 9 23 3 
11 -20 10 14 -4 21 -23 23 2 -3 7 4 6 24 24 -17 13 -11 -2 23 
15 5 23 17 9 15 14 9 2 -23 -24 8 21 10 -12 20 9 24 15 15 
23 21 13 -4 -22 16 8 5 1 13 -11 9 -20 20 -4 18 9 -16 6 24 
-1 2 22 1 10 19 -20 15 -6 6 21 14 -24 6 13 14 25 -5 -21 25 
23 -10 2 24 -4 -22 6 -6 18 10 22 16 -10 22 5 3 12 2 6 3 
24 12 20 0 2 23 22 -6 17 13 7 10 -20 17 -13 5 -9 19 23 -9 
-8 2 8 -22 13 14 21 -1 7 5 0 17 -10 18 10 16 25 22 17 -3 
-3 17 22 25 16 10 18 -10 17 0 5 7 -1 21 14 13 -22 8 2 -8 
-9 23 19 -9 5 -13 17 -20 10 7 13 17 -6 22 23 2 0 20 12 24 
3 6 2 12 3 5 22 -10 16 22 10 18 -6 6 -22 -4 24 2 -10 23 
25 -21 -5 25 14 13 6 -24 14 21 6 -6 15 -20 19 10 1 22 2 -1 
24 6 -16 9 18 -4 20 -20 9 -11 13 1 5 8 16 -22 -4 13 21 23 
15 15 24 9 20 -12 10 21 8 -24 -23 2 9 14 15 9 17 23 5 15 
23 -2 -11 13 -17 24 24 6 4 7 -3 2 23 -23 21 -4 14 10 -20 11 
3 23 9 19 19 5 13 16 24 21 3 9 25 16 15 6 20 2 22 4 
14 -16 0 -12 15 14 7 7 -11 -20 15 -4 11 13 5 -12 15 22 -14 -14 
-7 17 2 1 -14 25 1 14 11 15 11 17 25 20 19 3 -17 17 10 20 
30
1
12 3
7 16
0
0
