20 20
12 10 19 -17 -16 1 24 20 17 8 24 1 6 -13 23 25 22 -24 18 4 
-8 21 15 19 2 2 3 10 -13 -23 3 25 24 22 -2 -5 3 -2 25 4 
-23 6 17 6 10 3 23 -25 9 2 17 12 -17 9 16 25 -1 15 -8 3 
20 4 5 7 11 3 18 -25 19 18 3 17 19 24 0 18 16 -22 -23 21 
-7 -23 18 21 18 24 5 -21 7 -10 21 14 5 19 -4 -23 22 -19 15 4 
25 -1 18 24 20 12 18 25 17 12 10 25 -23 8 3 3 -25 9 6 17 
-14 -4 16 15 -23 0 11 16 17 23 22 -1 15 -13 -25 -1 24 -24 -1 17 
21 14 -16 2 2 14 -6 3 19 3 11 16 -19 -13 24 -3 7 14 18 6 
-12 13 24 -6 -24 14 5 6 -24 24 16 9 21 13 19 14 22 -10 -23 8 
5 -6 12 22 16 -8 25 24 16 -23 6 13 7 -14 -19 18 16 -1 11 -7 
-7 11 -1 16 18 -19 -14 7 13 6 -23 16 24 25 -8 16 22 12 -6 5 
8 -23 -10 22 14 19 13 21 9 16 24 -24 6 5 14 -24 -6 24 13 -12 
6 18 14 7 -3 24 -13 -19 16 11 3 19 3 -6 14 2 2 -16 14 21 
17 -1 -24 24 -1 -25 -13 15 -1 22 23 17 16 11 0 -23 15 16 -4 -14 
17 6 9 -25 3 3 8 -23 25 10 12 17 25 18 12 20 24 18 -1 25 
4 15 -19 22 -23 -4 19 5 14 21 -10 7 -21 5 24 18 21 18 -23 -7 
21 -23 -22 16 18 0 24 19 17 3 18 19 -25 18 3 11 7 5 4 20 
3 -8 15 -1 25 16 9 -17 12 17 2 9 -25 23 3 10 6 17 6 -23 
4 25 -2 3 -5 -2 22 24 25 3 -23 -13 10 3 2 2 19 15 21 -8 
4 18 -24 22 25 23 -13 6 1 24 8 17 20 24 1 -16 -17 19 10 12 
30
1
1 0
18 19
0
0
