20 20
18 15 16 5 -2 -4 10 -19 -18 -16 14 3 7 19 16 1 9 2 -17 6 
15 -12 1 1 13 3 -3 3 11 -5 16 4 -5 13 1 2 -11 -9 7 12 
8 7 2 -11 -9 13 3 8 18 1 15 -9 -9 17 17 1 12 14 12 -11 
7 10 0 1 4 -10 17 3 18 18 0 18 14 5 9 -9 13 -1 -7 2 
15 5 19 12 0 6 2 19 13 1 8 1 17 3 -3 4 9 -13 13 17 
4 8 17 18 -19 5 6 -1 -6 16 17 10 3 14 19 8 -18 4 4 1 
3 -12 -12 14 13 11 6 7 9 1 -18 3 8 13 17 7 12 -17 0 1 
-1 7 -4 10 8 -9 1 -3 -10 1 -16 0 4 18 2 8 18 5 6 5 
15 17 0 -3 10 13 7 -2 10 18 4 2 18 13 11 12 8 -12 9 0 
15 1 6 5 19 10 14 -19 4 -4 3 9 -18 12 -9 -13 8 18 -12 15 
15 -12 18 8 -13 -9 12 -18 9 3 -4 4 -19 14 10 19 5 6 1 15 
0 9 -12 8 12 11 13 18 2 4 18 10 -2 7 13 10 -3 0 17 15 
5 6 5 18 8 2 18 4 0 -16 1 -10 -3 1 -9 8 10 -4 7 -1 
1 0 -17 12 7 17 13 8 3 -18 1 9 7 6 11 13 14 -12 -12 3 
1 4 4 -18 8 19 14 3 10 17 16 -6 -1 6 5 -19 18 17 8 4 
17 13 -13 9 4 -3 3 17 1 8 1 13 19 2 6 0 12 19 5 15 
2 -7 -1 13 -9 9 5 14 18 0 18 18 3 17 -10 4 1 0 10 7 
-11 12 14 12 1 17 17 -9 -9 15 1 18 8 3 13 -9 -11 2 7 8 
12 7 -9 -11 2 1 13 -5 4 16 -5 11 3 -3 3 13 1 1 -12 15 
6 -17 2 9 1 16 19 7 3 14 -16 -18 -19 10 -4 -2 5 16 15 18 
30
1
19 11
0 8
0
0
