20 20
10 5 0 -12 4 3 -12 -13 0 11 -11 6 8 6 4 -11 6 12 -13 13 
-4 5 -7 -6 -11 10 9 9 6 -4 5 -8 -5 13 11 4 -6 9 4 5 
3 0 7 11 -2 12 -8 13 8 13 13 -12 4 2 -11 -13 14 1 14 9 
2 1 -10 -11 2 1 -13 9 7 -10 -1 7 0 -1 11 13 13 -11 -2 8 
10 -5 3 7 2 7 4 -2 10 5 4 0 14 2 4 -7 11 -11 14 6 
3 2 1 -2 7 14 -8 3 -11 1 5 4 6 1 10 11 0 3 5 6 
14 2 7 5 6 5 2 -6 3 -3 9 6 3 -12 1 5 13 -11 -5 14 
-3 -9 1 7 -6 13 6 12 9 1 -11 2 13 2 13 2 12 5 12 -1 
6 8 3 5 0 1 12 -14 7 -9 12 -12 3 -9 -6 6 14 12 9 8 
6 13 2 4 13 2 8 5 -13 2 -3 5 3 14 9 4 -8 2 12 9 
9 12 2 -8 4 9 14 3 5 -3 2 -13 5 8 2 13 4 2 13 6 
8 9 12 14 6 -6 -9 3 -12 12 -9 7 -14 12 1 0 5 3 8 6 
-1 12 5 12 2 13 2 13 2 -11 1 9 12 6 13 -6 7 1 -9 -3 
14 -5 -11 13 5 1 -12 3 6 9 -3 3 -6 2 5 6 5 7 2 14 
6 5 3 0 11 10 1 6 4 5 1 -11 3 -8 14 7 -2 1 2 3 
6 14 -11 11 -7 4 2 14 0 4 5 10 -2 4 7 2 7 3 -5 10 
8 -2 -11 13 13 11 -1 0 7 -1 -10 7 9 -13 1 2 -11 -10 1 2 
9 14 1 14 -13 -11 2 4 -12 13 13 8 13 -8 12 -2 11 7 0 3 
5 4 9 -6 4 11 13 -5 -8 5 -4 6 9 9 10 -11 -6 -7 5 -4 
13 -13 12 6 -11 4 6 8 6 -11 11 0 -13 -12 3 4 -12 0 5 10 
30
1
12 5
7 14
0
0
