20 20
9 5 9 -3 6 8 0 5 5 8 -3 10 -4 10 4 4 5 8 5 1 
4 -10 2 -9 -8 3 -6 7 5 4 7 5 12 2 9 12 10 11 -4 12 
6 3 -3 -5 4 9 3 6 -2 -9 -7 -1 -2 4 9 7 3 10 0 1 
-8 1 9 4 2 12 9 9 5 2 -6 11 -5 4 -11 -4 -7 1 10 6 
-5 3 10 10 5 -12 8 -7 -5 6 -12 -4 -2 0 6 8 9 12 -2 11 
12 -6 10 0 10 -6 -9 -4 10 4 7 -8 0 9 9 3 3 1 2 10 
2 11 11 10 10 12 -2 12 1 11 2 10 -11 7 -8 1 6 10 -12 0 
4 10 6 9 12 0 7 3 5 -9 3 -6 11 8 9 -3 3 8 0 -11 
-5 7 11 11 -5 4 -8 12 2 -12 7 7 1 2 -11 10 -11 7 12 -1 
-6 6 6 12 -5 6 -5 2 6 5 5 -7 2 7 9 -2 10 10 11 -1 
-1 11 10 10 -2 9 7 2 -7 5 5 6 2 -5 6 -5 12 6 6 -6 
-1 12 7 -11 10 -11 2 1 7 7 -12 2 12 -8 4 -5 11 11 7 -5 
-11 0 8 3 -3 9 8 11 -6 3 -9 5 3 7 0 12 9 6 10 4 
0 -12 10 6 1 -8 7 -11 10 2 11 1 12 -2 12 10 10 11 11 2 
10 2 1 3 3 9 9 0 -8 7 4 10 -4 -9 -6 10 0 10 -6 12 
11 -2 12 9 8 6 0 -2 -4 -12 6 -5 -7 8 -12 5 10 10 3 -5 
6 10 1 -7 -4 -11 4 -5 11 -6 2 5 9 9 12 2 4 9 1 -8 
1 0 10 3 7 9 4 -2 -1 -7 -9 -2 6 3 9 4 -5 -3 3 6 
12 -4 11 10 12 9 2 12 5 7 4 5 7 -6 3 -8 -9 2 -10 4 
1 5 8 5 4 4 10 -4 10 -3 8 5 5 0 8 6 -3 9 5 9 
30
1
9 11
10 8
0
0
