20 20
2 -5 24 4 4 -15 1 -19 16 16 24 30 22 18 21 9 18 22 21 11 
27 -10 -21 29 -9 -22 22 -16 9 27 12 15 6 -20 -26 3 19 -2 25 23 
-29 -7 18 10 0 19 5 28 3 8 8 21 26 28 -28 -29 -17 12 -18 8 
26 -6 30 8 18 18 6 12 -16 10 28 6 12 -12 -11 1 -22 24 20 21 
13 16 17 15 4 -17 23 27 -13 9 21 7 7 2 -1 21 18 19 25 18 
29 19 -18 -9 15 8 11 4 11 21 19 27 21 7 5 3 1 12 2 19 
10 23 15 16 -27 5 3 -13 -9 1 16 -6 5 30 23 14 13 -22 4 17 
25 -22 14 -11 -18 -22 5 9 8 16 30 4 -10 3 -14 -19 28 18 6 -4 
28 23 29 -2 30 9 19 5 17 22 8 -4 18 11 17 20 15 20 22 19 
24 19 26 22 9 28 -10 -16 29 27 9 -16 18 14 -20 1 22 14 -26 28 
28 -26 14 22 1 -20 14 18 -16 9 27 29 -16 -10 28 9 22 26 19 24 
19 22 20 15 20 17 11 18 -4 8 22 17 5 19 9 30 -2 29 23 28 
-4 6 18 28 -19 -14 3 -10 4 30 16 8 9 5 -22 -18 -11 14 -22 25 
17 4 -22 13 14 23 30 5 -6 16 1 -9 -13 3 5 -27 16 15 23 10 
19 2 12 1 3 5 7 21 27 19 21 11 4 11 8 15 -9 -18 19 29 
18 25 19 18 21 -1 2 7 7 21 9 -13 27 23 -17 4 15 17 16 13 
21 20 24 -22 1 -11 -12 12 6 28 10 -16 12 6 18 18 8 30 -6 26 
8 -18 12 -17 -29 -28 28 26 21 8 8 3 28 5 19 0 10 18 -7 -29 
23 25 -2 19 3 -26 -20 6 15 12 27 9 -16 22 -22 -9 29 -21 -10 27 
11 21 22 18 9 21 18 22 30 24 16 16 -19 1 -15 4 4 24 -5 2 
30
1
2 19
17 0
0
0
