20 20
-18 5 2 -20 16 4 -4 17 -9 5 10 4 6 3 4 3 9 19 1 17 
-1 11 6 15 4 -2 19 10 17 4 15 16 14 6 1 13 16 -16 8 10 
12 7 5 9 -19 -4 -7 20 12 13 11 3 12 14 -16 0 -2 0 -4 20 
20 1 0 4 2 -1 12 18 4 7 10 15 -2 0 8 0 -3 10 -15 9 
11 13 20 7 8 1 18 18 5 4 20 11 4 11 16 6 -4 5 18 6 
5 12 1 1 10 8 5 0 -10 13 14 9 7 3 3 6 -5 9 10 16 
10 6 15 -17 4 19 19 -18 -20 -18 1 18 2 8 4 6 1 15 2 7 
6 12 16 14 -12 5 -6 14 -19 10 -14 20 13 10 12 -5 -20 4 5 -5 
0 -17 14 0 1 12 20 14 3 5 -9 16 18 20 5 19 7 17 9 18 
1 19 18 -1 -12 -2 9 18 18 -1 15 -7 5 -8 20 -17 -2 15 -14 20 
20 -14 15 -2 -17 20 -8 5 -7 15 -1 18 18 9 -2 -12 -1 18 19 1 
18 9 17 7 19 5 20 18 16 -9 5 3 14 20 12 1 0 14 -17 0 
-5 5 4 -20 -5 12 10 13 20 -14 10 -19 14 -6 5 -12 14 16 12 6 
7 2 15 1 6 4 8 2 18 1 -18 -20 -18 19 19 4 -17 15 6 10 
16 10 9 -5 6 3 3 7 9 14 13 -10 0 5 8 10 1 1 12 5 
6 18 5 -4 6 16 11 4 11 20 4 5 18 18 1 8 7 20 13 11 
9 -15 10 -3 0 8 0 -2 15 10 7 4 18 12 -1 2 4 0 1 20 
20 -4 0 -2 0 -16 14 12 3 11 13 12 20 -7 -4 -19 9 5 7 12 
10 8 -16 16 13 1 6 14 16 15 4 17 10 19 -2 4 15 6 11 -1 
17 1 19 9 3 4 3 6 4 10 5 -9 17 -4 4 16 -20 2 5 -18 
30
1
2 8
17 11
0
0
