20 20
2 6 -8 -4 -12 12 7 6 -6 3 2 11 -11 1 9 -7 6 9 14 11 
14 2 10 10 0 -1 -1 8 6 7 12 12 1 9 -5 1 6 6 4 10 
7 4 -3 7 -2 10 11 1 13 -4 7 8 8 -6 -9 12 4 3 8 10 
14 14 12 -6 8 5 10 2 -13 8 4 10 6 9 1 4 7 14 8 -4 
-4 3 9 -11 13 11 2 -2 1 9 5 8 4 8 -14 12 14 12 9 -14 
13 -9 5 7 1 -7 0 4 -5 -11 10 -7 7 1 14 14 13 14 14 -5 
0 -10 3 14 -1 4 8 2 4 9 10 -14 1 4 4 4 9 4 4 14 
12 9 7 3 7 -9 4 8 6 -3 1 -4 7 10 7 12 10 13 13 -1 
5 0 9 12 14 2 10 -3 -8 0 6 9 -11 14 13 7 5 5 4 1 
3 9 0 11 -4 11 14 11 -8 3 0 -12 1 6 -8 -12 5 11 -14 5 
5 -14 11 5 -12 -8 6 1 -12 0 3 -8 11 14 11 -4 11 0 9 3 
1 4 5 5 7 13 14 -11 9 6 0 -8 -3 10 2 14 12 9 0 5 
-1 13 13 10 12 7 10 7 -4 1 -3 6 8 4 -9 7 3 7 9 12 
14 4 4 9 4 4 4 1 -14 10 9 4 2 8 4 -1 14 3 -10 0 
-5 14 14 13 14 14 1 7 -7 10 -11 -5 4 0 -7 1 7 5 -9 13 
-14 9 12 14 12 -14 8 4 8 5 9 1 -2 2 11 13 -11 9 3 -4 
-4 8 14 7 4 1 9 6 10 4 8 -13 2 10 5 8 -6 12 14 14 
10 8 3 4 12 -9 -6 8 8 7 -4 13 1 11 10 -2 7 -3 4 7 
10 4 6 6 1 -5 9 1 12 12 7 6 8 -1 -1 0 10 10 2 14 
11 14 9 6 -7 9 1 -11 11 2 3 -6 6 7 12 -12 -4 -8 6 2 
30
1
5 12
14 7
0
0
