20 20
16 -19 -10 18 0 10 18 17 2 3 1 10 -17 9 -12 -4 -15 7 10 -11 
18 -15 4 12 7 -16 -19 5 7 1 6 15 -8 12 6 -2 18 6 10 -18 
-16 11 9 9 16 -6 10 11 14 -16 3 13 -11 -18 0 0 -7 17 -15 7 
4 3 10 -19 -15 1 7 11 -13 17 17 16 -5 11 17 8 -12 -9 19 -4 
13 -1 13 6 -11 14 -13 10 -9 14 -9 7 4 -5 19 14 11 -8 17 13 
6 8 2 15 19 -18 13 15 8 16 18 17 19 11 13 12 9 2 1 13 
11 7 16 16 18 14 -9 2 17 9 11 18 -1 9 7 13 5 -12 3 -15 
8 10 -6 3 18 19 18 -17 18 -5 12 2 1 2 0 2 7 1 -14 4 
9 13 8 17 -17 2 -7 5 13 4 9 -8 15 12 -7 14 4 14 9 12 
12 15 10 13 7 9 13 -16 3 11 -17 12 -12 -12 16 12 8 -19 11 2 
2 11 -19 8 12 16 -12 -12 12 -17 11 3 -16 13 9 7 13 10 15 12 
12 9 14 4 14 -7 12 15 -8 9 4 13 5 -7 2 -17 17 8 13 9 
4 -14 1 7 2 0 2 1 2 12 -5 18 -17 18 19 18 3 -6 10 8 
-15 3 -12 5 13 7 9 -1 18 11 9 17 2 -9 14 18 16 16 7 11 
13 1 2 9 12 13 11 19 17 18 16 8 15 13 -18 19 15 2 8 6 
13 17 -8 11 14 19 -5 4 7 -9 14 -9 10 -13 14 -11 6 13 -1 13 
-4 19 -9 -12 8 17 11 -5 16 17 17 -13 11 7 1 -15 -19 10 3 4 
7 -15 17 -7 0 0 -18 -11 13 3 -16 14 11 10 -6 16 9 9 11 -16 
-18 10 6 18 -2 6 12 -8 15 6 1 7 5 -19 -16 7 12 4 -15 18 
-11 10 7 -15 -4 -12 9 -17 10 1 3 2 17 18 10 0 18 -10 -19 16 
30
1
17 2
2 17
0
0
