20 20
21 17 29 -29 16 14 -15 7 13 29 15 4 20 29 29 18 26 20 28 26 
-2 11 25 20 26 4 18 -22 18 24 -20 -21 3 22 16 -5 14 -13 25 10 
14 17 22 6 -21 -17 8 -19 -18 -16 -28 -12 12 18 5 -3 11 20 4 -27 
28 0 1 21 4 -2 13 -5 7 25 19 21 12 -1 9 11 27 9 9 26 
20 -29 25 11 10 12 6 28 22 12 -1 25 9 26 11 14 5 -5 17 11 
18 22 0 22 18 11 4 19 29 22 -5 -6 12 22 -19 29 24 21 3 23 
2 17 15 10 29 -17 12 -9 8 1 12 -3 6 -3 7 7 0 22 16 7 
4 5 28 10 8 20 27 20 -2 28 3 23 27 23 6 19 -12 12 14 14 
23 -7 10 11 -27 4 1 -9 14 18 29 9 2 -7 28 -8 19 18 28 8 
4 -20 16 26 9 10 1 22 23 8 9 -23 24 11 -2 20 26 -16 14 8 
8 14 -16 26 20 -2 11 24 -23 9 8 23 22 1 10 9 26 16 -20 4 
8 28 18 19 -8 28 -7 2 9 29 18 14 -9 1 4 -27 11 10 -7 23 
14 14 12 -12 19 6 23 27 23 3 28 -2 20 27 20 8 10 28 5 4 
7 16 22 0 7 7 -3 6 -3 12 1 8 -9 12 -17 29 10 15 17 2 
23 3 21 24 29 -19 22 12 -6 -5 22 29 19 4 11 18 22 0 22 18 
11 17 -5 5 14 11 26 9 25 -1 12 22 28 6 12 10 11 25 -29 20 
26 9 9 27 11 9 -1 12 21 19 25 7 -5 13 -2 4 21 1 0 28 
-27 4 20 11 -3 5 18 12 -12 -28 -16 -18 -19 8 -17 -21 6 22 17 14 
10 25 -13 14 -5 16 22 3 -21 -20 24 18 -22 18 4 26 20 25 11 -2 
26 28 20 26 18 29 29 20 4 15 29 13 7 -15 14 16 -29 29 17 21 
30
1
18 1
1 18
0
0
