20 20
10 -2 -6 10 -3 -15 -5 8 -13 4 9 3 7 3 -15 3 11 12 -13 5 
4 14 6 4 7 6 5 11 2 10 15 -3 3 -8 9 7 -8 1 -9 1 
10 5 7 -5 13 1 -1 15 0 12 0 -14 -5 2 9 4 5 2 7 8 
13 14 -9 2 2 -9 5 4 -5 1 5 7 6 13 6 8 -12 10 13 4 
13 -14 6 -1 12 -2 5 6 3 9 3 10 -9 12 6 -12 -2 2 10 12 
-9 5 6 10 1 -9 -4 -12 -12 2 8 1 -15 -14 1 -1 5 -3 -6 -8 
2 15 -4 2 -6 -12 14 8 5 5 2 5 15 3 14 2 -8 -1 9 2 
4 8 12 7 7 6 11 8 -4 15 -4 9 9 5 1 -13 9 -8 8 10 
9 1 -8 8 -8 7 0 5 2 -12 14 -1 7 4 -9 2 14 8 15 0 
13 14 -7 4 -3 1 14 -13 6 11 0 2 15 14 -11 -4 4 2 4 -7 
-7 4 2 4 -4 -11 14 15 2 0 11 6 -13 14 1 -3 4 -7 14 13 
0 15 8 14 2 -9 4 7 -1 14 -12 2 5 0 7 -8 8 -8 1 9 
10 8 -8 9 -13 1 5 9 9 -4 15 -4 8 11 6 7 7 12 8 4 
2 9 -1 -8 2 14 3 15 5 2 5 5 8 14 -12 -6 2 -4 15 2 
-8 -6 -3 5 -1 1 -14 -15 1 8 2 -12 -12 -4 -9 1 10 6 5 -9 
12 10 2 -2 -12 6 12 -9 10 3 9 3 6 5 -2 12 -1 6 -14 13 
4 13 10 -12 8 6 13 6 7 5 1 -5 4 5 -9 2 2 -9 14 13 
8 7 2 5 4 9 2 -5 -14 0 12 0 15 -1 1 13 -5 7 5 10 
1 -9 1 -8 7 9 -8 3 -3 15 10 2 11 5 6 7 4 6 14 4 
5 -13 12 11 3 -15 3 7 3 9 4 -13 8 -5 -15 -3 10 -6 -2 10 
30
1
3 14
16 5
0
0
