20 20
16 -7 8 5 3 15 -15 14 10 5 4 10 -10 14 8 2 0 13 3 14 
10 11 -16 13 16 9 11 -11 -5 5 19 15 18 4 -14 9 16 9 9 9 
13 11 2 7 14 7 11 5 0 22 -12 22 13 16 8 19 12 14 1 -1 
11 7 18 7 19 -14 -1 15 7 19 2 -16 -8 7 13 19 -8 -18 10 19 
12 13 20 11 17 2 11 20 4 8 -4 1 -13 0 4 2 -2 6 20 1 
-18 -9 -21 11 7 13 -16 -3 14 -3 10 17 13 1 19 14 -12 12 17 12 
1 11 19 22 4 13 21 -17 3 2 19 8 0 1 4 2 11 5 1 5 
17 3 16 14 4 4 11 -16 8 -11 13 1 17 19 9 21 17 8 22 5 
12 -13 1 15 13 17 4 9 3 10 20 9 17 21 -12 -6 11 4 1 21 
9 -10 15 15 12 22 13 4 1 -18 14 8 -17 12 22 16 2 6 -5 15 
15 -5 6 2 16 22 12 -17 8 14 -18 1 4 13 22 12 15 15 -10 9 
21 1 4 11 -6 -12 21 17 9 20 10 3 9 4 17 13 15 1 -13 12 
5 22 8 17 21 9 19 17 1 13 -11 8 -16 11 4 4 14 16 3 17 
5 1 5 11 2 4 1 0 8 19 2 3 -17 21 13 4 22 19 11 1 
12 17 12 -12 14 19 1 13 17 10 -3 14 -3 -16 13 7 11 -21 -9 -18 
1 20 6 -2 2 4 0 -13 1 -4 8 4 20 11 2 17 11 20 13 12 
19 10 -18 -8 19 13 7 -8 -16 2 19 7 15 -1 -14 19 7 18 7 11 
-1 1 14 12 19 8 16 13 22 -12 22 0 5 11 7 14 7 2 11 13 
9 9 9 16 9 -14 4 18 15 19 5 -5 -11 11 9 16 13 -16 11 10 
14 3 13 0 2 8 14 -10 10 4 5 10 14 -15 15 3 5 8 -7 16 
30
1
11 7
8 12
0
0
