20 20
-8 -8 -6 -24 21 18 -22 7 22 -6 14 23 4 -23 17 15 16 -22 14 7 
-3 11 17 -24 9 18 -20 3 9 9 12 -7 -12 13 14 19 6 1 15 13 
-9 -14 13 -13 1 10 24 -4 11 -10 -17 14 -20 13 18 21 18 -13 24 18 
24 22 23 2 21 -2 8 17 6 0 23 5 9 -15 -18 0 18 -1 15 22 
14 7 10 15 7 6 8 10 -3 11 18 16 5 18 19 -1 7 22 10 12 
-23 5 21 11 6 8 14 1 -6 19 13 16 23 4 13 14 3 -6 -24 22 
14 21 6 3 -21 21 15 -21 21 -24 6 15 12 -22 14 7 11 17 10 20 
-22 21 5 -17 -4 1 -13 -4 6 18 23 2 12 24 24 -24 3 11 16 2 
23 24 17 24 7 16 23 4 18 4 4 -6 14 -19 0 2 22 -16 12 1 
8 6 2 21 4 0 8 19 -7 7 24 2 3 13 11 21 -6 22 22 24 
24 22 22 -6 21 11 13 3 2 24 7 -7 19 8 0 4 21 2 6 8 
1 12 -16 22 2 0 -19 14 -6 4 4 18 4 23 16 7 24 17 24 23 
2 16 11 3 -24 24 24 12 2 23 18 6 -4 -13 1 -4 -17 5 21 -22 
20 10 17 11 7 14 -22 12 15 6 -24 21 -21 15 21 -21 3 6 21 14 
22 -24 -6 3 14 13 4 23 16 13 19 -6 1 14 8 6 11 21 5 -23 
12 10 22 7 -1 19 18 5 16 18 11 -3 10 8 6 7 15 10 7 14 
22 15 -1 18 0 -18 -15 9 5 23 0 6 17 8 -2 21 2 23 22 24 
18 24 -13 18 21 18 13 -20 14 -17 -10 11 -4 24 10 1 -13 13 -14 -9 
13 15 1 6 19 14 13 -12 -7 12 9 9 3 -20 18 9 -24 17 11 -3 
7 14 -22 16 15 17 -23 4 23 14 -6 22 7 -22 18 21 -24 -6 -8 -8 
30
1
10 0
9 19
0
0
