20 20
26 16 15 22 17 -1 22 10 10 -22 16 -21 12 19 -10 3 12 17 1 11 
-10 21 5 8 -23 18 21 26 -16 -27 -8 17 9 13 -13 -14 10 26 24 8 
10 2 -14 15 23 -12 5 11 -18 17 16 1 10 21 27 23 13 -4 -20 26 
1 1 13 4 8 24 12 16 -4 3 4 3 26 16 -15 21 26 18 14 25 
10 -5 23 25 2 24 22 0 -6 8 3 22 2 12 6 7 4 12 13 7 
14 15 5 22 10 4 10 15 27 3 0 11 14 20 9 16 -11 -2 21 -1 
5 20 19 12 17 -23 20 18 -6 3 12 -1 -15 17 20 3 19 23 19 21 
1 20 4 25 2 8 4 21 4 -13 7 0 -25 11 16 13 14 21 18 -25 
-15 1 -5 0 13 18 20 20 9 17 26 5 -6 14 -1 17 23 12 25 3 
-23 13 23 3 16 8 0 -18 -13 21 -22 -17 20 10 0 11 -14 -1 -20 14 
14 -20 -1 -14 11 0 10 20 -17 -22 21 -13 -18 0 8 16 3 23 13 -23 
3 25 12 23 17 -1 14 -6 5 26 17 9 20 20 18 13 0 -5 1 -15 
-25 18 21 14 13 16 11 -25 0 7 -13 4 21 4 8 2 25 4 20 1 
21 19 23 19 3 20 17 -15 -1 12 3 -6 18 20 -23 17 12 19 20 5 
-1 21 -2 -11 16 9 20 14 11 0 3 27 15 10 4 10 22 5 15 14 
7 13 12 4 7 6 12 2 22 3 8 -6 0 22 24 2 25 23 -5 10 
25 14 18 26 21 -15 16 26 3 4 3 -4 16 12 24 8 4 13 1 1 
26 -20 -4 13 23 27 21 10 1 16 17 -18 11 5 -12 23 15 -14 2 10 
8 24 26 10 -14 -13 13 9 17 -8 -27 -16 26 21 18 -23 8 5 21 -10 
11 1 17 12 3 -10 19 12 -21 16 -22 10 10 22 -1 17 22 15 16 26 
30
1
14 12
5 7
0
0
