20 20
-13 4 6 12 1 1 0 5 -7 13 13 0 10 7 13 11 13 9 6 7 
-9 -14 -7 12 15 -6 -10 -9 -9 13 5 -10 -9 2 11 6 6 11 -12 10 
4 9 13 12 10 6 3 3 16 12 1 -10 10 -2 -4 15 14 2 15 -11 
10 7 13 13 13 6 9 13 14 5 -1 12 -11 12 5 -11 16 7 16 10 
-3 5 15 2 -2 10 0 2 13 7 0 13 -2 -12 6 11 9 16 -3 7 
0 2 15 14 16 1 14 10 -13 3 4 15 9 0 8 -2 6 14 3 -2 
11 5 8 15 5 15 12 5 7 7 -12 -5 -13 -10 1 1 16 16 4 3 
-16 10 11 14 -5 7 2 12 5 6 5 1 8 -12 0 4 7 -2 4 3 
9 16 14 -8 15 9 10 -1 13 5 8 6 5 15 -6 15 13 14 6 10 
5 8 3 -4 -4 5 6 0 13 -5 10 10 7 12 3 -11 10 1 4 14 
14 4 1 10 -11 3 12 7 10 10 -5 13 0 6 5 -4 -4 3 8 5 
10 6 14 13 15 -6 15 5 6 8 5 13 -1 10 9 15 -8 14 16 9 
3 4 -2 7 4 0 -12 8 1 5 6 5 12 2 7 -5 14 11 10 -16 
3 4 16 16 1 1 -10 -13 -5 -12 7 7 5 12 15 5 15 8 5 11 
-2 3 14 6 -2 8 0 9 15 4 3 -13 10 14 1 16 14 15 2 0 
7 -3 16 9 11 6 -12 -2 13 0 7 13 2 0 10 -2 2 15 5 -3 
10 16 7 16 -11 5 12 -11 12 -1 5 14 13 9 6 13 13 13 7 10 
-11 15 2 14 15 -4 -2 10 -10 1 12 16 3 3 6 10 12 13 9 4 
10 -12 11 6 6 11 2 -9 -10 5 13 -9 -9 -10 -6 15 12 -7 -14 -9 
7 6 9 13 11 13 7 10 0 13 13 -7 5 0 1 1 12 6 4 -13 
30
1
18 11
1 8
0
0
