20 20
12 17 1 23 24 15 19 6 5 -1 -3 8 -28 26 -26 16 -23 7 5 4 
7 12 -25 19 -18 15 10 22 1 15 16 0 19 2 22 -21 -19 1 19 8 
-18 -17 25 -17 -12 -2 11 7 9 28 7 17 17 30 6 15 -30 -22 25 -20 
8 27 10 -10 -26 27 -29 20 28 5 23 -24 24 22 -8 3 7 15 11 4 
17 9 -18 23 16 -17 -21 19 -5 13 24 4 -3 21 3 -9 14 23 -21 -17 
9 -18 3 14 -13 26 -15 -26 23 17 6 24 7 29 4 -22 18 8 -11 16 
23 -3 -20 2 2 17 -11 17 15 18 23 -26 -11 13 8 11 -4 -9 28 17 
-20 2 -8 23 -23 22 23 14 25 26 6 30 21 -8 10 15 17 -11 7 18 
13 17 -7 9 5 2 8 20 25 17 -27 13 -30 22 24 14 10 29 4 3 
-18 0 28 22 4 8 6 16 9 27 30 10 28 25 13 3 20 -11 9 4 
4 9 -11 20 3 13 25 28 10 30 27 9 16 6 8 4 22 28 0 -18 
3 4 29 10 14 24 22 -30 13 -27 17 25 20 8 2 5 9 -7 17 13 
18 7 -11 17 15 10 -8 21 30 6 26 25 14 23 22 -23 23 -8 2 -20 
17 28 -9 -4 11 8 13 -11 -26 23 18 15 17 -11 17 2 2 -20 -3 23 
16 -11 8 18 -22 4 29 7 24 6 17 23 -26 -15 26 -13 14 3 -18 9 
-17 -21 23 14 -9 3 21 -3 4 24 13 -5 19 -21 -17 16 23 -18 9 17 
4 11 15 7 3 -8 22 24 -24 23 5 28 20 -29 27 -26 -10 10 27 8 
-20 25 -22 -30 15 6 30 17 17 7 28 9 7 11 -2 -12 -17 25 -17 -18 
8 19 1 -19 -21 22 2 19 0 16 15 1 22 10 15 -18 19 -25 12 7 
4 5 7 -23 16 -26 26 -28 8 -3 -1 5 6 19 15 24 23 1 17 12 
30
1
2 7
17 12
0
0
