20 20
16 17 -27 27 1 27 23 27 22 5 14 17 8 11 21 1 0 8 -24 14 
4 5 -7 26 13 27 -27 7 17 25 -19 23 27 -14 28 -20 3 8 17 15 
24 20 24 23 24 -24 18 11 -15 23 26 27 9 17 17 2 20 30 16 13 
25 -20 4 7 3 23 9 28 10 20 10 -19 28 24 6 18 16 4 23 28 
15 14 1 25 23 -24 27 3 4 -12 -28 26 -26 -6 2 11 21 0 -28 14 
-5 12 -23 -21 25 16 5 21 -2 -11 -23 3 18 9 25 -21 -27 -23 28 27 
17 -14 21 26 2 8 3 13 13 10 3 19 11 -25 -23 1 4 28 9 19 
6 -9 4 9 11 23 6 14 -30 22 30 9 4 25 -22 9 -3 0 -21 -17 
12 25 -8 -7 15 11 9 22 -21 28 12 29 0 14 26 3 16 23 -21 -16 
-29 0 -10 -19 2 28 12 15 19 -23 -5 30 -3 26 -16 -10 27 -19 11 26 
26 11 -19 27 -10 -16 26 -3 30 -5 -23 19 15 12 28 2 -19 -10 0 -29 
-16 -21 23 16 3 26 14 0 29 12 28 -21 22 9 11 15 -7 -8 25 12 
-17 -21 0 -3 9 -22 25 4 9 30 22 -30 14 6 23 11 9 4 -9 6 
19 9 28 4 1 -23 -25 11 19 3 10 13 13 3 8 2 26 21 -14 17 
27 28 -23 -27 -21 25 9 18 3 -23 -11 -2 21 5 16 25 -21 -23 12 -5 
14 -28 0 21 11 2 -6 -26 26 -28 -12 4 3 27 -24 23 25 1 14 15 
28 23 4 16 18 6 24 28 -19 10 20 10 28 9 23 3 7 4 -20 25 
13 16 30 20 2 17 17 9 27 26 23 -15 11 18 -24 24 23 24 20 24 
15 17 8 3 -20 28 -14 27 23 -19 25 17 7 -27 27 13 26 -7 5 4 
14 -24 8 0 1 21 11 8 17 14 5 22 27 23 27 1 27 -27 17 16 
30
1
15 12
4 7
0
0
