20 20
-4 -6 -4 11 -4 2 6 7 9 5 9 3 9 6 -3 7 11 8 10 -1 
-7 -9 -4 10 2 2 11 10 8 11 8 8 -8 11 6 1 11 4 10 -1 
4 7 6 9 -5 9 6 5 -2 5 5 5 8 1 1 6 3 9 11 -3 
5 11 9 9 0 -10 11 7 -5 -9 4 5 4 6 4 1 3 7 1 9 
10 7 -2 -11 11 -8 6 -6 4 6 2 5 2 4 -5 0 5 -4 6 10 
11 -7 4 6 3 -5 4 0 8 -2 4 5 11 9 3 8 2 5 3 2 
-3 3 11 9 10 7 2 0 2 -9 4 1 3 -6 -4 2 -9 5 8 9 
-9 6 -2 -3 10 -3 2 1 6 10 7 8 2 5 9 -5 11 11 -3 -11 
6 0 8 3 -6 -6 10 9 7 2 1 10 0 5 -6 -3 10 0 8 9 
-5 2 4 2 10 -1 3 4 7 10 9 5 5 11 1 10 2 -4 2 -2 
-2 2 -4 2 10 1 11 5 5 9 10 7 4 3 -1 10 2 4 2 -5 
9 8 0 10 -3 -6 5 0 10 1 2 7 9 10 -6 -6 3 8 0 6 
-11 -3 11 11 -5 9 5 2 8 7 10 6 1 2 -3 10 -3 -2 6 -9 
9 8 5 -9 2 -4 -6 3 1 4 -9 2 0 2 7 10 9 11 3 -3 
2 3 5 2 8 3 9 11 5 4 -2 8 0 4 -5 3 6 4 -7 11 
10 6 -4 5 0 -5 4 2 5 2 6 4 -6 6 -8 11 -11 -2 7 10 
9 1 7 3 1 4 6 4 5 4 -9 -5 7 11 -10 0 9 9 11 5 
-3 11 9 3 6 1 1 8 5 5 5 -2 5 6 9 -5 9 6 7 4 
-1 10 4 11 1 6 11 -8 8 8 11 8 10 11 2 2 10 -4 -9 -7 
-1 10 8 11 7 -3 6 9 3 9 5 9 7 6 2 -4 11 -4 -6 -4 
30
1
16 2
3 17
0
0
