20 20
2 10 9 20 5 -18 8 23 10 -22 18 -6 11 0 2 21 4 3 -19 23 
21 13 14 22 -3 -12 18 23 20 0 4 8 22 -9 11 14 14 5 -15 10 
22 -3 18 23 -15 15 6 7 22 -2 20 15 4 24 14 1 19 10 -24 17 
1 17 -18 20 -13 10 1 5 10 20 17 1 9 5 4 1 -7 5 9 -19 
11 -23 5 -6 22 15 -16 12 15 -5 15 4 18 9 9 7 -13 21 5 19 
13 -12 22 16 11 20 -1 12 14 24 14 10 15 4 18 9 -9 19 -3 -18 
-6 3 -5 12 20 1 1 8 20 2 3 -17 15 4 15 20 1 -8 21 -12 
-19 17 19 22 2 3 6 -20 13 -8 7 -2 12 -14 -19 2 4 19 9 -20 
6 9 17 16 21 4 6 -7 -7 10 23 11 9 6 2 19 11 13 9 23 
-13 3 6 21 24 20 1 11 -14 -22 16 8 -10 -20 6 10 -12 -11 -9 22 
22 -9 -11 -12 10 6 -20 -10 8 16 -22 -14 11 1 20 24 21 6 3 -13 
23 9 13 11 19 2 6 9 11 23 10 -7 -7 6 4 21 16 17 9 6 
-20 9 19 4 2 -19 -14 12 -2 7 -8 13 -20 6 3 2 22 19 17 -19 
-12 21 -8 1 20 15 4 15 -17 3 2 20 8 1 1 20 12 -5 3 -6 
-18 -3 19 -9 9 18 4 15 10 14 24 14 12 -1 20 11 16 22 -12 13 
19 5 21 -13 7 9 9 18 4 15 -5 15 12 -16 15 22 -6 5 -23 11 
-19 9 5 -7 1 4 5 9 1 17 20 10 5 1 10 -13 20 -18 17 1 
17 -24 10 19 1 14 24 4 15 20 -2 22 7 6 15 -15 23 18 -3 22 
10 -15 5 14 14 11 -9 22 8 4 0 20 23 18 -12 -3 22 14 13 21 
23 -19 3 4 21 2 0 11 -6 18 -22 10 23 8 -18 5 20 9 10 2 
30
1
0 9
19 10
0
0
