20 20
1 9 5 18 9 13 -9 5 7 14 12 4 7 3 -8 11 4 -1 2 -8 
9 3 8 -10 4 18 5 11 8 1 7 -8 3 -15 1 11 6 -2 14 18 
12 -5 15 -4 12 1 -9 -3 19 14 -8 11 12 -18 16 6 17 -6 6 -1 
4 5 18 16 -13 10 8 8 16 19 -2 -1 2 14 -9 0 -14 16 -18 10 
12 3 7 7 17 1 17 10 18 18 -12 4 15 -9 -2 13 8 10 14 -16 
14 18 -8 13 13 9 16 9 -10 10 4 12 17 17 -12 15 -9 9 2 17 
-8 12 -1 11 1 6 5 -17 9 -9 10 -13 15 17 15 11 8 1 4 9 
9 8 1 2 7 1 8 9 -10 11 11 16 -14 3 16 -17 -11 15 0 4 
14 8 11 18 15 -14 12 0 14 6 18 -9 12 -14 -19 -8 2 3 19 13 
7 11 9 10 4 15 14 11 -8 16 -10 4 1 -17 12 16 5 11 0 6 
6 0 11 5 16 12 -17 1 4 -10 16 -8 11 14 15 4 10 9 11 7 
13 19 3 2 -8 -19 -14 12 -9 18 6 14 0 12 -14 15 18 11 8 14 
4 0 15 -11 -17 16 3 -14 16 11 11 -10 9 8 1 7 2 1 8 9 
9 4 1 8 11 15 17 15 -13 10 -9 9 -17 5 6 1 11 -1 12 -8 
17 2 9 -9 15 -12 17 17 12 4 10 -10 9 16 9 13 13 -8 18 14 
-16 14 10 8 13 -2 -9 15 4 -12 18 18 10 17 1 17 7 7 3 12 
10 -18 16 -14 0 -9 14 2 -1 -2 19 16 8 8 10 -13 16 18 5 4 
-1 6 -6 17 6 16 -18 12 11 -8 14 19 -3 -9 1 12 -4 15 -5 12 
18 14 -2 6 11 1 -15 3 -8 7 1 8 11 5 18 4 -10 8 3 9 
-8 2 -1 4 11 -8 3 7 4 12 14 7 5 -9 13 9 18 5 9 1 
30
1
0 16
19 3
0
0
