20 20
16 5 8 26 -16 -23 22 25 7 -13 3 -20 12 4 -4 1 0 4 20 10 
17 25 -19 9 -1 26 18 18 -21 -10 3 9 16 24 10 15 11 17 7 -12 
25 5 14 22 25 10 26 8 25 17 4 11 29 -2 7 28 1 8 24 -20 
-18 29 -9 -22 5 5 -8 -8 23 -17 11 16 4 10 24 3 -1 2 -23 18 
21 -29 25 -2 -26 8 -29 6 -29 12 18 16 18 27 9 0 28 -7 27 -14 
24 -16 -3 -16 6 3 13 -27 21 10 27 -2 -20 24 16 10 8 0 21 18 
-10 12 7 -25 19 -10 27 10 13 28 -2 18 20 -8 -4 16 -15 -23 -18 -8 
24 6 -13 22 2 0 14 1 9 -14 25 25 28 16 4 3 19 21 15 29 
1 17 21 6 6 16 27 16 17 26 -11 -27 18 -21 11 0 2 1 -7 20 
15 15 -29 -26 28 -13 22 13 24 -24 9 20 27 6 19 29 29 -25 6 -15 
-15 6 -25 29 29 19 6 27 20 9 -24 24 13 22 -13 28 -26 -29 15 15 
20 -7 1 2 0 11 -21 18 -27 -11 26 17 16 27 16 6 6 21 17 1 
29 15 21 19 3 4 16 28 25 25 -14 9 1 14 0 2 22 -13 6 24 
-8 -18 -23 -15 16 -4 -8 20 18 -2 28 13 10 27 -10 19 -25 7 12 -10 
18 21 0 8 10 16 24 -20 -2 27 10 21 -27 13 3 6 -16 -3 -16 24 
-14 27 -7 28 0 9 27 18 16 18 12 -29 6 -29 8 -26 -2 25 -29 21 
18 -23 2 -1 3 24 10 4 16 11 -17 23 -8 -8 5 5 -22 -9 29 -18 
-20 24 8 1 28 7 -2 29 11 4 17 25 8 26 10 25 22 14 5 25 
-12 7 17 11 15 10 24 16 9 3 -10 -21 18 18 26 -1 9 -19 25 17 
10 20 4 0 1 -4 4 12 -20 3 -13 7 25 22 -23 -16 26 8 5 16 
30
1
8 0
11 19
0
0
