20 20
11 13 -2 9 12 9 5 8 -1 12 10 5 13 7 6 -12 10 -13 -12 6 
-4 0 -2 7 13 4 10 11 2 12 -9 3 11 4 6 5 10 3 9 -2 
-2 5 1 3 11 7 13 7 5 4 8 -5 -1 -10 1 5 1 -1 5 12 
8 3 5 9 -4 -12 13 10 3 -9 2 8 9 -1 3 -3 11 7 11 1 
3 -7 -8 10 -8 3 1 9 11 -4 3 5 2 0 12 -11 -6 -5 2 8 
1 13 11 -11 -6 0 7 9 12 8 8 4 12 9 -13 11 2 13 7 -8 
-5 11 9 2 -11 -11 -13 3 5 6 13 -11 -7 12 -13 2 6 6 1 0 
13 8 10 1 8 6 8 5 -13 10 -12 -2 -10 10 5 8 10 7 -6 -5 
-10 -8 4 6 9 1 11 12 6 10 3 -1 -13 1 -13 9 2 10 0 -10 
9 -4 11 13 2 2 4 10 1 -10 9 11 4 8 -11 9 9 8 6 11 
11 6 8 9 9 -11 8 4 11 9 -10 1 10 4 2 2 13 11 -4 9 
-10 0 10 2 9 -13 1 -13 -1 3 10 6 12 11 1 9 6 4 -8 -10 
-5 -6 7 10 8 5 10 -10 -2 -12 10 -13 5 8 6 8 1 10 8 13 
0 1 6 6 2 -13 12 -7 -11 13 6 5 3 -13 -11 -11 2 9 11 -5 
-8 7 13 2 11 -13 9 12 4 8 8 12 9 7 0 -6 -11 11 13 1 
8 2 -5 -6 -11 12 0 2 5 3 -4 11 9 1 3 -8 10 -8 -7 3 
1 11 7 11 -3 3 -1 9 8 2 -9 3 10 13 -12 -4 9 5 3 8 
12 5 -1 1 5 1 -10 -1 -5 8 4 5 7 13 7 11 3 1 5 -2 
-2 9 3 10 5 6 4 11 3 -9 12 2 11 10 4 13 7 -2 0 -4 
6 -12 -13 10 -12 6 7 13 5 10 12 -1 8 5 9 12 9 -2 13 11 
30
1
3 7
16 12
0
0
