20 20
8 3 7 -11 -22 17 16 18 23 11 1 -8 13 14 23 19 18 10 20 -12 
-13 12 -20 -12 -14 17 19 -1 -16 6 -1 -6 11 6 -12 -18 -14 1 12 8 
23 5 6 -10 21 12 21 16 21 21 16 16 2 2 23 -13 20 -12 20 5 
17 17 4 10 18 7 13 5 20 9 22 -1 21 15 14 15 17 1 17 14 
22 14 21 19 1 7 21 -5 16 15 0 6 11 -17 22 -10 18 12 -21 15 
-5 14 -23 -3 -22 20 8 15 3 -20 11 -5 -7 13 16 22 -12 7 4 8 
19 7 -9 19 0 14 -7 -2 16 11 16 6 12 5 -11 14 3 1 11 10 
1 2 -7 -10 1 14 16 4 -22 23 21 17 8 4 5 18 -6 13 15 2 
19 16 -12 -17 21 12 6 -21 11 9 22 4 4 20 5 -10 -5 18 16 -15 
-23 -11 5 22 3 5 20 9 12 12 2 3 14 -10 -17 -15 0 9 15 -15 
-15 15 9 0 -15 -17 -10 14 3 2 12 12 9 20 5 3 22 5 -11 -23 
-15 16 18 -5 -10 5 20 4 4 22 9 11 -21 6 12 21 -17 -12 16 19 
2 15 13 -6 18 5 4 8 17 21 23 -22 4 16 14 1 -10 -7 2 1 
10 11 1 3 14 -11 5 12 6 16 11 16 -2 -7 14 0 19 -9 7 19 
8 4 7 -12 22 16 13 -7 -5 11 -20 3 15 8 20 -22 -3 -23 14 -5 
15 -21 12 18 -10 22 -17 11 6 0 15 16 -5 21 7 1 19 21 14 22 
14 17 1 17 15 14 15 21 -1 22 9 20 5 13 7 18 10 4 17 17 
5 20 -12 20 -13 23 2 2 16 16 21 21 16 21 12 21 -10 6 5 23 
8 12 1 -14 -18 -12 6 11 -6 -1 6 -16 -1 19 17 -14 -12 -20 12 -13 
-12 20 10 18 19 23 14 13 -8 1 11 23 18 16 17 -22 -11 7 3 8 
30
1
14 17
5 2
0
0
