20 20
12 15 -19 3 7 -2 4 16 14 7 18 -21 3 18 1 3 22 1 6 23 
24 -13 10 6 22 19 3 -11 24 15 -23 12 9 -11 -4 1 7 12 23 20 
16 23 0 -1 20 8 -15 -18 -8 -13 -22 19 14 -1 15 3 3 -20 18 -8 
-22 12 18 4 19 24 -20 -12 21 9 22 2 9 20 1 -7 21 14 -17 15 
15 21 -24 9 14 3 -1 -2 -22 7 21 23 15 23 22 15 12 7 21 5 
11 15 16 7 -14 16 13 8 7 6 11 -18 -24 19 5 10 -23 22 16 -23 
14 13 17 16 5 -10 8 9 -4 10 12 8 -20 1 -16 20 12 17 13 14 
6 12 10 21 -7 -23 1 14 -23 7 1 23 19 -9 21 8 21 16 18 8 
-9 -8 14 4 11 -1 -4 -9 7 6 8 2 23 23 6 21 14 -5 13 22 
4 21 11 23 14 14 24 17 13 8 0 19 15 -24 -13 -24 10 8 13 -12 
-12 13 8 10 -24 -13 -24 15 19 0 8 13 17 24 14 14 23 11 21 4 
22 13 -5 14 21 6 23 23 2 8 6 7 -9 -4 -1 11 4 14 -8 -9 
8 18 16 21 8 21 -9 19 23 1 7 -23 14 1 -23 -7 21 10 12 6 
14 13 17 12 20 -16 1 -20 8 12 10 -4 9 8 -10 5 16 17 13 14 
-23 16 22 -23 10 5 19 -24 -18 11 6 7 8 13 16 -14 7 16 15 11 
5 21 7 12 15 22 23 15 23 21 7 -22 -2 -1 3 14 9 -24 21 15 
15 -17 14 21 -7 1 20 9 2 22 9 21 -12 -20 24 19 4 18 12 -22 
-8 18 -20 3 3 15 -1 14 19 -22 -13 -8 -18 -15 8 20 -1 0 23 16 
20 23 12 7 1 -4 -11 9 12 -23 15 24 -11 3 19 22 6 10 -13 24 
23 6 1 22 3 1 18 3 -21 18 7 14 16 4 -2 7 3 -19 15 12 
30
1
5 12
14 7
0
0
