20 20
11 -15 -12 5 4 4 2 3 15 13 2 7 8 8 14 13 12 1 13 5 
7 3 7 10 2 10 0 1 15 2 -2 7 -5 -4 5 3 10 9 -12 1 
-14 1 14 12 0 5 -15 15 4 10 14 -6 13 1 -9 4 3 0 7 4 
12 10 1 8 -4 12 12 -15 5 14 10 2 13 1 15 -7 8 9 15 13 
8 11 7 1 6 4 15 10 2 -14 3 -14 12 -8 10 4 12 15 0 12 
10 0 -3 -4 1 15 -9 -7 0 12 4 1 -14 4 -9 8 15 15 11 -6 
9 10 0 8 1 -12 -3 3 9 15 -12 0 10 10 8 3 9 3 3 15 
-11 11 5 9 2 10 3 6 6 13 0 -7 0 12 -4 -6 8 3 4 4 
9 5 10 -15 6 5 13 -1 12 15 -4 2 15 -2 -10 8 6 10 12 14 
1 -7 7 12 -7 8 4 11 6 8 1 12 15 -5 4 11 1 10 4 -5 
-5 4 10 1 11 4 -5 15 12 1 8 6 11 4 8 -7 12 7 -7 1 
14 12 10 6 8 -10 -2 15 2 -4 15 12 -1 13 5 6 -15 10 5 9 
4 4 3 8 -6 -4 12 0 -7 0 13 6 6 3 10 2 9 5 11 -11 
15 3 3 9 3 8 10 10 0 -12 15 9 3 -3 -12 1 8 0 10 9 
-6 11 15 15 8 -9 4 -14 1 4 12 0 -7 -9 15 1 -4 -3 0 10 
12 0 15 12 4 10 -8 12 -14 3 -14 2 10 15 4 6 1 7 11 8 
13 15 9 8 -7 15 1 13 2 10 14 5 -15 12 12 -4 8 1 10 12 
4 7 0 3 4 -9 1 13 -6 14 10 4 15 -15 5 0 12 14 1 -14 
1 -12 9 10 3 5 -4 -5 7 -2 2 15 1 0 10 2 10 7 3 7 
5 13 1 12 13 14 8 8 7 2 13 15 3 2 4 4 5 -12 -15 11 
30
1
17 16
2 3
0
0
