20 20
9 14 0 2 6 9 13 2 12 13 1 10 5 5 7 -1 0 13 9 5 
-12 3 14 15 -9 4 14 3 -6 -14 12 20 16 14 20 6 1 11 15 9 
12 4 3 8 6 16 10 14 -8 18 -6 -14 12 15 18 -7 18 14 -3 16 
17 20 3 7 14 3 9 -10 1 19 3 -11 3 1 3 20 11 17 16 10 
14 13 11 -19 11 4 5 19 16 16 4 10 11 19 9 16 12 16 16 1 
12 -8 -10 13 -14 1 -2 5 11 18 8 20 5 0 -16 0 -15 -7 -10 16 
11 9 17 -20 18 6 -15 16 1 10 1 11 13 16 -12 20 9 8 4 1 
12 16 5 19 6 1 -9 15 10 11 13 16 5 17 10 16 17 -9 5 18 
20 17 -7 9 4 20 -15 3 6 3 8 12 -17 12 13 15 -5 2 7 14 
10 15 4 -5 5 -7 2 12 12 -10 15 11 -19 12 4 0 18 0 20 0 
0 20 0 18 0 4 12 -19 11 15 -10 12 12 2 -7 5 -5 4 15 10 
14 7 2 -5 15 13 12 -17 12 8 3 6 3 -15 20 4 9 -7 17 20 
18 5 -9 17 16 10 17 5 16 13 11 10 15 -9 1 6 19 5 16 12 
1 4 8 9 20 -12 16 13 11 1 10 1 16 -15 6 18 -20 17 9 11 
16 -10 -7 -15 0 -16 0 5 20 8 18 11 5 -2 1 -14 13 -10 -8 12 
1 16 16 12 16 9 19 11 10 4 16 16 19 5 4 11 -19 11 13 14 
10 16 17 11 20 3 1 3 -11 3 19 1 -10 9 3 14 7 3 20 17 
16 -3 14 18 -7 18 15 12 -14 -6 18 -8 14 10 16 6 8 3 4 12 
9 15 11 1 6 20 14 16 20 12 -14 -6 3 14 4 -9 15 14 3 -12 
5 9 13 0 -1 7 5 5 10 1 13 12 2 13 9 6 2 0 14 9 
30
1
5 2
14 17
0
0
