20 20
12 13 13 16 4 16 13 -19 12 2 4 5 4 13 1 8 7 13 -10 9 
5 17 0 8 15 14 -4 6 15 -10 17 10 8 -15 -14 -4 1 12 9 15 
-5 15 2 3 16 10 -8 15 -16 -1 2 17 1 12 -11 1 -16 7 11 14 
-14 0 16 9 11 18 9 2 -13 19 19 18 11 11 17 -19 -18 1 1 17 
9 14 5 -15 10 16 10 16 14 -6 19 5 18 1 14 12 16 13 16 9 
-1 11 12 11 8 11 3 4 4 0 -16 5 18 14 13 11 -19 19 2 19 
7 16 -9 -2 3 12 13 4 -19 14 3 -13 -17 11 4 15 -3 16 -6 1 
2 -14 2 12 -6 -5 9 15 9 8 19 11 -9 12 13 -9 -6 3 -8 -18 
8 17 11 5 2 2 12 3 12 12 3 8 1 16 4 5 4 0 -11 -3 
18 6 9 13 9 5 -4 -18 6 15 5 4 -12 7 0 12 12 3 -6 2 
2 -6 3 12 12 0 7 -12 4 5 15 6 -18 -4 5 9 13 9 6 18 
-3 -11 0 4 5 4 16 1 8 3 12 12 3 12 2 2 5 11 17 8 
-18 -8 3 -6 -9 13 12 -9 11 19 8 9 15 9 -5 -6 12 2 -14 2 
1 -6 16 -3 15 4 11 -17 -13 3 14 -19 4 13 12 3 -2 -9 16 7 
19 2 19 -19 11 13 14 18 5 -16 0 4 4 3 11 8 11 12 11 -1 
9 16 13 16 12 14 1 18 5 19 -6 14 16 10 16 10 -15 5 14 9 
17 1 1 -18 -19 17 11 11 18 19 19 -13 2 9 18 11 9 16 0 -14 
14 11 7 -16 1 -11 12 1 17 2 -1 -16 15 -8 10 16 3 2 15 -5 
15 9 12 1 -4 -14 -15 8 10 17 -10 15 6 -4 14 15 8 0 17 5 
9 -10 13 7 8 1 13 4 5 4 2 12 -19 13 16 4 16 13 13 12 
30
1
0 17
19 2
0
0
