20 20
13 -13 24 17 19 23 5 -26 -22 8 5 12 26 26 2 7 18 24 24 -1 
7 -1 14 -10 -14 9 20 6 -4 25 20 2 -2 -2 16 -8 6 -20 5 13 
19 20 13 21 18 -24 6 1 13 4 11 -22 25 15 18 0 25 20 25 7 
16 25 -11 10 5 3 -25 13 22 11 9 17 -1 5 -2 26 22 17 19 7 
13 -14 13 21 -13 24 -18 -14 6 13 8 9 9 -14 -5 9 22 21 8 3 
-2 23 -15 12 17 15 -21 24 -10 11 -13 16 14 -4 7 2 2 -8 -17 -7 
5 18 24 -11 16 6 26 7 11 17 -26 0 -20 -25 14 2 -21 9 21 0 
17 21 9 24 8 16 5 24 -10 8 25 18 18 14 -24 0 23 22 -23 10 
2 20 -20 21 23 12 8 4 -16 26 -2 18 9 -22 4 9 19 -13 -1 22 
-5 7 9 2 26 26 12 25 -22 6 15 3 8 12 23 9 7 18 2 20 
20 2 18 7 9 23 12 8 3 15 6 -22 25 12 26 26 2 9 7 -5 
22 -1 -13 19 9 4 -22 9 18 -2 26 -16 4 8 12 23 21 -20 20 2 
10 -23 22 23 0 -24 14 18 18 25 8 -10 24 5 16 8 24 9 21 17 
0 21 9 -21 2 14 -25 -20 0 -26 17 11 7 26 6 16 -11 24 18 5 
-7 -17 -8 2 2 7 -4 14 16 -13 11 -10 24 -21 15 17 12 -15 23 -2 
3 8 21 22 9 -5 -14 9 9 8 13 6 -14 -18 24 -13 21 13 -14 13 
7 19 17 22 26 -2 5 -1 17 9 11 22 13 -25 3 5 10 -11 25 16 
7 25 20 25 0 18 15 25 -22 11 4 13 1 6 -24 18 21 13 20 19 
13 5 -20 6 -8 16 -2 -2 2 20 25 -4 6 20 9 -14 -10 14 -1 7 
-1 24 24 18 7 2 26 26 12 5 8 -22 -26 5 23 19 17 24 -13 13 
30
1
3 5
16 14
0
0
