20 20
2 4 3 -8 9 10 -6 6 6 2 2 11 12 16 10 17 13 16 19 17 
7 9 5 18 -4 -11 11 7 6 8 -9 12 10 11 15 13 9 -19 16 11 
19 10 8 1 -17 -12 18 15 11 20 4 10 12 -20 4 20 -13 4 -10 9 
-7 14 -7 16 0 10 -10 13 4 -16 20 -8 10 -12 -9 -13 7 1 10 -9 
-11 12 7 -1 10 16 -20 7 -10 18 8 12 20 4 -16 17 7 15 3 -13 
-10 -18 9 2 5 -3 -8 13 11 -5 16 -11 13 8 10 2 0 -6 8 -18 
-14 -9 -2 7 13 0 3 12 18 -12 -14 12 12 16 1 -19 -12 20 -9 12 
-19 5 11 -2 -13 2 4 -20 -16 -6 0 -11 18 19 15 11 18 -19 20 4 
-11 13 13 15 18 -11 13 4 16 -17 1 14 11 5 5 -16 18 9 10 15 
0 12 -10 10 3 19 12 6 8 15 15 1 6 -13 -9 7 4 1 13 3 
3 13 1 4 7 -9 -13 6 1 15 15 8 6 12 19 3 10 -10 12 0 
15 10 9 18 -16 5 5 11 14 1 -17 16 4 13 -11 18 15 13 13 -11 
4 20 -19 18 11 15 19 18 -11 0 -6 -16 -20 4 2 -13 -2 11 5 -19 
12 -9 20 -12 -19 1 16 12 12 -14 -12 18 12 3 0 13 7 -2 -9 -14 
-18 8 -6 0 2 10 8 13 -11 16 -5 11 13 -8 -3 5 2 9 -18 -10 
-13 3 15 7 17 -16 4 20 12 8 18 -10 7 -20 16 10 -1 7 12 -11 
-9 10 1 7 -13 -9 -12 10 -8 20 -16 4 13 -10 10 0 16 -7 14 -7 
9 -10 4 -13 20 4 -20 12 10 4 20 11 15 18 -12 -17 1 8 10 19 
11 16 -19 9 13 15 11 10 12 -9 8 6 7 11 -11 -4 18 5 9 7 
17 19 16 13 17 10 16 12 11 2 2 6 6 -6 10 9 -8 3 4 2 
30
1
5 6
14 13
0
0
