20 20
5 4 2 8 5 -1 2 -3 7 3 3 6 5 9 -5 4 8 2 0 3 
1 1 -2 1 -8 4 1 2 1 3 9 5 8 7 -1 7 -1 7 -4 -6 
1 9 8 0 2 8 5 -5 2 -6 1 -9 8 -6 5 2 2 6 7 -4 
9 8 6 8 4 3 1 8 -9 9 1 3 8 2 6 9 8 -4 -4 8 
9 0 8 4 8 7 1 7 4 1 9 -9 1 5 6 -5 1 4 8 1 
3 3 3 4 2 -6 0 3 -1 7 4 3 8 1 -4 9 -2 -7 6 5 
3 -9 7 -4 -3 1 7 2 1 9 2 -6 2 1 2 4 6 0 -6 -5 
8 0 8 -2 -5 4 7 5 1 1 8 5 3 3 -8 6 1 6 8 8 
-8 2 9 3 1 2 8 8 7 0 -4 9 2 1 8 -7 -7 -8 3 -9 
1 -9 7 1 6 0 6 3 4 5 2 6 1 9 3 -4 3 9 -1 7 
7 -1 9 3 -4 3 9 1 6 2 5 4 3 6 0 6 1 7 -9 1 
-9 3 -8 -7 -7 8 1 2 9 -4 0 7 8 8 2 1 3 9 2 -8 
8 8 6 1 6 -8 3 3 5 8 1 1 5 7 4 -5 -2 8 0 8 
-5 -6 0 6 4 2 1 2 -6 2 9 1 2 7 1 -3 -4 7 -9 3 
5 6 -7 -2 9 -4 1 8 3 4 7 -1 3 0 -6 2 4 3 3 3 
1 8 4 1 -5 6 5 1 -9 9 1 4 7 1 7 8 4 8 0 9 
8 -4 -4 8 9 6 2 8 3 1 9 -9 8 1 3 4 8 6 8 9 
-4 7 6 2 2 5 -6 8 -9 1 -6 2 -5 5 8 2 0 8 9 1 
-6 -4 7 -1 7 -1 7 8 5 9 3 1 2 1 4 -8 1 -2 1 1 
3 0 2 8 4 -5 9 5 6 3 3 7 -3 2 -1 5 8 2 4 5 
30
1
17 16
2 3
0
0
