20 20
17 18 -21 23 14 -20 17 13 21 18 2 19 18 1 19 19 -3 -20 -6 -21 
0 3 2 7 7 22 13 -21 -21 -4 14 1 -6 22 19 19 22 -9 16 4 
22 20 0 22 14 -21 14 -22 3 1 10 -3 22 3 3 18 -5 1 7 17 
-22 11 3 19 -2 17 10 22 1 21 22 -8 -1 17 -3 23 18 1 13 -7 
19 3 -19 13 -17 -14 -18 21 11 16 3 4 -6 -4 13 17 5 -11 -17 9 
14 -16 -15 7 17 4 14 9 -13 10 11 11 8 19 0 20 21 12 3 21 
10 -22 19 19 -17 22 3 -1 5 14 10 4 10 5 7 -8 -20 -2 14 20 
14 20 9 -13 16 0 11 22 20 16 21 2 -10 23 1 -3 17 3 14 10 
11 2 -8 2 3 -10 6 22 -4 5 -4 20 -6 8 18 -11 20 17 4 13 
5 16 16 4 12 22 19 14 5 1 7 16 21 23 22 7 -16 13 6 5 
5 6 13 -16 7 22 23 21 16 7 1 5 14 19 22 12 4 16 16 5 
13 4 17 20 -11 18 8 -6 20 -4 5 -4 22 6 -10 3 2 -8 2 11 
10 14 3 17 -3 1 23 -10 2 21 16 20 22 11 0 16 -13 9 20 14 
20 14 -2 -20 -8 7 5 10 4 10 14 5 -1 3 22 -17 19 19 -22 10 
21 3 12 21 20 0 19 8 11 11 10 -13 9 14 4 17 7 -15 -16 14 
9 -17 -11 5 17 13 -4 -6 4 3 16 11 21 -18 -14 -17 13 -19 3 19 
-7 13 1 18 23 -3 17 -1 -8 22 21 1 22 10 17 -2 19 3 11 -22 
17 7 1 -5 18 3 3 22 -3 10 1 3 -22 14 -21 14 22 0 20 22 
4 16 -9 22 19 19 22 -6 1 14 -4 -21 -21 13 22 7 7 2 3 0 
-21 -6 -20 -3 19 19 1 18 19 2 18 21 13 17 -20 14 23 -21 18 17 
30
1
18 6
1 13
0
0
