20 20
3 24 2 1 1 15 27 26 7 16 -12 22 -14 -17 18 13 -7 6 -11 -17 
19 13 8 30 17 30 0 27 28 1 23 3 26 19 5 -9 19 25 7 -12 
10 30 18 7 23 21 -22 -29 -28 23 17 1 19 23 15 0 8 -11 21 9 
-25 29 -28 4 12 9 -30 24 5 4 0 5 9 7 19 19 -11 8 10 -24 
19 25 9 -12 17 5 29 7 -21 29 4 -1 9 8 26 12 5 15 2 18 
24 17 -30 28 14 20 -22 23 26 10 -17 16 27 -4 25 -24 -29 4 -11 3 
22 -7 19 19 27 5 11 8 13 -15 24 24 11 27 -10 14 24 22 -25 9 
26 8 16 -21 -29 4 1 3 11 1 -10 -6 20 -4 5 25 17 22 -29 27 
24 20 7 16 2 5 23 17 -12 -17 10 27 0 17 8 24 29 25 12 2 
-10 15 30 5 27 -5 3 30 15 29 21 14 8 19 29 14 9 -6 19 16 
16 19 -6 9 14 29 19 8 14 21 29 15 30 3 -5 27 5 30 15 -10 
2 12 25 29 24 8 17 0 27 10 -17 -12 17 23 5 2 16 7 20 24 
27 -29 22 17 25 5 -4 20 -6 -10 1 11 3 1 4 -29 -21 16 8 26 
9 -25 22 24 14 -10 27 11 24 24 -15 13 8 11 5 27 19 19 -7 22 
3 -11 4 -29 -24 25 -4 27 16 -17 10 26 23 -22 20 14 28 -30 17 24 
18 2 15 5 12 26 8 9 -1 4 29 -21 7 29 5 17 -12 9 25 19 
-24 10 8 -11 19 19 7 9 5 0 4 5 24 -30 9 12 4 -28 29 -25 
9 21 -11 8 0 15 23 19 1 17 23 -28 -29 -22 21 23 7 18 30 10 
-12 7 25 19 -9 5 19 26 3 23 1 28 27 0 30 17 30 8 13 19 
-17 -11 6 -7 13 18 -17 -14 22 -12 16 7 26 27 15 1 1 2 24 3 
30
1
16 18
3 1
0
0
