20 20
-9 12 -5 9 12 5 2 -4 -3 -10 -2 -6 1 8 0 11 -2 9 4 3 
2 1 7 12 5 3 3 -5 -1 4 -11 -4 -2 2 -5 9 6 8 4 8 
1 9 -3 10 4 5 11 9 6 10 6 1 6 1 3 3 0 8 12 7 
-10 5 -1 -3 0 4 -6 -2 0 9 4 12 -4 5 3 1 1 7 -10 1 
8 2 6 9 5 -10 3 12 -6 1 0 -1 9 6 1 -9 6 -9 8 4 
7 -8 0 7 1 6 4 12 -3 11 10 -6 -12 8 10 1 10 5 1 1 
5 -10 4 2 -10 7 11 7 -2 10 4 6 8 6 10 9 -9 3 7 9 
4 -7 3 6 10 6 7 -9 0 -11 4 11 7 -3 8 5 8 4 8 5 
5 0 2 11 2 0 1 12 10 6 7 8 3 0 11 -12 2 -7 -3 7 
9 -6 -1 4 4 3 6 9 4 6 -12 8 7 1 12 2 -12 3 11 8 
8 11 3 -12 2 12 1 7 8 -12 6 4 9 6 3 4 4 -1 -6 9 
7 -3 -7 2 -12 11 0 3 8 7 6 10 12 1 0 2 11 2 0 5 
5 8 4 8 5 8 -3 7 11 4 -11 0 -9 7 6 10 6 3 -7 4 
9 7 3 -9 9 10 6 8 6 4 10 -2 7 11 7 -10 2 4 -10 5 
1 1 5 10 1 10 8 -12 -6 10 11 -3 12 4 6 1 7 0 -8 7 
4 8 -9 6 -9 1 6 9 -1 0 1 -6 12 3 -10 5 9 6 2 8 
1 -10 7 1 1 3 5 -4 12 4 9 0 -2 -6 4 0 -3 -1 5 -10 
7 12 8 0 3 3 1 6 1 6 10 6 9 11 5 4 10 -3 9 1 
8 4 8 6 9 -5 2 -2 -4 -11 4 -1 -5 3 3 5 12 7 1 2 
3 4 9 -2 11 0 8 1 -6 -2 -10 -3 -4 2 5 12 9 -5 12 -9 
30
1
0 4
19 15
0
0
