20 20
24 0 21 7 12 10 6 14 19 22 12 -13 11 -18 10 13 14 15 -2 7 
19 19 5 16 13 11 0 26 3 15 -23 21 17 26 27 26 -26 8 8 3 
7 26 27 -2 26 15 2 8 21 16 -14 8 -9 27 -15 -17 5 26 -20 -24 
25 -17 -12 4 14 16 20 16 23 14 -22 -6 12 1 5 8 -3 6 1 24 
15 21 8 14 -26 21 -25 15 10 14 24 21 24 -16 -1 14 -23 11 -5 -25 
-23 14 -1 -14 12 27 11 7 16 16 -23 -9 8 23 5 15 1 3 19 7 
2 -26 -20 -10 21 4 7 10 13 21 2 2 3 -14 26 15 2 -13 23 3 
18 21 18 -24 26 20 17 25 8 3 -24 -22 14 24 25 -12 20 7 5 22 
-23 9 15 11 -17 23 -15 21 5 1 15 19 20 -26 16 4 -21 20 19 22 
16 -16 -25 26 27 12 25 -3 23 19 5 10 23 11 27 16 8 3 5 3 
3 5 3 8 16 27 11 23 10 5 19 23 -3 25 12 27 26 -25 -16 16 
22 19 20 -21 4 16 -26 20 19 15 1 5 21 -15 23 -17 11 15 9 -23 
22 5 7 20 -12 25 24 14 -22 -24 3 8 25 17 20 26 -24 18 21 18 
3 23 -13 2 15 26 -14 3 2 2 21 13 10 7 4 21 -10 -20 -26 2 
7 19 3 1 15 5 23 8 -9 -23 16 16 7 11 27 12 -14 -1 14 -23 
-25 -5 11 -23 14 -1 -16 24 21 24 14 10 15 -25 21 -26 14 8 21 15 
24 1 6 -3 8 5 1 12 -6 -22 14 23 16 20 16 14 4 -12 -17 25 
-24 -20 26 5 -17 -15 27 -9 8 -14 16 21 8 2 15 26 -2 27 26 7 
3 8 8 -26 26 27 26 17 21 -23 15 3 26 0 11 13 16 5 19 19 
7 -2 15 14 13 10 -18 11 -13 12 22 19 14 6 10 12 7 21 0 24 
30
1
14 4
5 15
0
0
