20 20
7 -21 -8 7 21 13 1 -10 8 0 16 -7 4 -10 16 3 -17 11 20 21 
0 21 -13 20 14 13 10 -5 4 2 -6 11 1 7 4 -11 22 13 13 -22 
-12 -5 4 17 10 12 21 14 -19 9 2 13 21 14 -6 -22 2 6 22 -18 
7 1 18 11 11 -13 22 21 -1 9 8 0 14 1 -13 12 21 -12 8 21 
-7 5 20 2 -21 2 13 7 11 -14 12 7 20 0 19 10 19 -19 0 12 
0 -11 6 17 8 3 21 5 7 -17 9 -19 12 13 21 15 13 8 5 2 
-8 13 6 20 21 11 -22 7 21 10 2 15 0 17 14 20 4 15 21 -20 
21 4 -16 10 20 20 17 0 21 20 11 13 21 17 -19 -10 -12 15 22 -15 
14 -2 18 4 19 5 -16 20 11 12 7 19 22 -20 15 12 9 10 2 3 
-8 1 13 3 16 -4 -4 -6 16 8 2 1 1 12 -13 11 8 -14 6 2 
2 6 -14 8 11 -13 12 1 1 2 8 16 -6 -4 -4 16 3 13 1 -8 
3 2 10 9 12 15 -20 22 19 7 12 11 20 -16 5 19 4 18 -2 14 
-15 22 15 -12 -10 -19 17 21 13 11 20 21 0 17 20 20 10 -16 4 21 
-20 21 15 4 20 14 17 0 15 2 10 21 7 -22 11 21 20 6 13 -8 
2 5 8 13 15 21 13 12 -19 9 -17 7 5 21 3 8 17 6 -11 0 
12 0 -19 19 10 19 0 20 7 12 -14 11 7 13 2 -21 2 20 5 -7 
21 8 -12 21 12 -13 1 14 0 8 9 -1 21 22 -13 11 11 18 1 7 
-18 22 6 2 -22 -6 14 21 13 2 9 -19 14 21 12 10 17 4 -5 -12 
-22 13 13 22 -11 4 7 1 11 -6 2 4 -5 10 13 14 20 -13 21 0 
21 20 11 -17 3 16 -10 4 -7 16 0 8 -10 1 13 21 7 -8 -21 7 
30
1
1 17
18 2
0
0
