20 20
14 9 2 4 -17 14 21 12 -25 8 7 23 -17 14 12 -1 2 15 18 7 
4 1 17 5 0 -18 1 12 -17 9 -15 23 19 -18 24 12 6 5 -2 -6 
-24 19 9 7 17 1 21 -8 24 9 6 -12 13 -5 -8 -6 5 -5 1 19 
-25 11 25 14 5 7 10 6 4 2 -22 17 4 18 16 1 -22 20 19 -23 
5 -17 15 23 -10 2 19 -18 19 23 19 23 9 -21 8 6 13 14 -6 -5 
9 -21 9 9 14 10 23 16 12 22 3 24 -19 17 25 -11 -22 6 7 2 
-14 4 -24 20 20 6 3 20 23 16 10 6 -19 1 20 12 3 -22 19 5 
20 -4 13 -3 22 8 18 7 0 -3 21 9 15 17 -8 24 5 21 4 -20 
5 -7 2 17 -5 -4 5 19 1 8 9 6 25 -2 0 9 -6 15 6 4 
23 13 11 22 10 24 9 5 4 1 2 14 23 25 7 12 18 16 6 6 
6 6 16 18 12 7 25 23 14 2 1 4 5 9 24 10 22 11 13 23 
4 6 15 -6 9 0 -2 25 6 9 8 1 19 5 -4 -5 17 2 -7 5 
-20 4 21 5 24 -8 17 15 9 21 -3 0 7 18 8 22 -3 13 -4 20 
5 19 -22 3 12 20 1 -19 6 10 16 23 20 3 6 20 20 -24 4 -14 
2 7 6 -22 -11 25 17 -19 24 3 22 12 16 23 10 14 9 9 -21 9 
-5 -6 14 13 6 8 -21 9 23 19 23 19 -18 19 2 -10 23 15 -17 5 
-23 19 20 -22 1 16 18 4 17 -22 2 4 6 10 7 5 14 25 11 -25 
19 1 -5 5 -6 -8 -5 13 -12 6 9 24 -8 21 1 17 7 9 19 -24 
-6 -2 5 6 12 24 -18 19 23 -15 9 -17 12 1 -18 0 5 17 1 4 
7 18 15 2 -1 12 14 -17 23 7 8 -25 12 21 14 -17 4 2 9 14 
30
1
10 16
9 3
0
0
