20 20
16 -2 16 9 -6 9 13 19 18 20 -1 12 5 -5 14 3 11 -19 -1 -20 
18 5 0 20 -10 14 7 -7 5 12 -16 -14 4 13 -9 4 11 14 8 5 
19 5 18 12 15 10 20 -2 19 14 17 -18 6 -5 11 8 2 -6 6 19 
15 -18 9 2 11 12 -8 11 9 10 16 -5 3 -4 3 17 18 5 5 5 
-11 6 -9 -13 -4 -16 -7 9 1 20 -9 18 15 14 8 9 20 12 -2 2 
3 0 17 -12 -13 8 -20 2 1 8 -20 19 -2 11 13 1 1 -11 2 6 
15 6 8 20 10 6 18 6 7 14 10 9 11 2 18 17 14 9 6 20 
13 17 -8 4 5 8 -18 11 -17 5 0 14 17 10 -15 -15 5 -2 -17 20 
-18 16 6 13 -8 -6 13 0 1 3 -13 -15 10 2 7 15 -11 17 -17 12 
9 16 5 1 10 15 18 13 5 2 2 16 17 20 20 19 -5 -15 19 -5 
-5 19 -15 -5 19 20 20 17 16 2 2 5 13 18 15 10 1 5 16 9 
12 -17 17 -11 15 7 2 10 -15 -13 3 1 0 13 -6 -8 13 6 16 -18 
20 -17 -2 5 -15 -15 10 17 14 0 5 -17 11 -18 8 5 4 -8 17 13 
20 6 9 14 17 18 2 11 9 10 14 7 6 18 6 10 20 8 6 15 
6 2 -11 1 1 13 11 -2 19 -20 8 1 2 -20 8 -13 -12 17 0 3 
2 -2 12 20 9 8 14 15 18 -9 20 1 9 -7 -16 -4 -13 -9 6 -11 
5 5 5 18 17 3 -4 3 -5 16 10 9 11 -8 12 11 2 9 -18 15 
19 6 -6 2 8 11 -5 6 -18 17 14 19 -2 20 10 15 12 18 5 19 
5 8 14 11 4 -9 13 4 -14 -16 12 5 -7 7 14 -10 20 0 5 18 
-20 -1 -19 11 3 14 -5 5 12 -1 20 18 19 13 9 -6 9 16 -2 16 
30
1
15 16
4 3
0
0
