20 20
7 12 3 4 11 -5 11 6 1 10 2 1 0 12 10 3 1 7 10 0 
-10 3 11 6 12 8 12 10 2 -1 2 11 6 7 10 -9 -11 11 12 12 
6 9 10 8 6 6 9 11 10 -5 12 6 1 -5 12 -4 -7 -1 6 -8 
11 4 1 11 11 2 3 8 -8 -7 4 4 -10 12 -6 -4 1 10 12 -8 
5 8 9 -12 6 10 -8 5 6 3 9 -7 5 2 6 -3 6 -3 1 -9 
-1 1 6 4 12 12 4 6 11 -7 10 11 -6 6 1 7 10 -7 6 12 
11 1 8 -3 4 -1 2 6 7 4 -6 3 -5 -9 9 0 7 1 -8 -7 
4 9 0 7 9 11 1 -12 11 6 0 5 7 6 -4 7 -12 5 8 -2 
-2 0 0 4 12 5 0 1 9 5 12 5 6 7 9 7 -8 1 1 4 
5 -8 8 7 -1 -5 -10 7 12 4 -2 8 9 4 11 4 8 -7 10 5 
5 10 -7 8 4 11 4 9 8 -2 4 12 7 -10 -5 -1 7 8 -8 5 
4 1 1 -8 7 9 7 6 5 12 5 9 1 0 5 12 4 0 0 -2 
-2 8 5 -12 7 -4 6 7 5 0 6 11 -12 1 11 9 7 0 9 4 
-7 -8 1 7 0 9 -9 -5 3 -6 4 7 6 2 -1 4 -3 8 1 11 
12 6 -7 10 7 1 6 -6 11 10 -7 11 6 4 12 12 4 6 1 -1 
-9 1 -3 6 -3 6 2 5 -7 9 3 6 5 -8 10 6 -12 9 8 5 
-8 12 10 1 -4 -6 12 -10 4 4 -7 -8 8 3 2 11 11 1 4 11 
-8 6 -1 -7 -4 12 -5 1 6 12 -5 10 11 9 6 6 8 10 9 6 
12 12 11 -11 -9 10 7 6 11 2 -1 2 10 12 8 12 6 11 3 -10 
0 10 7 1 3 10 12 0 1 2 10 1 6 11 -5 11 4 3 12 7 
30
1
14 0
5 19
0
0
