20 20
13 9 -17 14 -8 17 17 7 11 13 -9 17 4 -10 1 1 3 -14 1 9 
13 12 6 0 9 -16 1 2 7 11 7 14 -13 -16 9 -4 -17 16 1 8 
6 5 17 14 -2 5 8 10 10 13 9 5 1 -8 -7 3 5 0 15 9 
1 13 -17 1 8 2 8 6 7 16 12 -2 -13 12 7 16 1 8 6 -11 
9 1 1 8 9 7 9 7 2 6 7 8 -2 17 6 10 13 0 -8 10 
12 17 4 -7 1 12 17 1 16 -8 3 1 -14 -10 2 7 10 -9 5 14 
10 1 1 3 12 -10 3 13 -4 17 0 6 0 -13 5 12 6 -3 -6 16 
5 8 -2 4 2 14 9 14 5 -15 2 5 0 15 3 5 15 8 16 9 
12 0 2 3 12 -7 4 6 11 9 2 -13 -4 -12 17 16 3 2 7 4 
-15 17 7 7 17 0 -7 14 3 12 17 5 -7 3 6 -13 2 2 12 7 
7 12 2 2 -13 6 3 -7 5 17 12 3 14 -7 0 17 7 7 17 -15 
4 7 2 3 16 17 -12 -4 -13 2 9 11 6 4 -7 12 3 2 0 12 
9 16 8 15 5 3 15 0 5 2 -15 5 14 9 14 2 4 -2 8 5 
16 -6 -3 6 12 5 -13 0 6 0 17 -4 13 3 -10 12 3 1 1 10 
14 5 -9 10 7 2 -10 -14 1 3 -8 16 1 17 12 1 -7 4 17 12 
10 -8 0 13 10 6 17 -2 8 7 6 2 7 9 7 9 8 1 1 9 
-11 6 8 1 16 7 12 -13 -2 12 16 7 6 8 2 8 1 -17 13 1 
9 15 0 5 3 -7 -8 1 5 9 13 10 10 8 5 -2 14 17 5 6 
8 1 16 -17 -4 9 -16 -13 14 7 11 7 2 1 -16 9 0 6 12 13 
9 1 -14 3 1 1 -10 4 17 -9 13 11 7 17 17 -8 14 -17 9 13 
30
1
4 1
15 18
0
0
