20 20
-20 13 3 23 23 17 18 23 -2 4 -16 18 5 1 2 22 10 5 3 13 
6 10 -20 2 7 6 2 0 10 -5 4 5 16 16 -18 7 17 13 -5 18 
-23 23 12 17 21 21 -3 22 17 -22 4 19 19 7 9 15 -12 -2 1 7 
-8 22 14 4 -6 1 13 1 18 22 4 13 20 13 -23 9 21 0 17 1 
21 -2 -23 9 20 10 7 3 4 17 -22 3 12 -23 14 21 6 -1 17 17 
-5 15 0 10 16 22 18 16 19 -8 17 9 -21 23 14 1 12 18 7 8 
6 5 18 -19 21 17 -9 -20 -20 14 23 7 16 -13 -5 23 -2 12 22 3 
2 6 -19 6 1 14 -5 7 7 18 12 17 20 9 1 21 1 1 -19 12 
-21 16 15 1 1 12 -22 13 2 -18 -13 -7 13 1 -10 7 6 23 21 -14 
15 -7 -19 12 12 16 7 17 11 16 23 14 21 2 16 14 17 19 6 -23 
-23 6 19 17 14 16 2 21 14 23 16 11 17 7 16 12 12 -19 -7 15 
-14 21 23 6 7 -10 1 13 -7 -13 -18 2 13 -22 12 1 1 15 16 -21 
12 -19 1 1 21 1 9 20 17 12 18 7 7 -5 14 1 6 -19 6 2 
3 22 12 -2 23 -5 -13 16 7 23 14 -20 -20 -9 17 21 -19 18 5 6 
8 7 18 12 1 14 23 -21 9 17 -8 19 16 18 22 16 10 0 15 -5 
17 17 -1 6 21 14 -23 12 3 -22 17 4 3 7 10 20 9 -23 -2 21 
1 17 0 21 9 -23 13 20 13 4 22 18 1 13 1 -6 4 14 22 -8 
7 1 -2 -12 15 9 7 19 19 4 -22 17 22 -3 21 21 17 12 23 -23 
18 -5 13 17 7 -18 16 16 5 4 -5 10 0 2 6 7 2 -20 10 6 
13 3 5 10 22 2 1 5 18 -16 4 -2 23 18 17 23 23 3 13 -20 
30
1
19 14
0 5
0
0
