20 20
17 -7 5 12 6 2 -9 17 -7 9 10 18 0 12 10 1 2 1 14 -5 
4 15 5 -6 -1 13 1 5 -10 5 17 1 -5 0 -13 -16 16 16 -1 4 
12 1 2 15 4 9 2 17 16 4 8 3 11 -10 6 1 1 -18 -1 2 
3 15 16 7 18 -6 13 18 8 18 6 5 0 14 7 -3 1 -14 14 10 
-1 2 15 14 2 -9 -16 5 5 9 -10 5 6 3 18 2 18 5 14 10 
11 3 12 3 8 12 0 -13 15 6 11 18 4 4 18 2 -7 14 -13 3 
-2 8 -10 -17 11 0 -9 8 18 -2 14 12 10 8 -8 10 3 9 -14 -13 
-2 12 -10 7 5 7 1 -15 9 15 16 -12 0 -8 12 11 7 12 16 8 
-13 15 17 7 1 -17 15 18 4 0 3 -5 7 3 18 4 12 12 12 -7 
-14 7 6 -9 -15 -10 4 10 0 10 17 -1 0 3 5 -18 -8 2 16 15 
15 16 2 -8 -18 5 3 0 -1 17 10 0 10 4 -10 -15 -9 6 7 -14 
-7 12 12 12 4 18 3 7 -5 3 0 4 18 15 -17 1 7 17 15 -13 
8 16 12 7 11 12 -8 0 -12 16 15 9 -15 1 7 5 7 -10 12 -2 
-13 -14 9 3 10 -8 8 10 12 14 -2 18 8 -9 0 11 -17 -10 8 -2 
3 -13 14 -7 2 18 4 4 18 11 6 15 -13 0 12 8 3 12 3 11 
10 14 5 18 2 18 3 6 5 -10 9 5 5 -16 -9 2 14 15 2 -1 
10 14 -14 1 -3 7 14 0 5 6 18 8 18 13 -6 18 7 16 15 3 
2 -1 -18 1 1 6 -10 11 3 8 4 16 17 2 9 4 15 2 1 12 
4 -1 16 16 -16 -13 0 -5 1 17 5 -10 5 1 13 -1 -6 5 15 4 
-5 14 1 2 1 10 12 0 18 10 9 -7 17 -9 2 6 12 5 -7 17 
30
1
17 1
2 18
0
0
