20 20
14 5 4 14 -19 20 5 0 13 6 -5 7 11 1 14 15 14 19 4 6 
12 9 1 16 6 -5 -10 -15 7 5 8 9 17 3 17 9 20 3 20 -16 
3 9 8 -7 -3 17 -8 16 -4 3 3 8 19 18 2 16 -15 14 -10 4 
-18 16 5 -20 -4 5 4 4 10 0 7 17 0 3 14 -12 -11 -14 5 -12 
-11 0 6 4 10 0 14 -2 -2 7 2 1 0 2 7 -2 8 9 3 12 
7 -11 13 19 8 5 14 16 15 10 11 18 8 8 12 6 18 8 15 18 
16 0 -5 9 15 0 19 15 -7 16 17 18 8 15 15 5 -6 7 16 17 
4 2 15 8 14 -8 18 7 4 12 -11 4 17 -10 1 11 2 7 13 -10 
7 0 17 -15 10 5 14 -19 -6 0 6 13 14 -11 -15 11 3 -20 -19 -1 
6 19 11 7 2 0 -12 5 -5 -8 10 12 -16 20 -4 0 -5 -12 17 -8 
-8 17 -12 -5 0 -4 20 -16 12 10 -8 -5 5 -12 0 2 7 11 19 6 
-1 -19 -20 3 11 -15 -11 14 13 6 0 -6 -19 14 5 10 -15 17 0 7 
-10 13 7 2 11 1 -10 17 4 -11 12 4 7 18 -8 14 8 15 2 4 
17 16 7 -6 5 15 15 8 18 17 16 -7 15 19 0 15 9 -5 0 16 
18 15 8 18 6 12 8 8 18 11 10 15 16 14 5 8 19 13 -11 7 
12 3 9 8 -2 7 2 0 1 2 7 -2 -2 14 0 10 4 6 0 -11 
-12 5 -14 -11 -12 14 3 0 17 7 0 10 4 4 5 -4 -20 5 16 -18 
4 -10 14 -15 16 2 18 19 8 3 3 -4 16 -8 17 -3 -7 8 9 3 
-16 20 3 20 9 17 3 17 9 8 5 7 -15 -10 -5 6 16 1 9 12 
6 4 19 14 15 14 1 11 7 -5 6 13 0 5 20 -19 14 4 5 14 
30
1
0 3
19 16
0
0
