20 20
24 16 5 27 12 5 10 25 25 11 22 14 -5 23 19 -19 -8 18 0 -25 
-4 -20 6 11 -10 21 21 5 1 -14 -20 14 13 21 25 2 25 -8 -4 24 
18 20 22 15 24 23 -7 25 -20 -15 -27 -24 6 24 22 20 5 26 2 25 
14 -25 11 1 8 8 20 26 17 23 12 -1 -25 -13 14 -6 25 0 -13 13 
-7 23 0 9 18 -2 8 15 -7 17 14 26 -17 26 11 6 17 22 15 7 
21 -4 17 2 13 17 16 23 -7 4 -7 4 15 -10 4 20 27 3 4 15 
7 14 7 7 -5 23 6 23 1 19 22 -23 1 27 21 17 7 2 13 23 
-21 19 -3 25 22 -9 20 20 0 27 20 27 -19 13 14 -19 -3 20 20 2 
26 -3 10 17 14 -6 6 19 -17 24 10 -9 26 14 22 1 16 18 7 23 
8 13 12 4 11 7 12 2 -5 15 -12 7 23 6 6 -5 9 9 -16 6 
6 -16 9 9 -5 6 6 23 7 -12 15 -5 2 12 7 11 4 12 13 8 
23 7 18 16 1 22 14 26 -9 10 24 -17 19 6 -6 14 17 10 -3 26 
2 20 20 -3 -19 14 13 -19 27 20 27 0 20 20 -9 22 25 -3 19 -21 
23 13 2 7 17 21 27 1 -23 22 19 1 23 6 23 -5 7 7 14 7 
15 4 3 27 20 4 -10 15 4 -7 4 -7 23 16 17 13 2 17 -4 21 
7 15 22 17 6 11 26 -17 26 14 17 -7 15 8 -2 18 9 0 23 -7 
13 -13 0 25 -6 14 -13 -25 -1 12 23 17 26 20 8 8 1 11 -25 14 
25 2 26 5 20 22 24 6 -24 -27 -15 -20 25 -7 23 24 15 22 20 18 
24 -4 -8 25 2 25 21 13 14 -20 -14 1 5 21 21 -10 11 6 -20 -4 
-25 0 18 -8 -19 19 23 -5 14 22 11 25 25 10 5 12 27 5 16 24 
30
1
8 3
11 16
0
0
