20 20
22 18 11 -17 -24 11 11 16 15 25 10 9 -21 23 17 23 3 -11 12 2 
11 -19 26 10 14 19 13 9 8 -18 -7 7 16 4 1 16 10 9 -19 16 
4 21 11 10 18 12 -17 25 14 16 -16 2 18 -25 22 14 5 12 22 -14 
13 22 -6 19 13 11 8 -24 -4 17 27 1 15 22 12 12 13 18 -13 -12 
29 1 -25 21 12 15 -27 -23 9 -21 13 10 7 12 18 -4 -12 3 20 15 
-16 3 15 -5 -23 12 26 6 27 8 25 12 1 3 26 8 -15 9 3 -10 
23 22 13 -9 23 -2 3 20 23 -19 2 8 16 19 24 8 5 2 18 9 
25 13 17 3 16 15 14 -22 8 2 22 4 16 17 11 2 6 0 6 -26 
15 -13 4 28 8 -17 15 16 16 -24 29 25 13 3 0 21 20 -6 26 -23 
-18 29 -22 25 -28 -1 5 22 -7 -24 15 19 13 0 25 26 12 11 17 7 
7 17 11 12 26 25 0 13 19 15 -24 -7 22 5 -1 -28 25 -22 29 -18 
-23 26 -6 20 21 0 3 13 25 29 -24 16 16 15 -17 8 28 4 -13 15 
-26 6 0 6 2 11 17 16 4 22 2 8 -22 14 15 16 3 17 13 25 
9 18 2 5 8 24 19 16 8 2 -19 23 20 3 -2 23 -9 13 22 23 
-10 3 9 -15 8 26 3 1 12 25 8 27 6 26 12 -23 -5 15 3 -16 
15 20 3 -12 -4 18 12 7 10 13 -21 9 -23 -27 15 12 21 -25 1 29 
-12 -13 18 13 12 12 22 15 1 27 17 -4 -24 8 11 13 19 -6 22 13 
-14 22 12 5 14 22 -25 18 2 -16 16 14 25 -17 12 18 10 11 21 4 
16 -19 9 10 16 1 4 16 7 -7 -18 8 9 13 19 14 10 26 -19 11 
2 12 -11 3 23 17 23 -21 9 10 25 15 16 11 11 -24 -17 11 18 22 
30
1
7 14
12 5
0
0
