20 20
7 13 21 7 23 20 10 13 28 -3 -17 9 18 11 28 -22 6 26 18 10 
1 -22 12 30 -28 -21 7 24 14 17 8 30 28 11 -26 30 17 24 16 30 
21 23 -30 9 13 6 -19 -14 -22 26 0 -14 22 2 21 12 3 5 21 26 
26 -16 11 13 28 20 16 2 7 14 6 -21 4 11 0 20 1 24 19 13 
-4 -27 -1 11 2 18 0 -19 8 3 -11 8 22 27 10 24 -5 9 11 -16 
-7 10 29 18 24 -14 28 -1 5 18 -23 -21 13 29 28 6 -4 22 -11 -21 
23 -2 -4 23 -28 14 17 8 21 0 -17 21 20 7 13 9 18 5 20 26 
3 2 11 9 21 14 25 -12 20 17 12 -16 12 18 30 26 4 27 14 4 
3 12 26 -18 1 0 14 21 -14 10 25 17 18 23 -16 20 28 25 12 -29 
17 20 -18 17 27 26 28 4 -11 4 22 20 7 26 28 -6 10 -4 2 -3 
-3 2 -4 10 -6 28 26 7 20 22 4 -11 4 28 26 27 17 -18 20 17 
-29 12 25 28 20 -16 23 18 17 25 10 -14 21 14 0 1 -18 26 12 3 
4 14 27 4 26 30 18 12 -16 12 17 20 -12 25 14 21 9 11 2 3 
26 20 5 18 9 13 7 20 21 -17 0 21 8 17 14 -28 23 -4 -2 23 
-21 -11 22 -4 6 28 29 13 -21 -23 18 5 -1 28 -14 24 18 29 10 -7 
-16 11 9 -5 24 10 27 22 8 -11 3 8 -19 0 18 2 11 -1 -27 -4 
13 19 24 1 20 0 11 4 -21 6 14 7 2 16 20 28 13 11 -16 26 
26 21 5 3 12 21 2 22 -14 0 26 -22 -14 -19 6 13 9 -30 23 21 
30 16 24 17 30 -26 11 28 30 8 17 14 24 7 -21 -28 30 12 -22 1 
10 18 26 6 -22 28 11 18 9 -17 -3 28 13 10 20 23 7 21 13 7 
30
1
11 12
8 7
0
0
