20 20
7 14 4 -3 -1 3 13 -3 15 7 -8 -2 10 7 4 9 -11 7 -11 -10 
10 -14 8 11 -15 8 -7 14 9 8 14 8 7 -5 -5 10 14 4 -2 4 
8 -6 4 4 -7 14 8 14 5 13 3 5 14 5 1 5 12 5 -9 0 
2 1 15 -7 -12 7 6 -13 1 11 0 1 9 -4 14 9 15 1 0 13 
2 -13 8 -3 11 2 -12 -9 3 14 8 -6 2 -14 -4 3 2 -2 11 2 
7 12 15 11 -2 13 1 -15 6 -9 0 0 8 7 -15 5 10 -11 13 -9 
6 -14 0 8 3 -8 4 8 15 4 -10 1 -6 0 7 12 14 7 4 -2 
-3 1 13 13 12 -15 2 14 15 1 -3 0 10 5 15 5 11 2 -12 -12 
-5 2 1 12 8 10 0 -8 2 10 -8 12 4 15 -12 3 6 3 14 -8 
2 9 2 3 15 10 8 7 14 15 11 12 1 -1 15 14 4 5 6 13 
13 6 5 4 14 15 -1 1 12 11 15 14 7 8 10 15 3 2 9 2 
-8 14 3 6 3 -12 15 4 12 -8 10 2 -8 0 10 8 12 1 2 -5 
-12 -12 2 11 5 15 5 10 0 -3 1 15 14 2 -15 12 13 13 1 -3 
-2 4 7 14 12 7 0 -6 1 -10 4 15 8 4 -8 3 8 0 -14 6 
-9 13 -11 10 5 -15 7 8 0 0 -9 6 -15 1 13 -2 11 15 12 7 
2 11 -2 2 3 -4 -14 2 -6 8 14 3 -9 -12 2 11 -3 8 -13 2 
13 0 1 15 9 14 -4 9 1 0 11 1 -13 6 7 -12 -7 15 1 2 
0 -9 5 12 5 1 5 14 5 3 13 5 14 8 14 -7 4 4 -6 8 
4 -2 4 14 10 -5 -5 7 8 14 8 9 14 -7 8 -15 11 8 -14 10 
-10 -11 7 -11 9 4 7 10 -2 -8 7 15 -3 13 3 -1 -3 4 14 7 
30
1
6 11
13 8
0
0
