20 20
11 7 0 9 8 2 -5 -9 1 10 -6 3 6 1 11 4 13 -12 8 -4 
-4 -11 -14 -7 5 10 7 13 -8 -14 13 -5 5 11 1 9 8 13 6 1 
-10 13 6 1 4 5 13 13 -10 4 5 3 3 -14 3 12 -6 0 0 -8 
4 -10 -9 6 -12 8 14 -8 13 11 1 -7 -7 -13 11 5 0 14 14 -5 
11 12 1 6 0 7 1 4 13 -5 -4 9 2 10 4 -9 -6 0 6 5 
14 2 4 7 -3 5 -11 10 -3 11 -13 -11 11 -13 10 5 4 -14 -6 3 
-3 -10 5 3 -13 7 4 13 1 7 -5 3 12 0 14 -7 10 12 8 3 
-13 14 14 11 -2 -8 9 5 5 9 7 8 7 9 -11 6 6 7 14 13 
10 -6 -2 6 -6 1 11 12 -13 -3 13 10 -12 -4 3 8 11 11 5 9 
-6 10 3 -7 -9 3 6 10 8 0 8 8 -11 3 8 14 13 8 3 5 
5 3 8 13 14 8 3 -11 8 8 0 8 10 6 3 -9 -7 3 10 -6 
9 5 11 11 8 3 -4 -12 10 13 -3 -13 12 11 1 -6 6 -2 -6 10 
13 14 7 6 6 -11 9 7 8 7 9 5 5 9 -8 -2 11 14 14 -13 
3 8 12 10 -7 14 0 12 3 -5 7 1 13 4 7 -13 3 5 -10 -3 
3 -6 -14 4 5 10 -13 11 -11 -13 11 -3 10 -11 5 -3 7 4 2 14 
5 6 0 -6 -9 4 10 2 9 -4 -5 13 4 1 7 0 6 1 12 11 
-5 14 14 0 5 11 -13 -7 -7 1 11 13 -8 14 8 -12 6 -9 -10 4 
-8 0 0 -6 12 3 -14 3 3 5 4 -10 13 13 5 4 1 6 13 -10 
1 6 13 8 9 1 11 5 -5 13 -14 -8 13 7 10 5 -7 -14 -11 -4 
-4 8 -12 13 4 11 1 6 3 -6 10 1 -9 -5 2 8 9 0 7 11 
30
1
1 11
18 8
0
0
