20 20
13 25 5 8 16 -3 20 3 10 14 -22 9 1 15 -20 9 13 17 14 20 
26 16 25 -16 -5 -24 14 10 8 22 17 25 3 7 20 -9 20 -14 16 -10 
25 20 -5 14 10 9 21 23 3 -11 12 16 17 -1 -22 22 3 -24 10 -1 
18 -3 17 10 16 -19 15 6 9 -11 11 -9 20 10 15 7 4 -20 18 24 
23 -15 13 21 17 -4 6 24 -16 22 20 25 -16 9 24 3 -25 3 19 -16 
14 22 20 19 2 12 11 9 11 20 13 3 3 12 -26 14 6 25 -4 -2 
21 21 -6 8 8 25 25 4 19 12 -16 2 5 25 -12 25 1 20 -19 -5 
4 11 17 22 17 14 -19 1 24 26 16 11 -19 14 22 -12 7 3 18 1 
9 6 19 -15 -21 -16 -3 19 23 10 13 -11 23 16 3 0 13 -9 15 22 
15 12 20 13 10 13 -2 -12 -13 23 13 -4 6 2 22 -3 0 14 -6 5 
5 -6 14 0 -3 22 2 6 -4 13 23 -13 -12 -2 13 10 13 20 12 15 
22 15 -9 13 0 3 16 23 -11 13 10 23 19 -3 -16 -21 -15 19 6 9 
1 18 3 7 -12 22 14 -19 11 16 26 24 1 -19 14 17 22 17 11 4 
-5 -19 20 1 25 -12 25 5 2 -16 12 19 4 25 25 8 8 -6 21 21 
-2 -4 25 6 14 -26 12 3 3 13 20 11 9 11 12 2 19 20 22 14 
-16 19 3 -25 3 24 9 -16 25 20 22 -16 24 6 -4 17 21 13 -15 23 
24 18 -20 4 7 15 10 20 -9 11 -11 9 6 15 -19 16 10 17 -3 18 
-1 10 -24 3 22 -22 -1 17 16 12 -11 3 23 21 9 10 14 -5 20 25 
-10 16 -14 20 -9 20 7 3 25 17 22 8 10 14 -24 -5 -16 25 16 26 
20 14 17 13 9 -20 15 1 9 -22 14 10 3 20 -3 16 8 5 25 13 
30
1
0 9
19 10
0
0
