20 20
3 -9 5 3 4 8 3 8 7 7 -13 17 16 1 15 0 0 1 -2 3 
-2 11 -7 15 12 8 -17 -13 -6 8 14 14 -14 7 15 -17 -10 -6 -16 4 
0 5 -17 -17 2 8 -6 15 12 8 -4 4 15 0 16 -6 4 8 8 -15 
-17 13 12 3 14 -9 9 13 15 7 14 -9 11 4 10 -1 7 3 17 -9 
-6 1 -14 -2 12 9 -11 7 1 6 1 3 13 0 1 -1 -3 -8 9 -16 
-11 8 11 14 -7 11 5 16 11 11 1 13 3 -11 -5 1 -3 3 10 -17 
11 10 6 17 0 15 10 -7 14 -7 8 4 -4 16 -8 15 -5 8 12 13 
13 8 9 10 4 -8 -1 -2 2 3 10 13 11 9 2 -12 -9 1 -10 6 
5 10 13 -14 6 15 6 2 6 15 11 -7 -15 10 8 -6 11 12 13 4 
-1 8 10 16 -7 -1 -14 -12 1 -17 7 -5 10 -11 2 5 -13 5 14 8 
8 14 5 -13 5 2 -11 10 -5 7 -17 1 -12 -14 -1 -7 16 10 8 -1 
4 13 12 11 -6 8 10 -15 -7 11 15 6 2 6 15 6 -14 13 10 5 
6 -10 1 -9 -12 2 9 11 13 10 3 2 -2 -1 -8 4 10 9 8 13 
13 12 8 -5 15 -8 16 -4 4 8 -7 14 -7 10 15 0 17 6 10 11 
-17 10 3 -3 1 -5 -11 3 13 1 11 11 16 5 11 -7 14 11 8 -11 
-16 9 -8 -3 -1 1 0 13 3 1 6 1 7 -11 9 12 -2 -14 1 -6 
-9 17 3 7 -1 10 4 11 -9 14 7 15 13 9 -9 14 3 12 13 -17 
-15 8 8 4 -6 16 0 15 4 -4 8 12 15 -6 8 2 -17 -17 5 0 
4 -16 -6 -10 -17 15 7 -14 14 14 8 -6 -13 -17 8 12 15 -7 11 -2 
3 -2 1 0 0 15 1 16 17 -13 7 7 8 3 8 4 3 5 -9 3 
30
1
8 14
11 5
0
0
