20 20
14 17 -1 2 11 26 -26 15 20 13 10 19 12 10 -20 8 17 15 12 11 
14 20 14 -17 13 7 12 26 3 -3 26 22 -10 18 20 8 -2 0 12 15 
-12 4 13 8 -6 -21 22 6 -23 3 17 -11 16 16 6 1 10 7 8 -25 
15 4 23 -15 14 1 8 14 3 22 -26 3 5 21 17 16 19 26 19 -7 
-17 -9 -8 8 3 11 0 26 10 -12 3 9 21 22 18 23 23 8 25 -24 
7 17 23 18 12 15 4 20 12 12 -23 17 10 22 18 25 25 13 -12 -14 
3 17 16 2 25 24 16 -1 8 3 14 -6 4 12 19 17 13 20 8 22 
18 17 1 23 7 23 13 0 -19 -12 13 -2 6 -5 -15 -17 8 -20 1 24 
16 7 7 0 12 6 17 15 10 11 4 9 17 26 1 -17 -11 15 0 -1 
5 6 12 -13 10 16 13 15 19 13 11 15 -16 -12 11 25 23 -26 -23 -12 
-12 -23 -26 23 25 11 -12 -16 15 11 13 19 15 13 16 10 -13 12 6 5 
-1 0 15 -11 -17 1 26 17 9 4 11 10 15 17 6 12 0 7 7 16 
24 1 -20 8 -17 -15 -5 6 -2 13 -12 -19 0 13 23 7 23 1 17 18 
22 8 20 13 17 19 12 4 -6 14 3 8 -1 16 24 25 2 16 17 3 
-14 -12 13 25 25 18 22 10 17 -23 12 12 20 4 15 12 18 23 17 7 
-24 25 8 23 23 18 22 21 9 3 -12 10 26 0 11 3 8 -8 -9 -17 
-7 19 26 19 16 17 21 5 3 -26 22 3 14 8 1 14 -15 23 4 15 
-25 8 7 10 1 6 16 16 -11 17 3 -23 6 22 -21 -6 8 13 4 -12 
15 12 0 -2 8 20 18 -10 22 26 -3 3 26 12 7 13 -17 14 20 14 
11 12 15 17 8 -20 10 12 19 10 13 20 15 -26 26 11 2 -1 17 14 
30
1
4 1
15 18
0
0
