20 20
1 -10 5 -14 8 17 -16 15 16 -14 3 3 16 4 5 -1 -10 15 4 -6 
3 5 -1 -5 13 16 9 1 14 4 14 15 6 16 1 2 14 4 17 4 
3 -7 -14 9 2 -7 -15 16 4 -15 6 14 -7 2 6 13 9 1 11 2 
-9 7 0 12 1 15 8 -12 -9 17 1 -16 15 4 9 16 7 6 11 -8 
12 -4 8 13 7 -5 -4 -12 13 -6 13 14 4 2 0 -7 4 5 8 -12 
5 4 0 -9 6 -11 -9 7 16 10 10 9 6 -14 -7 14 14 1 -7 6 
-5 13 5 10 7 12 -3 11 7 5 9 -5 2 8 -16 -12 6 11 -14 14 
-14 3 1 16 15 0 1 1 -9 13 11 15 -17 14 -3 16 -13 -4 12 3 
2 9 15 8 -8 -3 10 9 -8 8 17 4 13 -6 0 9 6 11 0 14 
2 11 9 4 13 3 11 8 -17 15 12 9 6 0 8 3 -12 8 4 -12 
-12 4 8 -12 3 8 0 6 9 12 15 -17 8 11 3 13 4 9 11 2 
14 0 11 6 9 0 -6 13 4 17 8 -8 9 10 -3 -8 8 15 9 2 
3 12 -4 -13 16 -3 14 -17 15 11 13 -9 1 1 0 15 16 1 3 -14 
14 -14 11 6 -12 -16 8 2 -5 9 5 7 11 -3 12 7 10 5 13 -5 
6 -7 1 14 14 -7 -14 6 9 10 10 16 7 -9 -11 6 -9 0 4 5 
-12 8 5 4 -7 0 2 4 14 13 -6 13 -12 -4 -5 7 13 8 -4 12 
-8 11 6 7 16 9 4 15 -16 1 17 -9 -12 8 15 1 12 0 7 -9 
2 11 1 9 13 6 2 -7 14 6 -15 4 16 -15 -7 2 9 -14 -7 3 
4 17 4 14 2 1 16 6 15 14 4 14 1 9 16 13 -5 -1 5 3 
-6 4 15 -10 -1 5 4 16 3 3 -14 16 15 -16 17 8 -14 5 -10 1 
30
1
17 10
2 9
0
0
