20 20
4 11 7 1 -18 14 2 9 27 0 -12 8 3 24 9 4 -20 26 3 4 
16 -9 -22 12 -19 9 13 22 28 20 15 19 20 18 22 3 22 -4 14 22 
1 -23 -9 10 -6 18 7 19 28 26 16 25 26 -28 28 20 15 22 9 8 
12 8 19 17 25 16 26 -3 7 6 21 23 2 -24 -22 -17 27 10 -22 22 
3 7 20 6 8 -28 25 14 -28 22 28 24 23 15 2 27 -19 -10 0 23 
-28 20 -7 21 0 14 7 4 -10 -3 19 -25 19 19 14 -19 22 -25 -21 2 
1 14 -24 0 28 14 25 -8 -12 27 -12 24 -26 3 23 28 11 8 -4 25 
14 2 2 18 21 6 28 0 26 23 27 2 -26 -19 23 13 20 -17 22 20 
24 12 17 -12 3 9 0 18 -18 -23 15 -10 12 18 11 -18 8 -15 27 -12 
8 10 -17 2 6 -13 4 10 8 9 7 26 17 22 7 23 13 24 11 -23 
-23 11 24 13 23 7 22 17 26 7 9 8 10 4 -13 6 2 -17 10 8 
-12 27 -15 8 -18 11 18 12 -10 15 -23 -18 18 0 9 3 -12 17 12 24 
20 22 -17 20 13 23 -19 -26 2 27 23 26 0 28 6 21 18 2 2 14 
25 -4 8 11 28 23 3 -26 24 -12 27 -12 -8 25 14 28 0 -24 14 1 
2 -21 -25 22 -19 14 19 19 -25 19 -3 -10 4 7 14 0 21 -7 20 -28 
23 0 -10 -19 27 2 15 23 24 28 22 -28 14 25 -28 8 6 20 7 3 
22 -22 10 27 -17 -22 -24 2 23 21 6 7 -3 26 16 25 17 19 8 12 
8 9 22 15 20 28 -28 26 25 16 26 28 19 7 18 -6 10 -9 -23 1 
22 14 -4 22 3 22 18 20 19 15 20 28 22 13 9 -19 12 -22 -9 16 
4 3 26 -20 4 9 24 3 8 -12 0 27 9 2 14 -18 1 7 11 4 
30
1
7 16
12 3
0
0
