20 20
-5 26 18 11 21 5 20 4 26 -26 10 -23 16 17 26 3 8 26 6 21 
-2 22 12 26 1 19 1 20 16 -5 22 6 3 19 -16 -18 21 -16 13 10 
-15 22 21 24 -5 20 14 -9 -20 2 10 11 -10 23 10 21 23 24 23 -26 
18 11 2 19 5 2 18 13 3 -15 3 -9 26 24 19 3 3 11 18 14 
8 8 20 4 -1 24 16 15 16 -19 11 24 -13 12 23 17 10 7 8 11 
6 7 -7 -17 20 -22 -10 4 26 20 18 -2 17 -26 -1 12 26 -7 6 -23 
-17 -24 17 2 9 15 9 20 26 -15 16 -17 -19 5 15 4 18 -24 9 9 
17 15 7 15 -18 6 16 2 -26 20 14 16 5 17 21 1 12 25 25 12 
11 8 11 12 -2 11 16 10 4 -12 17 14 -18 21 25 -2 17 9 13 -22 
-15 6 -6 13 -16 9 -19 6 21 4 16 24 17 -12 15 21 14 9 6 -3 
-3 6 9 14 21 15 -12 17 24 16 4 21 6 -19 9 -16 13 -6 6 -15 
-22 13 9 17 -2 25 21 -18 14 17 -12 4 10 16 11 -2 12 11 8 11 
12 25 25 12 1 21 17 5 16 14 20 -26 2 16 6 -18 15 7 15 17 
9 9 -24 18 4 15 5 -19 -17 16 -15 26 20 9 15 9 2 17 -24 -17 
-23 6 -7 26 12 -1 -26 17 -2 18 20 26 4 -10 -22 20 -17 -7 7 6 
11 8 7 10 17 23 12 -13 24 11 -19 16 15 16 24 -1 4 20 8 8 
14 18 11 3 3 19 24 26 -9 3 -15 3 13 18 2 5 19 2 11 18 
-26 23 24 23 21 10 23 -10 11 10 2 -20 -9 14 20 -5 24 21 22 -15 
10 13 -16 21 -18 -16 19 3 6 22 -5 16 20 1 19 1 26 12 22 -2 
21 6 26 8 3 26 17 16 -23 10 -26 26 4 20 5 21 11 18 26 -5 
30
1
7 3
12 16
0
0
