20 20
-13 -18 -17 10 11 9 9 9 -17 16 11 14 18 3 17 7 11 4 11 0 
-18 7 18 17 13 12 -5 3 20 13 13 -20 -11 15 -8 2 15 13 -5 -4 
19 3 11 -13 19 10 18 4 16 5 4 -10 -20 -3 0 19 11 -17 11 0 
15 -17 12 21 0 -5 -12 18 -7 -6 15 0 6 1 7 3 21 -21 -7 18 
20 9 -4 4 6 -21 6 18 18 -4 9 2 -14 -16 13 -16 -9 -14 -1 6 
11 1 16 -10 -9 7 16 -21 -5 -16 -19 18 14 16 16 0 15 17 2 18 
2 8 15 5 5 11 12 13 9 -11 4 21 14 21 9 18 6 3 -20 8 
1 -19 5 -10 14 5 4 5 4 -9 10 19 -9 11 6 14 21 13 19 2 
-18 14 -8 2 7 14 21 10 18 17 12 19 -14 8 8 1 21 13 8 7 
-1 1 19 2 17 18 20 -3 -7 6 -17 4 9 11 -21 8 4 14 15 9 
9 15 14 4 8 -21 11 9 4 -17 6 -7 -3 20 18 17 2 19 1 -1 
7 8 13 21 1 8 8 -14 19 12 17 18 10 21 14 7 2 -8 14 -18 
2 19 13 21 14 6 11 -9 19 10 -9 4 5 4 5 14 -10 5 -19 1 
8 -20 3 6 18 9 21 14 21 4 -11 9 13 12 11 5 5 15 8 2 
18 2 17 15 0 16 16 14 18 -19 -16 -5 -21 16 7 -9 -10 16 1 11 
6 -1 -14 -9 -16 13 -16 -14 2 9 -4 18 18 6 -21 6 4 -4 9 20 
18 -7 -21 21 3 7 1 6 0 15 -6 -7 18 -12 -5 0 21 12 -17 15 
0 11 -17 11 19 0 -3 -20 -10 4 5 16 4 18 10 19 -13 11 3 19 
-4 -5 13 15 2 -8 15 -11 -20 13 13 20 3 -5 12 13 17 18 7 -18 
0 11 4 11 7 17 3 18 14 11 16 -17 9 9 9 11 10 -17 -18 -13 
30
1
13 4
6 15
0
0
