20 20
6 7 -19 25 9 -7 -16 7 11 -5 2 18 22 -17 11 17 -17 0 -15 21 
13 -23 19 24 -12 7 11 -16 24 21 23 17 17 18 -4 25 17 7 19 16 
0 -24 7 -24 3 10 15 21 -18 21 8 18 -15 11 6 24 12 23 8 22 
19 6 3 12 -15 9 16 7 1 -4 22 17 10 -19 17 18 -20 -14 8 16 
12 9 16 1 -17 15 19 7 24 9 25 -20 -4 23 25 1 1 18 8 25 
4 1 23 9 18 -9 16 -16 21 12 23 -7 -16 -6 14 -17 -12 19 22 19 
22 8 17 2 -21 6 22 -2 19 12 -22 16 10 1 19 -1 18 -24 -21 18 
12 0 3 11 4 -6 9 5 9 25 5 19 21 4 24 18 -20 1 4 20 
6 -3 -3 6 12 7 22 -22 14 5 15 -2 19 -20 21 4 12 19 6 8 
16 13 -1 23 18 -25 22 -3 7 10 7 6 21 -12 14 -9 17 18 8 6 
6 8 18 17 -9 14 -12 21 6 7 10 7 -3 22 -25 18 23 -1 13 16 
8 6 19 12 4 21 -20 19 -2 15 5 14 -22 22 7 12 6 -3 -3 6 
20 4 1 -20 18 24 4 21 19 5 25 9 5 9 -6 4 11 3 0 12 
18 -21 -24 18 -1 19 1 10 16 -22 12 19 -2 22 6 -21 2 17 8 22 
19 22 19 -12 -17 14 -6 -16 -7 23 12 21 -16 16 -9 18 9 23 1 4 
25 8 18 1 1 25 23 -4 -20 25 9 24 7 19 15 -17 1 16 9 12 
16 8 -14 -20 18 17 -19 10 17 22 -4 1 7 16 9 -15 12 3 6 19 
22 8 23 12 24 6 11 -15 18 8 21 -18 21 15 10 3 -24 7 -24 0 
16 19 7 17 25 -4 18 17 17 23 21 24 -16 11 7 -12 24 19 -23 13 
21 -15 0 -17 17 11 -17 22 18 2 -5 11 7 -16 -7 9 25 -19 7 6 
30
1
7 14
12 5
0
0
