20 20
20 -12 -18 14 -17 -21 0 -18 3 8 8 10 6 -19 -6 -9 17 3 16 17 
1 -14 -17 23 11 23 -24 10 -11 17 9 6 -1 15 2 0 9 2 -1 7 
7 9 17 19 7 17 10 -8 9 -20 1 25 2 23 -10 14 -4 -3 10 25 
18 15 8 6 24 -6 2 22 4 22 20 20 13 18 21 2 0 -8 15 20 
-16 24 3 4 3 4 6 -11 3 22 11 -5 21 7 7 9 21 -11 25 -12 
23 2 2 -12 24 20 -3 22 -10 4 13 22 11 5 8 6 -2 17 2 20 
18 -1 -5 21 7 -12 17 6 -12 2 19 6 11 -10 13 -18 25 22 22 15 
11 20 16 -11 0 -13 22 10 -14 18 -3 -21 11 19 15 4 7 10 -1 -9 
25 4 4 12 9 18 11 21 3 2 0 -7 -14 9 -8 1 -16 8 24 15 
1 20 -21 18 4 17 1 15 14 24 24 22 23 13 -7 -13 13 15 11 -17 
-17 11 15 13 -13 -7 13 23 22 24 24 14 15 1 17 4 18 -21 20 1 
15 24 8 -16 1 -8 9 -14 -7 0 2 3 21 11 18 9 12 4 4 25 
-9 -1 10 7 4 15 19 11 -21 -3 18 -14 10 22 -13 0 -11 16 20 11 
15 22 22 25 -18 13 -10 11 6 19 2 -12 6 17 -12 7 21 -5 -1 18 
20 2 17 -2 6 8 5 11 22 13 4 -10 22 -3 20 24 -12 2 2 23 
-12 25 -11 21 9 7 7 21 -5 11 22 3 -11 6 4 3 4 3 24 -16 
20 15 -8 0 2 21 18 13 20 20 22 4 22 2 -6 24 6 8 15 18 
25 10 -3 -4 14 -10 23 2 25 1 -20 9 -8 10 17 7 19 17 9 7 
7 -1 2 9 0 2 15 -1 6 9 17 -11 10 -24 23 11 23 -17 -14 1 
17 16 3 17 -9 -6 -19 6 10 8 8 3 -18 0 -21 -17 14 -18 -12 20 
30
1
9 10
10 9
0
0
