20 20
-20 7 -8 -21 5 -13 17 12 18 19 2 -4 6 14 5 21 -3 14 15 6 
2 12 15 14 15 16 15 -11 4 -10 2 14 6 2 20 -15 4 20 19 19 
-10 15 21 16 11 10 -20 16 6 -16 12 -8 20 13 10 7 -11 -12 12 18 
-1 -14 17 1 -5 -2 -16 11 8 -21 6 2 14 18 -19 14 -3 14 -21 16 
3 17 -15 20 5 -17 14 15 15 9 16 -21 10 14 8 -6 1 8 9 -21 
12 18 -13 13 5 -14 19 13 11 14 -6 -19 13 9 13 12 -10 1 6 5 
12 5 0 10 8 14 16 19 17 1 -9 -8 -3 11 -10 -6 8 -21 21 1 
4 7 16 2 10 -16 18 3 16 5 4 21 -8 -8 9 -5 19 -6 21 15 
2 18 -12 13 5 19 -5 8 13 9 -11 13 15 8 6 4 15 7 13 8 
18 19 17 7 20 -1 7 13 -10 17 7 4 -14 11 14 7 21 5 10 19 
19 10 5 21 7 14 11 -14 4 7 17 -10 13 7 -1 20 7 17 19 18 
8 13 7 15 4 6 8 15 13 -11 9 13 8 -5 19 5 13 -12 18 2 
15 21 -6 19 -5 9 -8 -8 21 4 5 16 3 18 -16 10 2 16 7 4 
1 21 -21 8 -6 -10 11 -3 -8 -9 1 17 19 16 14 8 10 0 5 12 
5 6 1 -10 12 13 9 13 -19 -6 14 11 13 19 -14 5 13 -13 18 12 
-21 9 8 1 -6 8 14 10 -21 16 9 15 15 14 -17 5 20 -15 17 3 
16 -21 14 -3 14 -19 18 14 2 6 -21 8 11 -16 -2 -5 1 17 -14 -1 
18 12 -12 -11 7 10 13 20 -8 12 -16 6 16 -20 10 11 16 21 15 -10 
19 19 20 4 -15 20 2 6 14 2 -10 4 -11 15 16 15 14 15 12 2 
6 15 14 -3 21 5 14 6 -4 2 19 18 12 17 -13 5 -21 -8 7 -20 
30
1
8 7
11 12
0
0
