20 20
4 -9 0 15 25 -1 19 5 -4 8 19 20 14 4 6 11 19 3 7 1 
9 6 9 13 2 11 20 18 -17 -24 15 20 5 -16 25 0 22 11 20 4 
-6 21 14 16 20 15 23 5 23 8 -6 9 16 21 3 -19 -5 0 20 -22 
16 12 -22 19 -11 12 5 23 9 -21 12 6 9 18 25 3 13 16 20 18 
14 16 2 22 9 2 24 24 -12 17 4 1 20 23 14 -20 -18 -2 1 25 
16 4 7 22 19 -25 25 5 -10 13 25 6 21 -13 -2 18 7 -19 9 9 
-25 9 18 6 -1 7 4 16 8 3 9 17 0 -20 10 -13 0 7 20 1 
22 11 7 -12 24 21 17 7 7 20 -21 -22 22 -14 20 -23 11 5 15 4 
5 23 -8 -7 8 12 20 25 22 14 21 -3 19 6 17 14 12 -10 5 14 
9 19 20 1 -17 17 -22 12 -4 13 5 7 -18 14 15 25 1 11 7 2 
2 7 11 1 25 15 14 -18 7 5 13 -4 12 -22 17 -17 1 20 19 9 
14 5 -10 12 14 17 6 19 -3 21 14 22 25 20 12 8 -7 -8 23 5 
4 15 5 11 -23 20 -14 22 -22 -21 20 7 7 17 21 24 -12 7 11 22 
1 20 7 0 -13 10 -20 0 17 9 3 8 16 4 7 -1 6 18 9 -25 
9 9 -19 7 18 -2 -13 21 6 25 13 -10 5 25 -25 19 22 7 4 16 
25 1 -2 -18 -20 14 23 20 1 4 17 -12 24 24 2 9 22 2 16 14 
18 20 16 13 3 25 18 9 6 12 -21 9 23 5 12 -11 19 -22 12 16 
-22 20 0 -5 -19 3 21 16 9 -6 8 23 5 23 15 20 16 14 21 -6 
4 20 11 22 0 25 -16 5 20 15 -24 -17 18 20 11 2 13 9 6 9 
1 7 3 19 11 6 4 14 20 19 8 -4 5 19 -1 25 15 0 -9 4 
30
1
15 18
4 1
0
0
