20 20
0 0 17 -11 -3 7 4 1 17 1 11 14 14 5 -6 11 5 8 -12 -17 
9 14 11 13 17 7 4 8 -1 -17 4 -14 -15 -2 12 -3 11 6 15 -15 
16 -8 -17 11 -9 -8 -3 -10 14 15 -12 13 3 -7 1 -14 13 8 7 10 
12 13 -1 12 14 12 2 7 7 -17 -10 -11 1 8 5 2 17 5 11 -13 
14 9 -6 11 3 6 4 -9 9 15 8 -16 13 4 -7 9 -4 17 16 10 
-6 9 9 11 10 6 11 10 16 3 10 15 1 4 12 1 -3 8 11 4 
6 6 17 9 8 17 12 5 -5 5 7 13 -14 14 -11 -9 -8 10 -5 -12 
2 -8 14 2 15 17 13 15 1 -17 12 10 9 2 9 -10 13 15 -13 -7 
16 -9 -10 9 2 13 7 11 -6 9 1 7 -10 -15 10 6 9 -9 3 4 
7 4 12 7 4 -9 -9 10 -7 5 -14 -17 12 11 8 -9 11 4 7 -7 
-7 7 4 11 -9 8 11 12 -17 -14 5 -7 10 -9 -9 4 7 12 4 7 
4 3 -9 9 6 10 -15 -10 7 1 9 -6 11 7 13 2 9 -10 -9 16 
-7 -13 15 13 -10 9 2 9 10 12 -17 1 15 13 17 15 2 14 -8 2 
-12 -5 10 -8 -9 -11 14 -14 13 7 5 -5 5 12 17 8 9 17 6 6 
4 11 8 -3 1 12 4 1 15 10 3 16 10 11 6 10 11 9 9 -6 
10 16 17 -4 9 -7 4 13 -16 8 15 9 -9 4 6 3 11 -6 9 14 
-13 11 5 17 2 5 8 1 -11 -10 -17 7 7 2 12 14 12 -1 13 12 
10 7 8 13 -14 1 -7 3 13 -12 15 14 -10 -3 -8 -9 11 -17 -8 16 
-15 15 6 11 -3 12 -2 -15 -14 4 -17 -1 8 4 7 17 13 11 14 9 
-17 -12 8 5 11 -6 5 14 14 11 1 17 1 4 7 -3 -11 17 0 0 
30
1
5 8
14 11
0
0
