20 20
6 12 1 1 13 10 3 -8 2 -6 2 14 14 13 9 -7 22 -19 19 21 
15 19 3 10 -7 18 20 20 8 16 17 19 11 20 20 14 -20 14 16 6 
20 -22 -5 5 14 5 22 12 4 0 3 -14 5 15 1 4 18 11 -21 -3 
16 4 8 22 7 12 12 7 4 7 22 -14 2 17 -12 14 -9 4 19 18 
3 21 14 10 8 11 -11 12 5 -22 6 -19 -19 10 8 5 18 -22 21 21 
3 10 10 6 3 8 13 -14 -18 19 2 19 14 8 17 0 8 2 -18 15 
5 -17 9 -19 -7 -19 9 2 -5 19 19 7 6 9 -13 5 14 -2 14 -3 
21 7 0 -15 -6 15 14 -19 9 -3 21 19 18 15 -7 22 -10 -6 19 -5 
1 2 19 8 21 -16 -14 -11 -14 21 -2 22 2 -4 7 18 13 18 2 13 
8 22 10 9 12 21 18 -5 15 -2 -4 -19 1 13 -15 -20 -4 9 -21 5 
5 -21 9 -4 -20 -15 13 1 -19 -4 -2 15 -5 18 21 12 9 10 22 8 
13 2 18 13 18 7 -4 2 22 -2 21 -14 -11 -14 -16 21 8 19 2 1 
-5 19 -6 -10 22 -7 15 18 19 21 -3 9 -19 14 15 -6 -15 0 7 21 
-3 14 -2 14 5 -13 9 6 7 19 19 -5 2 9 -19 -7 -19 9 -17 5 
15 -18 2 8 0 17 8 14 19 2 19 -18 -14 13 8 3 6 10 10 3 
21 21 -22 18 5 8 10 -19 -19 6 -22 5 12 -11 11 8 10 14 21 3 
18 19 4 -9 14 -12 17 2 -14 22 7 4 7 12 12 7 22 8 4 16 
-3 -21 11 18 4 1 15 5 -14 3 0 4 12 22 5 14 5 -5 -22 20 
6 16 14 -20 14 20 20 11 19 17 16 8 20 20 18 -7 10 3 19 15 
21 19 -19 22 -7 9 13 14 14 2 -6 2 -8 3 10 13 1 1 12 6 
30
1
12 4
7 15
0
0
