20 20
2 10 5 11 7 11 -11 12 22 -17 24 8 17 -10 12 0 7 24 20 7 
16 -4 8 24 -2 2 12 5 23 22 7 1 14 -21 16 -6 0 3 -15 -19 
-9 -7 4 -12 12 9 14 0 17 18 8 -10 -5 -3 9 9 10 7 1 -11 
5 14 15 13 4 -20 -16 -2 16 -10 0 17 2 2 1 21 -10 -7 -19 15 
6 19 -9 4 4 12 -22 24 -4 10 4 7 4 20 -6 14 -17 18 7 -13 
22 19 3 12 -1 21 14 23 3 -2 -20 -12 -5 16 4 20 8 19 -12 12 
24 6 8 7 7 17 11 -7 8 -7 22 -17 11 3 22 2 2 11 8 -13 
-20 -3 13 20 10 16 -14 -7 23 -6 24 -1 6 14 19 24 9 -4 19 24 
-1 17 12 14 20 5 18 -1 18 -5 1 19 21 -20 6 -5 21 7 -13 15 
6 -16 22 23 19 9 9 13 16 -22 1 9 17 -17 -11 7 11 11 11 -2 
-2 11 11 11 7 -11 -17 17 9 1 -22 16 13 9 9 19 23 22 -16 6 
15 -13 7 21 -5 6 -20 21 19 1 -5 18 -1 18 5 20 14 12 17 -1 
24 19 -4 9 24 19 14 6 -1 24 -6 23 -7 -14 16 10 20 13 -3 -20 
-13 8 11 2 2 22 3 11 -17 22 -7 8 -7 11 17 7 7 8 6 24 
12 -12 19 8 20 4 16 -5 -12 -20 -2 3 23 14 21 -1 12 3 19 22 
-13 7 18 -17 14 -6 20 4 7 4 10 -4 24 -22 12 4 4 -9 19 6 
15 -19 -7 -10 21 1 2 2 17 0 -10 16 -2 -16 -20 4 13 15 14 5 
-11 1 7 10 9 9 -3 -5 -10 8 18 17 0 14 9 12 -12 4 -7 -9 
-19 -15 3 0 -6 16 -21 14 1 7 22 23 5 12 2 -2 24 8 -4 16 
7 20 24 7 0 12 -10 17 8 24 -17 22 12 -11 11 7 11 5 10 2 
30
1
19 14
0 5
0
0
