20 20
11 4 13 -7 3 9 -4 8 2 5 5 12 7 16 -15 -13 -16 2 11 -3 
2 7 -15 14 5 0 3 13 12 4 4 7 14 16 9 14 2 16 -11 1 
7 4 8 15 16 4 -10 12 7 2 2 7 10 10 15 -3 8 4 11 3 
12 8 12 3 16 2 -16 1 2 2 -5 14 9 10 8 0 6 -14 -1 6 
4 -13 14 -14 -4 4 -4 7 13 11 15 16 12 6 -8 -6 2 9 -2 5 
15 14 -1 6 15 10 1 2 -1 0 1 2 14 8 13 13 3 3 8 -15 
5 6 7 12 -3 2 12 5 13 6 7 10 5 8 1 -9 7 2 13 -8 
14 7 3 6 12 6 -14 13 5 -6 -12 5 13 -11 13 4 16 10 2 10 
-1 12 9 14 12 -4 8 12 13 15 -13 -12 7 4 11 16 2 1 5 16 
9 11 16 12 -3 3 13 16 10 7 9 -6 -14 5 4 13 14 7 14 2 
2 14 7 14 13 4 5 -14 -6 9 7 10 16 13 3 -3 12 16 11 9 
16 5 1 2 16 11 4 7 -12 -13 15 13 12 8 -4 12 14 9 12 -1 
10 2 10 16 4 13 -11 13 5 -12 -6 5 13 -14 6 12 6 3 7 14 
-8 13 2 7 -9 1 8 5 10 7 6 13 5 12 2 -3 12 7 6 5 
-15 8 3 3 13 13 8 14 2 1 0 -1 2 1 10 15 6 -1 14 15 
5 -2 9 2 -6 -8 6 12 16 15 11 13 7 -4 4 -4 -14 14 -13 4 
6 -1 -14 6 0 8 10 9 14 -5 2 2 1 -16 2 16 3 12 8 12 
3 11 4 8 -3 15 10 10 7 2 2 7 12 -10 4 16 15 8 4 7 
1 -11 16 2 14 9 16 14 7 4 4 12 13 3 0 5 14 -15 7 2 
-3 11 2 -16 -13 -15 16 7 12 5 5 2 8 -4 9 3 -7 13 4 11 
30
1
4 9
15 10
0
0
