20 20
9 6 11 2 -13 10 3 5 1 4 12 -10 10 13 12 12 6 5 10 3 
12 8 6 7 9 4 11 12 0 -4 10 -9 3 5 4 12 7 6 4 -3 
-1 8 2 -6 -10 2 8 8 4 6 -6 12 9 -8 -12 4 -3 -6 -10 6 
6 6 7 8 13 3 8 11 6 13 9 1 8 6 7 -11 9 13 12 6 
3 9 -8 1 -8 5 5 3 2 7 5 -3 12 -5 -12 1 13 -4 7 9 
9 10 3 10 1 1 4 11 9 4 3 -8 -6 8 0 -8 9 11 5 -13 
1 -1 13 11 12 1 -10 12 -2 4 12 12 12 4 12 4 11 3 3 -12 
13 9 -2 12 9 6 10 9 -1 0 -13 1 12 2 8 12 -7 11 13 0 
1 11 4 10 -13 0 9 1 1 11 7 3 7 5 7 7 8 11 -10 4 
11 7 -13 -8 2 -6 -4 13 0 1 5 12 6 0 3 -6 -6 9 -1 3 
3 -1 9 -6 -6 3 0 6 12 5 1 0 13 -4 -6 2 -8 -13 7 11 
4 -10 11 8 7 7 5 7 3 7 11 1 1 9 0 -13 10 4 11 1 
0 13 11 -7 12 8 2 12 1 -13 0 -1 9 10 6 9 12 -2 9 13 
-12 3 3 11 4 12 4 12 12 12 4 -2 12 -10 1 12 11 13 -1 1 
-13 5 11 9 -8 0 8 -6 -8 3 4 9 11 4 1 1 10 3 10 9 
9 7 -4 13 1 -12 -5 12 -3 5 7 2 3 5 5 -8 1 -8 9 3 
6 12 13 9 -11 7 6 8 1 9 13 6 11 8 3 13 8 7 6 6 
6 -10 -6 -3 4 -12 -8 9 12 -6 6 4 8 8 2 -10 -6 2 8 -1 
-3 4 6 7 12 4 5 3 -9 10 -4 0 12 11 4 9 7 6 8 12 
3 10 5 6 12 12 13 10 -10 12 4 1 5 3 10 -13 2 11 6 9 
30
1
19 15
0 4
0
0
