20 20
-11 10 10 5 -2 5 -3 -11 10 -9 8 9 8 10 3 5 6 3 11 2 
-1 4 5 8 -7 8 7 7 5 6 9 9 8 6 11 5 -6 1 6 1 
6 0 9 -11 2 4 5 7 -10 6 -9 9 -3 3 10 1 10 0 9 8 
10 4 7 0 -3 4 11 5 9 2 -2 0 7 5 6 1 3 -1 3 6 
4 -7 11 -2 8 -2 10 9 5 -11 1 -11 -2 -6 11 6 9 0 0 7 
0 10 -8 11 0 3 -2 6 7 -11 5 4 -8 11 8 4 0 -4 5 -9 
-5 4 0 -5 -11 6 8 -3 1 1 7 -2 -9 -6 -10 2 0 5 -8 7 
0 7 -7 11 -5 8 11 -5 -10 10 11 -4 -8 7 0 8 1 7 4 -7 
-3 6 11 3 10 -11 10 8 -1 2 11 8 6 11 8 3 0 10 -4 8 
0 10 4 7 10 8 3 0 8 3 -1 3 4 -3 3 0 2 0 -3 -2 
-2 -3 0 2 0 3 -3 4 3 -1 3 8 0 3 8 10 7 4 10 0 
8 -4 10 0 3 8 11 6 8 11 2 -1 8 10 -11 10 3 11 6 -3 
-7 4 7 1 8 0 7 -8 -4 11 10 -10 -5 11 8 -5 11 -7 7 0 
7 -8 5 0 2 -10 -6 -9 -2 7 1 1 -3 8 6 -11 -5 0 4 -5 
-9 5 -4 0 4 8 11 -8 4 5 -11 7 6 -2 3 0 11 -8 10 0 
7 0 0 9 6 11 -6 -2 -11 1 -11 5 9 10 -2 8 -2 11 -7 4 
6 3 -1 3 1 6 5 7 0 -2 2 9 5 11 4 -3 0 7 4 10 
8 9 0 10 1 10 3 -3 9 -9 6 -10 7 5 4 2 -11 9 0 6 
1 6 1 -6 5 11 6 8 9 9 6 5 7 7 8 -7 8 5 4 -1 
2 11 3 6 5 3 10 8 9 8 -9 10 -11 -3 5 -2 5 10 10 -11 
30
1
2 5
17 14
0
0
