20 20
26 1 6 2 18 24 18 -19 -13 1 7 11 19 24 6 21 -15 16 14 -14 
23 29 -16 15 7 17 20 16 6 29 15 20 -24 22 19 27 14 10 19 -24 
1 0 -21 26 30 27 3 19 26 18 12 20 30 -21 1 30 8 23 -1 12 
-30 16 6 18 -1 25 -4 -1 28 -28 20 27 -30 18 16 2 28 7 -5 21 
15 9 -14 15 11 26 -29 25 -30 24 29 -15 13 3 4 11 6 -8 15 27 
-18 15 2 -25 20 -3 26 -17 28 21 29 -23 14 15 1 12 15 8 12 26 
4 11 23 4 -13 26 12 -21 26 9 1 9 24 3 -22 10 16 -18 20 14 
2 -28 18 5 -20 3 -21 28 7 23 2 16 14 20 -25 -4 7 7 11 7 
9 28 19 -25 10 21 8 17 21 19 11 8 -22 16 14 -16 3 7 -26 0 
9 7 -25 0 25 19 26 15 6 8 -8 27 29 0 -29 26 26 -1 21 22 
22 21 -1 26 26 -29 0 29 27 -8 8 6 15 26 19 25 0 -25 7 9 
0 -26 7 3 -16 14 16 -22 8 11 19 21 17 8 21 10 -25 19 28 9 
7 11 7 7 -4 -25 20 14 16 2 23 7 28 -21 3 -20 5 18 -28 2 
14 20 -18 16 10 -22 3 24 9 1 9 26 -21 12 26 -13 4 23 11 4 
26 12 8 15 12 1 15 14 -23 29 21 28 -17 26 -3 20 -25 2 15 -18 
27 15 -8 6 11 4 3 13 -15 29 24 -30 25 -29 26 11 15 -14 9 15 
21 -5 7 28 2 16 18 -30 27 20 -28 28 -1 -4 25 -1 18 6 16 -30 
12 -1 23 8 30 1 -21 30 20 12 18 26 19 3 27 30 26 -21 0 1 
-24 19 10 14 27 19 22 -24 20 15 29 6 16 20 17 7 15 -16 29 23 
-14 14 16 -15 21 6 24 19 11 7 1 -13 -19 18 24 18 2 6 1 26 
30
1
9 2
10 17
0
0
