20 20
10 -8 5 8 4 -5 11 7 0 4 0 0 0 9 2 9 0 -9 3 9 
3 4 0 -4 4 10 7 4 -9 1 4 2 0 9 4 -5 7 5 7 7 
0 11 9 2 -10 -4 1 2 4 7 9 0 7 10 10 9 9 -2 -7 -5 
2 12 0 4 1 0 12 -3 7 8 7 -3 11 -2 4 12 9 12 4 -6 
6 10 10 6 -4 4 -1 8 1 -9 5 10 2 7 1 1 7 -9 -7 0 
11 -1 1 11 -9 9 1 -9 -7 9 7 5 10 12 11 4 10 -7 5 -7 
-12 2 -4 9 0 4 12 3 -1 8 12 -11 10 3 12 3 8 3 1 9 
9 -7 6 7 1 -4 12 3 2 -4 0 1 4 8 8 5 10 8 10 10 
5 1 7 7 -11 11 3 4 -12 -2 -12 1 6 6 12 10 4 11 -10 9 
-7 4 3 3 -1 -11 -3 -1 10 2 -10 -1 -4 10 -12 10 11 5 -4 6 
6 -4 5 11 10 -12 10 -4 -1 -10 2 10 -1 -3 -11 -1 3 3 4 -7 
9 -10 11 4 10 12 6 6 1 -12 -2 -12 4 3 11 -11 7 7 1 5 
10 10 8 10 5 8 8 4 1 0 -4 2 3 12 -4 1 7 6 -7 9 
9 1 3 8 3 12 3 10 -11 12 8 -1 3 12 4 0 9 -4 2 -12 
-7 5 -7 10 4 11 12 10 5 7 9 -7 -9 1 9 -9 11 1 -1 11 
0 -7 -9 7 1 1 7 2 10 5 -9 1 8 -1 4 -4 6 10 10 6 
-6 4 12 9 12 4 -2 11 -3 7 8 7 -3 12 0 1 4 0 12 2 
-5 -7 -2 9 9 10 10 7 0 9 7 4 2 1 -4 -10 2 9 11 0 
7 7 5 7 -5 4 9 0 2 4 1 -9 4 7 10 4 -4 0 4 3 
9 3 -9 0 9 2 9 0 0 0 4 0 7 11 -5 4 8 5 -8 10 
30
1
4 9
15 10
0
0
