20 20
1 -15 15 1 1 7 6 1 15 4 9 11 4 13 -3 -9 1 4 -16 14 
15 9 16 12 -14 2 11 4 1 6 13 -5 -7 -7 5 3 4 9 13 7 
1 8 9 -6 -9 15 12 14 9 3 -3 -4 -6 15 -15 9 13 5 -2 5 
9 0 -10 12 9 12 -9 10 -12 7 0 15 12 6 -9 9 -9 11 15 2 
-8 14 5 -14 0 -1 2 8 -6 11 15 9 -9 -8 8 2 5 8 -1 3 
-7 13 11 9 -16 6 16 -11 9 5 8 -2 -13 5 10 -1 10 2 4 -8 
-7 4 -6 15 1 -4 10 9 11 5 -9 9 3 8 16 6 12 -4 2 8 
-10 3 3 15 11 16 1 16 16 0 15 15 4 3 14 10 -7 -10 4 11 
11 -4 -11 -16 -1 -6 0 16 -10 -11 2 -11 -16 6 8 16 -15 6 9 2 
-16 7 3 15 4 11 3 8 4 16 2 16 -14 6 2 15 9 -10 14 0 
0 14 -10 9 15 2 6 -14 16 2 16 4 8 3 11 4 15 3 7 -16 
2 9 6 -15 16 8 6 -16 -11 2 -11 -10 16 0 -6 -1 -16 -11 -4 11 
11 4 -10 -7 10 14 3 4 15 15 0 16 16 1 16 11 15 3 3 -10 
8 2 -4 12 6 16 8 3 9 -9 5 11 9 10 -4 1 15 -6 4 -7 
-8 4 2 10 -1 10 5 -13 -2 8 5 9 -11 16 6 -16 9 11 13 -7 
3 -1 8 5 2 8 -8 -9 9 15 11 -6 8 2 -1 0 -14 5 14 -8 
2 15 11 -9 9 -9 6 12 15 0 7 -12 10 -9 12 9 12 -10 0 9 
5 -2 5 13 9 -15 15 -6 -4 -3 3 9 14 12 15 -9 -6 9 8 1 
7 13 9 4 3 5 -7 -7 -5 13 6 1 4 11 2 -14 12 16 9 15 
14 -16 4 1 -9 -3 13 4 11 9 4 15 1 6 7 1 1 15 -15 1 
30
1
18 11
1 8
0
0
