20 20
-2 10 -17 1 13 2 2 5 6 6 -3 9 -13 -3 -10 7 -18 12 13 1 
10 -3 -14 -13 -9 18 6 -17 10 8 11 15 14 3 -7 2 6 18 12 2 
5 12 1 3 7 -3 10 16 1 2 16 -2 -4 5 -13 4 -7 17 5 8 
13 12 18 -7 6 12 15 0 -11 8 -6 17 13 8 6 10 -6 4 4 5 
-6 17 15 -1 1 -16 5 7 17 2 7 3 1 16 4 3 17 4 4 6 
12 3 4 5 12 1 18 0 7 5 1 -14 16 16 2 10 5 2 0 16 
-14 17 2 15 13 3 -13 18 4 17 16 4 2 16 2 15 5 -2 15 10 
11 7 4 2 12 -13 4 -16 8 14 18 0 -18 14 5 6 14 -18 14 15 
18 -9 13 1 6 16 -14 10 17 2 9 9 4 16 18 12 12 2 12 -18 
9 8 5 18 4 17 14 13 11 16 -10 10 3 10 16 12 -4 7 3 8 
8 3 7 -4 12 16 10 3 10 -10 16 11 13 14 17 4 18 5 8 9 
-18 12 2 12 12 18 16 4 9 9 2 17 10 -14 16 6 1 13 -9 18 
15 14 -18 14 6 5 14 -18 0 18 14 8 -16 4 -13 12 2 4 7 11 
10 15 -2 5 15 2 16 2 4 16 17 4 18 -13 3 13 15 2 17 -14 
16 0 2 5 10 2 16 16 -14 1 5 7 0 18 1 12 5 4 3 12 
6 4 4 17 3 4 16 1 3 7 2 17 7 5 -16 1 -1 15 17 -6 
5 4 4 -6 10 6 8 13 17 -6 8 -11 0 15 12 6 -7 18 12 13 
8 5 17 -7 4 -13 5 -4 -2 16 2 1 16 10 -3 7 3 1 12 5 
2 12 18 6 2 -7 3 14 15 11 8 10 -17 6 18 -9 -13 -14 -3 10 
1 13 12 -18 7 -10 -3 -13 9 -3 6 6 5 2 2 13 1 -17 10 -2 
30
1
9 18
10 1
0
0
