20 20
-2 -9 4 -13 16 -8 1 -6 13 3 5 16 8 20 14 -13 6 -22 5 1 
-17 1 -18 -20 -4 11 21 7 -19 19 14 1 1 17 4 18 3 18 3 9 
2 22 13 7 1 4 7 2 -3 -19 20 13 9 18 22 -7 3 14 21 11 
15 6 5 12 6 12 -7 -14 2 -18 -22 13 -5 -2 7 5 4 15 21 5 
-10 -10 2 -19 9 10 16 2 -8 6 -2 12 2 17 7 -18 11 21 13 0 
11 -16 -7 -9 -19 20 -14 8 -21 -21 5 6 10 14 -3 -5 1 17 16 13 
9 13 4 7 19 -17 2 9 -14 -7 15 -12 5 6 17 18 5 9 15 20 
7 9 9 -5 0 17 15 -2 4 14 18 22 17 18 -15 14 18 18 9 -16 
20 2 21 2 -11 21 19 19 5 -2 11 19 10 20 21 1 5 10 19 -10 
12 -7 -11 16 13 15 3 14 15 22 2 5 17 -15 17 14 2 5 17 19 
19 17 5 2 14 17 -15 17 5 2 22 15 14 3 15 13 16 -11 -7 12 
-10 19 10 5 1 21 20 10 19 11 -2 5 19 19 21 -11 2 21 2 20 
-16 9 18 18 14 -15 18 17 22 18 14 4 -2 15 17 0 -5 9 9 7 
20 15 9 5 18 17 6 5 -12 15 -7 -14 9 2 -17 19 7 4 13 9 
13 16 17 1 -5 -3 14 10 6 5 -21 -21 8 -14 20 -19 -9 -7 -16 11 
0 13 21 11 -18 7 17 2 12 -2 6 -8 2 16 10 9 -19 2 -10 -10 
5 21 15 4 5 7 -2 -5 13 -22 -18 2 -14 -7 12 6 12 5 6 15 
11 21 14 3 -7 22 18 9 13 20 -19 -3 2 7 4 1 7 13 22 2 
9 3 18 3 18 4 17 1 1 14 19 -19 7 21 11 -4 -20 -18 1 -17 
1 5 -22 6 -13 14 20 8 16 5 3 13 -6 1 -8 16 -13 4 -9 -2 
30
1
8 19
11 0
0
0
