20 20
2 -4 8 -11 4 5 7 -4 1 2 -10 10 3 -2 10 0 -9 -2 -7 11 
2 3 -5 -4 3 4 5 -3 1 4 6 7 3 7 8 10 11 10 2 9 
-9 -10 0 11 4 4 9 4 -5 6 1 6 2 2 7 -4 6 -7 2 9 
8 5 2 11 11 10 4 -6 6 -5 8 1 7 7 10 0 11 2 -9 9 
4 10 6 7 -1 1 9 -7 2 1 0 8 6 7 -2 8 11 1 -5 5 
-8 7 4 8 9 -7 6 11 11 8 0 -5 0 -1 9 5 -8 -4 11 7 
2 -10 4 5 9 11 0 4 11 8 8 3 6 7 8 -2 -11 -9 -5 7 
7 3 -9 1 -3 0 10 1 11 6 11 6 -5 -10 9 1 -9 3 -5 6 
10 6 -3 1 4 7 2 11 1 7 -10 1 11 7 -5 9 3 10 -1 1 
6 7 2 1 9 4 2 10 1 -10 -10 9 5 -10 -9 4 2 2 1 -6 
-6 1 2 2 4 -9 -10 5 9 -10 -10 1 10 2 4 9 1 2 7 6 
1 -1 10 3 9 -5 7 11 1 -10 7 1 11 2 7 4 1 -3 6 10 
6 -5 3 -9 1 9 -10 -5 6 11 6 11 1 10 0 -3 1 -9 3 7 
7 -5 -9 -11 -2 8 7 6 3 8 8 11 4 0 11 9 5 4 -10 2 
7 11 -4 -8 5 9 -1 0 -5 0 8 11 11 6 -7 9 8 4 7 -8 
5 -5 1 11 8 -2 7 6 8 0 1 2 -7 9 1 -1 7 6 10 4 
9 -9 2 11 0 10 7 7 1 8 -5 6 -6 4 10 11 11 2 5 8 
9 2 -7 6 -4 7 2 2 6 1 6 -5 4 9 4 4 11 0 -10 -9 
9 2 10 11 10 8 7 3 7 6 4 1 -3 5 4 3 -4 -5 3 2 
11 -7 -2 -9 0 10 -2 3 10 -10 2 1 -4 7 5 4 -11 8 -4 2 
30
1
6 3
13 16
0
0
