20 20
12 -9 7 7 8 -6 1 10 2 14 -9 10 -13 12 6 -15 -15 -11 12 -2 
-13 12 7 -7 3 7 14 -11 9 5 7 6 14 7 12 6 -6 -11 15 11 
8 16 9 16 10 6 7 5 3 12 16 16 0 15 11 11 14 13 14 -15 
3 -9 12 5 -3 3 8 -16 11 7 -7 3 -1 -9 14 9 2 -8 14 5 
15 5 10 -9 -8 8 16 6 -1 -3 11 10 14 0 4 11 3 -6 15 7 
-10 -13 9 16 11 4 2 3 -2 8 5 9 -12 3 -5 -12 6 8 2 4 
-11 5 7 -13 5 5 1 9 6 -15 10 -1 -7 -3 10 15 -11 1 4 6 
16 10 1 -10 -1 14 15 6 -12 -1 4 11 -5 2 6 -15 1 12 9 2 
16 9 4 15 7 5 7 -5 7 6 15 12 7 8 4 12 -1 3 7 15 
11 -8 5 11 -3 -3 7 3 16 -15 11 1 1 16 3 8 -3 13 11 16 
16 11 13 -3 8 3 16 1 1 11 -15 16 3 7 -3 -3 11 5 -8 11 
15 7 3 -1 12 4 8 7 12 15 6 7 -5 7 5 7 15 4 9 16 
2 9 12 1 -15 6 2 -5 11 4 -1 -12 6 15 14 -1 -10 1 10 16 
6 4 1 -11 15 10 -3 -7 -1 10 -15 6 9 1 5 5 -13 7 5 -11 
4 2 8 6 -12 -5 3 -12 9 5 8 -2 3 2 4 11 16 9 -13 -10 
7 15 -6 3 11 4 0 14 10 11 -3 -1 6 16 8 -8 -9 10 5 15 
5 14 -8 2 9 14 -9 -1 3 -7 7 11 -16 8 3 -3 5 12 -9 3 
-15 14 13 14 11 11 15 0 16 16 12 3 5 7 6 10 16 9 16 8 
11 15 -11 -6 6 12 7 14 6 7 5 9 -11 14 7 3 -7 7 12 -13 
-2 12 -11 -15 -15 6 12 -13 10 -9 14 2 10 1 -6 8 7 7 -9 12 
30
1
11 14
8 5
0
0
