20 20
16 0 -12 -12 -17 16 -18 10 14 5 19 9 15 2 5 2 14 10 9 2 
-12 17 7 2 18 -16 -12 11 -5 18 -4 18 7 7 -13 16 13 -6 -11 16 
11 15 2 18 12 8 -4 16 5 10 8 5 5 -14 14 13 18 -1 -14 14 
17 14 14 -12 17 12 3 16 5 6 5 -16 18 19 4 -3 11 -13 16 0 
11 -4 5 -3 7 -13 0 11 7 -7 15 15 -15 11 -6 2 4 16 13 -10 
13 7 9 12 2 14 -1 17 17 2 1 18 -15 17 18 16 12 2 -17 17 
16 9 8 4 -1 -2 16 -7 8 19 17 4 2 8 -18 6 5 0 2 6 
13 13 10 -6 14 -19 19 -1 -14 6 11 10 -12 -7 13 -9 18 18 5 -16 
-18 9 11 4 7 8 7 -19 -17 10 0 1 0 10 0 -4 -14 18 18 6 
12 -16 11 1 15 4 -2 3 4 11 0 0 -11 15 18 0 4 5 0 16 
16 0 5 4 0 18 15 -11 0 0 11 4 3 -2 4 15 1 11 -16 12 
6 18 18 -14 -4 0 10 0 1 0 10 -17 -19 7 8 7 4 11 9 -18 
-16 5 18 18 -9 13 -7 -12 10 11 6 -14 -1 19 -19 14 -6 10 13 13 
6 2 0 5 6 -18 8 2 4 17 19 8 -7 16 -2 -1 4 8 9 16 
17 -17 2 12 16 18 17 -15 18 1 2 17 17 -1 14 2 12 9 7 13 
-10 13 16 4 2 -6 11 -15 15 15 -7 7 11 0 -13 7 -3 5 -4 11 
0 16 -13 11 -3 4 19 18 -16 5 6 5 16 3 12 17 -12 14 14 17 
14 -14 -1 18 13 14 -14 5 5 8 10 5 16 -4 8 12 18 2 15 11 
16 -11 -6 13 16 -13 7 7 18 -4 18 -5 11 -12 -16 18 2 7 17 -12 
2 9 10 14 2 5 2 15 9 19 5 14 10 -18 16 -17 -12 -12 0 16 
30
1
6 4
13 15
0
0
