20 20
-8 5 6 13 11 11 -5 6 8 -4 5 7 6 4 2 -7 6 7 -9 -8 
1 7 6 -13 -13 1 11 10 1 11 1 -1 6 13 13 9 4 6 6 10 
-6 -13 9 13 -9 5 2 7 9 10 3 12 5 7 11 -11 4 -11 1 2 
11 -1 -9 -6 4 1 13 1 6 3 -10 12 12 -11 2 3 -2 6 7 0 
3 -9 -13 13 10 1 5 3 -3 -11 -8 -3 -8 13 9 10 5 6 13 10 
-8 1 -10 6 -2 11 -6 10 13 0 8 -13 7 -3 2 -11 5 11 5 3 
-11 1 7 3 5 6 10 8 10 -11 11 5 9 -5 7 9 5 -12 13 2 
-4 9 5 7 8 6 -8 -3 -9 3 -4 11 -7 -12 2 9 -2 13 -7 -8 
6 10 4 -7 7 3 7 8 0 10 8 5 10 3 3 4 11 6 -12 -4 
-5 13 -6 6 5 0 11 7 13 0 2 10 10 1 -3 5 -9 -13 -7 5 
5 -7 -13 -9 5 -3 1 10 10 2 0 13 7 11 0 5 6 -6 13 -5 
-4 -12 6 11 4 3 3 10 5 8 10 0 8 7 3 7 -7 4 10 6 
-8 -7 13 -2 9 2 -12 -7 11 -4 3 -9 -3 -8 6 8 7 5 9 -4 
2 13 -12 5 9 7 -5 9 5 11 -11 10 8 10 6 5 3 7 1 -11 
3 5 11 5 -11 2 -3 7 -13 8 0 13 10 -6 11 -2 6 -10 1 -8 
10 13 6 5 10 9 13 -8 -3 -8 -11 -3 3 5 1 10 13 -13 -9 3 
0 7 6 -2 3 2 -11 12 12 -10 3 6 1 13 1 4 -6 -9 -1 11 
2 1 -11 4 -11 11 7 5 12 3 10 9 7 2 5 -9 13 9 -13 -6 
10 6 6 4 9 13 13 6 -1 1 11 1 10 11 1 -13 -13 6 7 1 
-8 -9 7 6 -7 2 4 6 7 5 -4 8 6 -5 11 11 13 6 5 -8 
30
1
13 11
6 8
0
0
