20 20
-6 12 -2 -6 1 2 -2 0 4 0 1 2 -1 -6 2 10 8 1 2 2 
11 11 -2 3 12 8 11 -10 12 10 12 9 6 -8 0 9 9 -1 -9 5 
5 12 -11 9 9 -9 -9 6 3 5 1 13 1 13 -11 -2 5 1 8 12 
4 5 11 7 1 1 11 5 7 13 7 9 9 -1 10 12 3 10 1 9 
9 0 12 -3 -6 3 8 10 13 5 9 8 2 8 9 -7 2 13 -2 2 
-1 5 3 7 10 12 11 7 2 -11 2 8 12 9 9 11 8 9 1 5 
12 5 -1 2 1 10 -10 5 3 5 -4 -9 4 10 -2 -5 7 11 2 9 
-3 -10 1 7 11 13 6 7 -9 13 7 -7 -9 -3 -5 12 2 8 11 -13 
5 9 5 1 2 7 0 13 6 -10 6 1 12 -13 1 0 -1 2 10 13 
-5 8 3 7 6 -7 1 6 -10 5 -3 11 7 9 8 9 4 5 9 4 
4 9 5 4 9 8 9 7 11 -3 5 -10 6 1 -7 6 7 3 8 -5 
13 10 2 -1 0 1 -13 12 1 6 -10 6 13 0 7 2 1 5 9 5 
-13 11 8 2 12 -5 -3 -9 -7 7 13 -9 7 6 13 11 7 1 -10 -3 
9 2 11 7 -5 -2 10 4 -9 -4 5 3 5 -10 10 1 2 -1 5 12 
5 1 9 8 11 9 9 12 8 2 -11 2 7 11 12 10 7 3 5 -1 
2 -2 13 2 -7 9 8 2 8 9 5 13 10 8 3 -6 -3 12 0 9 
9 1 10 3 12 10 -1 9 9 7 13 7 5 11 1 1 7 11 5 4 
12 8 1 5 -2 -11 13 1 13 1 5 3 6 -9 -9 9 9 -11 12 5 
5 -9 -1 9 9 0 -8 6 9 12 10 12 -10 11 8 12 3 -2 11 11 
2 2 1 8 10 2 -6 -1 2 1 0 4 0 -2 2 1 -6 -2 12 -6 
30
1
3 2
16 17
0
0
