20 20
0 11 8 -1 5 -8 -4 -5 -1 -2 8 2 4 13 3 7 13 13 -4 -1 
5 -5 -2 10 13 13 -3 0 6 -5 7 5 -8 12 12 11 -13 -11 -11 13 
-7 -3 11 1 -10 -2 10 7 9 -11 -9 3 11 -7 11 2 0 7 12 12 
4 3 -3 -11 -10 4 -8 -3 3 0 1 -4 -10 7 2 5 4 8 -3 3 
-7 5 -2 10 11 11 0 9 6 4 12 6 13 8 6 9 1 9 9 2 
10 10 10 7 -12 5 6 1 5 11 -4 10 1 2 2 -11 12 12 10 -1 
-5 3 1 7 6 2 10 10 13 10 7 -6 11 8 12 6 2 11 13 7 
2 4 6 10 8 12 -10 5 11 12 6 1 11 8 -4 -8 3 -4 9 -11 
7 -6 2 3 -2 -1 1 6 12 8 1 10 -7 -3 4 7 8 1 10 -11 
7 1 13 2 2 8 5 0 3 7 -6 1 10 0 8 -11 -4 1 8 8 
8 8 1 -4 -11 8 0 10 1 -6 7 3 0 5 8 2 2 13 1 7 
-11 10 1 8 7 4 -3 -7 10 1 8 12 6 1 -1 -2 3 2 -6 7 
-11 9 -4 3 -8 -4 8 11 1 6 12 11 5 -10 12 8 10 6 4 2 
7 13 11 2 6 12 8 11 -6 7 10 13 10 10 2 6 7 1 3 -5 
-1 10 12 12 -11 2 2 1 10 -4 11 5 1 6 5 -12 7 10 10 10 
2 9 9 1 9 6 8 13 6 12 4 6 9 0 11 11 10 -2 5 -7 
3 -3 8 4 5 2 7 -10 -4 1 0 3 -3 -8 4 -10 -11 -3 3 4 
12 12 7 0 2 11 -7 11 3 -9 -11 9 7 10 -2 -10 1 11 -3 -7 
13 -11 -11 -13 11 12 12 -8 5 7 -5 6 0 -3 13 13 10 -2 -5 5 
-1 -4 13 13 7 3 13 4 2 8 -2 -1 -5 -4 -8 5 -1 8 11 0 
30
1
5 16
14 3
0
0
