20 20
12 -11 2 -6 1 12 -8 3 10 10 -3 5 -11 0 -12 14 4 2 0 5 
13 1 11 8 4 9 8 5 5 14 6 13 4 -9 7 14 -5 8 -9 3 
10 10 -11 2 -13 12 -9 -4 6 8 1 6 7 -11 1 13 12 -9 10 -1 
-14 5 3 -12 2 8 -14 5 6 -5 12 10 10 14 13 4 -4 8 0 5 
-1 -8 -10 10 11 10 -2 11 11 -7 3 0 -5 6 11 12 -8 3 9 12 
1 14 -9 14 11 9 6 -8 4 -13 2 11 -2 13 0 -12 6 10 11 3 
10 5 10 8 13 4 11 5 -1 12 -13 10 5 1 -4 2 11 -1 12 -9 
2 2 11 11 6 -14 13 9 11 -6 -10 5 3 9 7 -1 5 11 3 5 
14 1 10 13 5 3 -1 2 2 12 12 7 -7 -8 1 6 3 1 0 -4 
2 9 -7 11 6 12 -2 9 5 3 13 0 3 -10 -3 -1 8 1 7 8 
8 7 1 8 -1 -3 -10 3 0 13 3 5 9 -2 12 6 11 -7 9 2 
-4 0 1 3 6 1 -8 -7 7 12 12 2 2 -1 3 5 13 10 1 14 
5 3 11 5 -1 7 9 3 5 -10 -6 11 9 13 -14 6 11 11 2 2 
-9 12 -1 11 2 -4 1 5 10 -13 12 -1 5 11 4 13 8 10 5 10 
3 11 10 6 -12 0 13 -2 11 2 -13 4 -8 6 9 11 14 -9 14 1 
12 9 3 -8 12 11 6 -5 0 3 -7 11 11 -2 10 11 10 -10 -8 -1 
5 0 8 -4 4 13 14 10 10 12 -5 6 5 -14 8 2 -12 3 5 -14 
-1 10 -9 12 13 1 -11 7 6 1 8 6 -4 -9 12 -13 2 -11 10 10 
3 -9 8 -5 14 7 -9 4 13 6 14 5 5 8 9 4 8 11 1 13 
5 0 2 4 14 -12 0 -11 5 -3 10 10 3 -8 12 1 -6 2 -11 12 
30
1
4 0
15 19
0
0
