20 20
24 9 -25 15 2 14 11 4 -1 5 -15 -22 18 7 2 8 -15 11 -2 23 
12 -16 18 23 -1 10 -13 1 2 19 9 -24 4 25 19 1 4 22 -15 1 
16 -6 10 -13 -22 -5 -6 21 -25 22 25 20 -21 -12 20 21 -17 -13 6 18 
-8 5 8 18 19 23 25 18 -19 15 -14 23 -16 15 -19 25 13 9 15 -20 
-19 25 25 5 5 12 20 25 19 -25 -1 14 8 0 -15 10 22 12 8 5 
16 -2 2 25 6 14 -20 -4 3 13 10 4 4 -21 12 18 -8 3 -11 10 
12 -22 -7 14 18 5 17 6 16 16 -18 -1 3 0 18 23 14 7 4 19 
20 -5 24 14 -12 4 12 8 11 2 19 18 -15 19 10 -11 25 24 3 -25 
15 13 7 13 22 5 -11 -7 17 5 20 7 -1 1 1 15 25 14 3 -20 
-9 14 25 20 -25 18 23 9 -22 23 21 -23 -18 23 14 20 6 11 24 16 
16 24 11 6 20 14 23 -18 -23 21 23 -22 9 23 18 -25 20 25 14 -9 
-20 3 14 25 15 1 1 -1 7 20 5 17 -7 -11 5 22 13 7 13 15 
-25 3 24 25 -11 10 19 -15 18 19 2 11 8 12 4 -12 14 24 -5 20 
19 4 7 14 23 18 0 3 -1 -18 16 16 6 17 5 18 14 -7 -22 12 
10 -11 3 -8 18 12 -21 4 4 10 13 3 -4 -20 14 6 25 2 -2 16 
5 8 12 22 10 -15 0 8 14 -1 -25 19 25 20 12 5 5 25 25 -19 
-20 15 9 13 25 -19 15 -16 23 -14 15 -19 18 25 23 19 18 8 5 -8 
18 6 -13 -17 21 20 -12 -21 20 25 22 -25 21 -6 -5 -22 -13 10 -6 16 
1 -15 22 4 1 19 25 4 -24 9 19 2 1 -13 10 -1 23 18 -16 12 
23 -2 11 -15 8 2 7 18 -22 -15 5 -1 4 11 14 2 15 -25 9 24 
30
1
17 14
2 5
0
0
