20 20
28 4 -20 -20 17 -12 8 -3 17 0 29 25 25 -25 22 -3 -26 24 29 6 
0 -24 7 17 -4 3 8 14 -18 12 -30 13 -17 16 28 -5 26 21 25 30 
30 23 15 2 14 -20 8 14 4 4 7 25 -15 -20 29 2 6 12 1 -23 
9 17 16 12 -18 9 23 14 17 7 26 -20 11 7 8 25 14 28 21 7 
3 12 -8 30 4 3 11 7 -14 -9 30 0 28 23 0 6 27 9 12 6 
18 -10 27 18 3 -7 -4 25 -9 10 8 1 12 8 -16 6 -5 1 2 15 
-12 2 28 19 1 23 0 18 11 15 -17 17 12 16 26 28 16 18 21 10 
8 16 -17 18 3 -8 14 17 1 5 30 18 -30 27 30 9 2 26 28 10 
17 30 13 20 19 12 4 1 21 0 17 13 -5 2 28 18 -4 12 29 -25 
0 10 -29 13 25 28 19 18 -13 -11 12 14 21 22 -11 21 5 10 9 13 
13 9 10 5 21 -11 22 21 14 12 -11 -13 18 19 28 25 13 -29 10 0 
-25 29 12 -4 18 28 2 -5 13 17 0 21 1 4 12 19 20 13 30 17 
10 28 26 2 9 30 27 -30 18 30 5 1 17 14 -8 3 18 -17 16 8 
10 21 18 16 28 26 16 12 17 -17 15 11 18 0 23 1 19 28 2 -12 
15 2 1 -5 6 -16 8 12 1 8 10 -9 25 -4 -7 3 18 27 -10 18 
6 12 9 27 6 0 23 28 0 30 -9 -14 7 11 3 4 30 -8 12 3 
7 21 28 14 25 8 7 11 -20 26 7 17 14 23 9 -18 12 16 17 9 
-23 1 12 6 2 29 -20 -15 25 7 4 4 14 8 -20 14 2 15 23 30 
30 25 21 26 -5 28 16 -17 13 -30 12 -18 14 8 3 -4 17 7 -24 0 
6 29 24 -26 -3 22 -25 25 25 29 0 17 -3 8 -12 17 -20 -20 4 28 
30
1
11 9
8 10
0
0
