20 20
5 1 2 -5 -14 20 12 3 9 7 -1 7 19 -19 0 15 2 -12 -4 0 
5 -5 3 11 15 5 2 20 1 10 -11 1 17 12 14 9 1 6 2 10 
1 21 18 15 11 17 21 18 1 12 -21 12 7 0 -4 13 -6 13 8 -14 
14 9 20 -9 21 21 3 15 19 11 12 12 11 15 -11 1 0 3 10 1 
6 -11 20 12 16 19 7 -16 -6 -20 1 8 14 7 20 3 6 8 -4 16 
17 13 12 5 -5 4 3 13 13 11 -17 -19 16 -17 21 21 -18 20 -17 -15 
11 9 16 15 12 2 18 3 -12 9 12 2 16 13 19 18 -11 0 -15 -8 
7 19 -19 -1 8 2 8 11 -19 -20 7 4 -19 19 4 2 -13 -17 10 6 
9 6 2 1 12 11 2 -16 18 17 5 2 -19 1 3 17 7 8 -7 -12 
20 -13 -2 -8 19 6 20 3 -7 -11 -10 7 16 12 16 -16 0 -15 13 13 
13 13 -15 0 -16 16 12 16 7 -10 -11 -7 3 20 6 19 -8 -2 -13 20 
-12 -7 8 7 17 3 1 -19 2 5 17 18 -16 2 11 12 1 2 6 9 
6 10 -17 -13 2 4 19 -19 4 7 -20 -19 11 8 2 8 -1 -19 19 7 
-8 -15 0 -11 18 19 13 16 2 12 9 -12 3 18 2 12 15 16 9 11 
-15 -17 20 -18 21 21 -17 16 -19 -17 11 13 13 3 4 -5 5 12 13 17 
16 -4 8 6 3 20 7 14 8 1 -20 -6 -16 7 19 16 12 20 -11 6 
1 10 3 0 1 -11 15 11 12 12 11 19 15 3 21 21 -9 20 9 14 
-14 8 13 -6 13 -4 0 7 12 -21 12 1 18 21 17 11 15 18 21 1 
10 2 6 1 9 14 12 17 1 -11 10 1 20 2 5 15 11 3 -5 5 
0 -4 -12 2 15 0 -19 19 7 -1 7 9 3 12 20 -14 -5 2 1 5 
30
1
8 10
11 9
0
0
