20 20
4 10 10 3 17 13 9 -9 11 8 4 14 1 -5 1 2 12 20 -9 3 
12 11 18 -11 18 -2 -6 6 6 8 3 2 20 9 8 -14 5 3 -7 2 
-4 1 -1 -1 20 6 -16 -6 -12 10 8 -11 6 -4 -12 -16 -4 11 8 15 
0 -8 9 11 7 6 18 4 11 -3 1 -3 -20 -20 -9 -2 19 13 -17 16 
9 9 12 8 18 -5 6 18 3 -4 7 5 17 8 14 18 8 9 1 0 
3 1 -6 10 13 3 15 -5 1 20 13 -6 11 -1 18 0 -19 12 2 11 
17 10 14 -7 -4 8 -11 3 13 -1 -10 3 -13 -19 17 2 -19 2 15 15 
18 14 1 3 18 11 15 2 18 1 18 2 18 0 7 19 -16 0 1 15 
9 2 -5 -7 -17 -17 -2 15 6 4 -6 17 10 -9 -8 3 16 -20 1 13 
4 -11 8 18 -9 18 6 11 13 6 2 7 5 4 1 -2 20 -14 -16 6 
6 -16 -14 20 -2 1 4 5 7 2 6 13 11 6 18 -9 18 8 -11 4 
13 1 -20 16 3 -8 -9 10 17 -6 4 6 15 -2 -17 -17 -7 -5 2 9 
15 1 0 -16 19 7 0 18 2 18 1 18 2 15 11 18 3 1 14 18 
15 15 2 -19 2 17 -19 -13 3 -10 -1 13 3 -11 8 -4 -7 14 10 17 
11 2 12 -19 0 18 -1 11 -6 13 20 1 -5 15 3 13 10 -6 1 3 
0 1 9 8 18 14 8 17 5 7 -4 3 18 6 -5 18 8 12 9 9 
16 -17 13 19 -2 -9 -20 -20 -3 1 -3 11 4 18 6 7 11 9 -8 0 
15 8 11 -4 -16 -12 -4 6 -11 8 10 -12 -6 -16 6 20 -1 -1 1 -4 
2 -7 3 5 -14 8 9 20 2 3 8 6 6 -6 -2 18 -11 18 11 12 
3 -9 20 12 2 1 -5 1 14 4 8 11 -9 9 13 17 3 10 10 4 
30
1
0 3
19 16
0
0
