20 20
-17 8 20 -10 -13 -22 0 -9 5 -3 17 -12 -3 -13 -22 -23 -16 11 -6 14 
3 17 22 5 -2 1 -12 7 11 22 20 10 -23 11 -15 13 18 5 22 -4 
9 -12 12 -10 -7 -7 2 -3 1 4 23 -13 -18 21 6 13 19 17 -6 -1 
-19 9 -8 12 6 3 4 7 -7 -14 -8 -18 11 16 1 8 2 7 10 -21 
-3 -16 20 -7 6 13 12 14 -16 15 16 17 11 -9 3 19 15 18 11 17 
-18 -2 14 7 14 22 0 16 4 22 14 23 9 20 12 9 8 3 22 10 
-21 -11 22 8 21 13 -2 19 20 5 13 3 1 0 14 -7 3 5 -13 17 
20 15 2 19 16 3 -10 -16 1 18 17 -16 21 19 11 21 16 8 16 1 
23 -15 14 11 -9 -7 2 18 2 16 21 -20 -14 8 10 -15 -1 -20 18 16 
21 -9 13 10 17 7 4 21 6 -8 22 -12 -4 9 1 -10 16 3 22 11 
11 22 3 16 -10 1 9 -4 -12 22 -8 6 21 4 7 17 10 13 -9 21 
16 18 -20 -1 -15 10 8 -14 -20 21 16 2 18 2 -7 -9 11 14 -15 23 
1 16 8 16 21 11 19 21 -16 17 18 1 -16 -10 3 16 19 2 15 20 
17 -13 5 3 -7 14 0 1 3 13 5 20 19 -2 13 21 8 22 -11 -21 
10 22 3 8 9 12 20 9 23 14 22 4 16 0 22 14 7 14 -2 -18 
17 11 18 15 19 3 -9 11 17 16 15 -16 14 12 13 6 -7 20 -16 -3 
-21 10 7 2 8 1 16 11 -18 -8 -14 -7 7 4 3 6 12 -8 9 -19 
-1 -6 17 19 13 6 21 -18 -13 23 4 1 -3 2 -7 -7 -10 12 -12 9 
-4 22 5 18 13 -15 11 -23 10 20 22 11 7 -12 1 -2 5 22 17 3 
14 -6 11 -16 -23 -22 -13 -3 -12 17 -3 5 -9 0 -22 -13 -10 20 8 -17 
30
1
16 4
3 15
0
0
