20 20
21 16 -3 -17 11 2 6 0 13 10 9 21 -16 5 8 -4 13 15 17 18 
-17 19 2 -9 -12 21 13 -1 14 6 6 -12 13 20 13 12 15 3 14 -1 
10 14 -3 8 19 1 1 15 -17 -20 21 11 9 -7 0 11 -18 18 14 19 
-8 2 -15 19 18 7 13 15 14 -11 9 -6 1 -22 -16 3 0 10 15 22 
-14 -10 20 20 5 0 0 20 7 21 4 16 0 10 20 19 9 9 22 4 
11 17 6 5 -16 16 3 20 -15 4 16 -1 15 18 -10 19 14 16 0 6 
3 -17 17 14 21 2 1 18 -4 21 3 18 -12 -22 22 1 -16 0 13 0 
19 18 3 16 4 -21 22 -21 7 8 7 -14 21 0 18 -17 21 7 -15 5 
20 19 6 17 0 -12 14 5 22 8 -14 13 7 13 5 12 22 12 19 -3 
22 6 20 -2 -9 -15 20 3 -17 7 1 19 -3 1 -19 11 22 18 -15 15 
15 -15 18 22 11 -19 1 -3 19 1 7 -17 3 20 -15 -9 -2 20 6 22 
-3 19 12 22 12 5 13 7 13 -14 8 22 5 14 -12 0 17 6 19 20 
5 -15 7 21 -17 18 0 21 -14 7 8 7 -21 22 -21 4 16 3 18 19 
0 13 0 -16 1 22 -22 -12 18 3 21 -4 18 1 2 21 14 17 -17 3 
6 0 16 14 19 -10 18 15 -1 16 4 -15 20 3 16 -16 5 6 17 11 
4 22 9 9 19 20 10 0 16 4 21 7 20 0 0 5 20 20 -10 -14 
22 15 10 0 3 -16 -22 1 -6 9 -11 14 15 13 7 18 19 -15 2 -8 
19 14 18 -18 11 0 -7 9 11 21 -20 -17 15 1 1 19 8 -3 14 10 
-1 14 3 15 12 13 20 13 -12 6 6 14 -1 13 21 -12 -9 2 19 -17 
18 17 15 13 -4 8 5 -16 21 9 10 13 0 6 2 11 -17 -3 16 21 
30
1
17 1
2 18
0
0
