20 20
3 11 16 13 -12 -19 -1 14 2 -6 -22 5 13 18 21 19 18 13 12 -9 
-15 15 2 -22 -11 9 -1 8 4 4 17 6 7 -20 0 14 18 19 1 8 
2 15 6 23 20 -9 18 2 7 20 19 14 18 -6 8 1 3 11 -5 23 
21 16 19 2 -2 -7 -14 4 18 0 -16 7 13 9 5 11 16 12 -20 1 
7 11 7 22 13 9 12 -20 4 3 6 -5 17 -15 3 8 1 21 7 18 
3 -19 20 21 -20 8 -21 9 -21 10 6 23 15 14 14 10 14 -4 22 13 
10 -6 -16 6 1 23 -15 12 -8 -11 11 20 14 22 7 -5 18 23 -18 8 
19 -20 12 -18 17 5 -11 5 17 -15 19 11 11 17 18 17 7 14 -14 10 
-13 -22 -10 6 11 3 18 17 15 12 22 0 10 -15 23 10 4 13 21 2 
-20 17 3 10 2 4 21 13 4 4 22 -11 11 -5 17 8 -12 -14 9 4 
4 9 -14 -12 8 17 -5 11 -11 22 4 4 13 21 4 2 10 3 17 -20 
2 21 13 4 10 23 -15 10 0 22 12 15 17 18 3 11 6 -10 -22 -13 
10 -14 14 7 17 18 17 11 11 19 -15 17 5 -11 5 17 -18 12 -20 19 
8 -18 23 18 -5 7 22 14 20 11 -11 -8 12 -15 23 1 6 -16 -6 10 
13 22 -4 14 10 14 14 15 23 6 10 -21 9 -21 8 -20 21 20 -19 3 
18 7 21 1 8 3 -15 17 -5 6 3 4 -20 12 9 13 22 7 11 7 
1 -20 12 16 11 5 9 13 7 -16 0 18 4 -14 -7 -2 2 19 16 21 
23 -5 11 3 1 8 -6 18 14 19 20 7 2 18 -9 20 23 6 15 2 
8 1 19 18 14 0 -20 7 6 17 4 4 8 -1 9 -11 -22 2 15 -15 
-9 12 13 18 19 21 18 13 5 -22 -6 2 14 -1 -19 -12 13 16 11 3 
30
1
9 16
10 3
0
0
