20 20
1 22 3 20 -11 11 10 -13 10 16 -11 9 15 19 21 14 9 -9 4 -17 
21 12 4 14 21 20 18 11 10 18 1 12 -5 12 17 -12 14 6 14 4 
18 16 13 -1 8 7 -4 7 19 -15 15 -20 18 -21 10 -21 -8 13 -14 14 
6 2 3 -18 7 14 -4 -3 8 12 4 15 21 -14 14 8 8 13 -5 11 
9 7 9 22 1 13 -12 14 10 6 19 -7 -6 19 0 20 -17 1 9 9 
11 -14 2 17 22 -18 2 10 7 13 15 15 4 12 20 1 3 4 -9 10 
10 13 1 10 16 16 -15 22 -14 21 3 7 17 6 20 10 -18 8 12 1 
16 -11 2 -14 -9 12 -4 22 1 3 18 7 15 16 22 12 16 19 21 21 
19 17 -12 12 -9 -5 16 -18 14 22 18 -7 13 21 13 -16 12 18 13 6 
15 -11 9 17 0 7 -8 8 13 2 4 17 0 -16 -17 5 2 12 16 14 
14 16 12 2 5 -17 -16 0 17 4 2 13 8 -8 7 0 17 9 -11 15 
6 13 18 12 -16 13 21 13 -7 18 22 14 -18 16 -5 -9 12 -12 17 19 
21 21 19 16 12 22 16 15 7 18 3 1 22 -4 12 -9 -14 2 -11 16 
1 12 8 -18 10 20 6 17 7 3 21 -14 22 -15 16 16 10 1 13 10 
10 -9 4 3 1 20 12 4 15 15 13 7 10 2 -18 22 17 2 -14 11 
9 9 1 -17 20 0 19 -6 -7 19 6 10 14 -12 13 1 22 9 7 9 
11 -5 13 8 8 14 -14 21 15 4 12 8 -3 -4 14 7 -18 3 2 6 
14 -14 13 -8 -21 10 -21 18 -20 15 -15 19 7 -4 7 8 -1 13 16 18 
4 14 6 14 -12 17 12 -5 12 1 18 10 11 18 20 21 14 4 12 21 
-17 4 -9 9 14 21 19 15 9 -11 16 10 -13 10 11 -11 20 3 22 1 
30
1
19 7
0 12
0
0
