20 20
3 17 21 7 1 19 12 -18 -18 16 5 10 2 6 -12 -17 8 17 16 16 
18 21 4 15 16 12 -20 2 -14 7 22 2 -21 14 20 7 22 8 1 6 
9 22 21 16 21 10 9 10 12 19 -7 -15 21 11 -12 21 7 11 20 22 
20 7 14 -8 12 -11 11 18 6 -20 17 -9 12 16 -16 3 7 -12 13 18 
18 20 5 9 16 18 -6 16 3 4 -3 13 1 17 -11 -15 22 8 7 5 
20 15 18 -3 -21 4 17 -15 9 -8 11 3 1 -5 21 22 7 16 17 -22 
-16 5 -8 10 11 22 -13 19 20 7 15 16 21 10 12 -11 4 8 -11 -1 
-21 -15 9 6 -11 21 11 14 17 -19 -1 16 6 -12 0 -17 19 4 -4 7 
22 22 12 14 22 4 21 13 20 10 5 13 0 8 -17 4 11 10 12 8 
-18 10 12 -4 6 19 16 1 8 21 5 -9 9 1 16 17 12 6 22 -6 
-6 22 6 12 17 16 1 9 -9 5 21 8 1 16 19 6 -4 12 10 -18 
8 12 10 11 4 -17 8 0 13 5 10 20 13 21 4 22 14 12 22 22 
7 -4 4 19 -17 0 -12 6 16 -1 -19 17 14 11 21 -11 6 9 -15 -21 
-1 -11 8 4 -11 12 10 21 16 15 7 20 19 -13 22 11 10 -8 5 -16 
-22 17 16 7 22 21 -5 1 3 11 -8 9 -15 17 4 -21 -3 18 15 20 
5 7 8 22 -15 -11 17 1 13 -3 4 3 16 -6 18 16 9 5 20 18 
18 13 -12 7 3 -16 16 12 -9 17 -20 6 18 11 -11 12 -8 14 7 20 
22 20 11 7 21 -12 11 21 -15 -7 19 12 10 9 10 21 16 21 22 9 
6 1 8 22 7 20 14 -21 2 22 7 -14 2 -20 12 16 15 4 21 18 
16 16 17 8 -17 -12 6 2 10 5 16 -18 -18 12 19 1 7 21 17 3 
30
1
2 11
17 8
0
0
