20 20
13 22 1 3 11 6 11 22 13 11 5 3 1 -18 -20 1 -20 20 21 21 
-7 -21 -4 12 0 -16 12 22 14 22 12 7 3 16 0 9 -19 22 12 -8 
19 14 0 23 2 7 2 20 10 3 22 -23 4 5 8 22 6 16 9 1 
9 -20 7 11 3 1 4 5 4 11 -3 -14 -10 -21 14 -3 1 4 22 2 
6 20 7 5 0 18 -16 10 -11 23 -23 -13 -13 7 5 -17 1 10 6 14 
18 -16 -18 21 5 17 -15 -20 16 20 3 11 -1 5 12 12 22 13 -12 -7 
19 7 3 -13 19 18 19 -12 -2 11 14 10 -5 10 10 -9 18 6 20 13 
22 11 2 22 5 22 11 17 19 7 4 -8 4 7 -10 11 16 22 -11 8 
14 4 4 -15 0 -17 15 14 -22 5 1 6 18 -21 19 4 10 0 -5 -13 
8 -5 11 5 -17 5 3 -23 0 20 -1 6 6 -10 3 16 17 -19 22 5 
5 22 -19 17 16 3 -10 6 6 -1 20 0 -23 3 5 -17 5 11 -5 8 
-13 -5 0 10 4 19 -21 18 6 1 5 -22 14 15 -17 0 -15 4 4 14 
8 -11 22 16 11 -10 7 4 -8 4 7 19 17 11 22 5 22 2 11 22 
13 20 6 18 -9 10 10 -5 10 14 11 -2 -12 19 18 19 -13 3 7 19 
-7 -12 13 22 12 12 5 -1 11 3 20 16 -20 -15 17 5 21 -18 -16 18 
14 6 10 1 -17 5 7 -13 -13 -23 23 -11 10 -16 18 0 5 7 20 6 
2 22 4 1 -3 14 -21 -10 -14 -3 11 4 5 4 1 3 11 7 -20 9 
1 9 16 6 22 8 5 4 -23 22 3 10 20 2 7 2 23 0 14 19 
-8 12 22 -19 9 0 16 3 7 12 22 14 22 12 -16 0 12 -4 -21 -7 
21 21 20 -20 1 -20 -18 1 3 5 11 13 22 11 6 11 3 1 22 13 
30
1
19 11
0 8
0
0
