20 20
8 0 1 3 2 -8 18 16 20 21 22 14 8 10 20 18 -20 -1 1 -1 
3 -30 25 9 3 19 -27 24 10 29 19 22 10 1 7 17 26 4 17 3 
11 -29 -5 12 17 2 28 25 12 0 -12 1 3 16 4 17 27 26 15 16 
6 11 22 15 -2 28 27 27 -4 14 8 21 29 -27 22 2 -6 -2 -26 1 
11 29 22 17 28 7 -11 6 -2 22 -24 -26 -26 -2 4 19 22 21 22 -25 
17 13 17 17 9 3 12 23 23 -16 4 3 22 2 9 -3 18 -14 9 4 
28 1 -20 24 6 13 -19 27 8 -30 12 11 9 20 14 13 22 18 14 17 
25 -3 4 24 6 2 4 -7 13 6 3 -17 8 2 18 -3 -29 24 16 13 
27 26 -25 -27 9 10 18 18 -7 22 13 4 26 13 10 15 7 1 23 26 
-29 15 26 -1 20 17 25 8 0 20 20 8 17 12 21 13 -15 2 5 12 
12 5 2 -15 13 21 12 17 8 20 20 0 8 25 17 20 -1 26 15 -29 
26 23 1 7 15 10 13 26 4 13 22 -7 18 18 10 9 -27 -25 26 27 
13 16 24 -29 -3 18 2 8 -17 3 6 13 -7 4 2 6 24 4 -3 25 
17 14 18 22 13 14 20 9 11 12 -30 8 27 -19 13 6 24 -20 1 28 
4 9 -14 18 -3 9 2 22 3 4 -16 23 23 12 3 9 17 17 13 17 
-25 22 21 22 19 4 -2 -26 -26 -24 22 -2 6 -11 7 28 17 22 29 11 
1 -26 -2 -6 2 22 -27 29 21 8 14 -4 27 27 28 -2 15 22 11 6 
16 15 26 27 17 4 16 3 1 -12 0 12 25 28 2 17 12 -5 -29 11 
3 17 4 26 17 7 1 10 22 19 29 10 24 -27 19 3 9 25 -30 3 
-1 1 -1 -20 18 20 10 8 14 22 21 20 16 18 -8 2 3 1 0 8 
30
1
11 4
8 15
0
0
