20 20
7 12 -18 14 13 16 16 17 -11 20 1 8 -16 16 5 9 12 19 11 20 
9 -17 16 5 10 15 19 -12 -3 14 4 12 9 6 17 0 9 8 2 8 
-20 11 -1 2 6 8 -19 -3 12 14 -12 10 4 5 7 -3 17 20 4 4 
16 10 -5 8 3 9 13 14 12 6 -5 15 17 11 18 6 14 20 -18 12 
10 18 19 13 1 12 10 -4 0 10 -1 -13 17 -9 2 4 -6 1 5 10 
11 1 7 -4 1 8 6 1 9 18 20 6 16 1 7 8 10 17 11 -17 
14 5 -3 19 11 18 -12 -9 7 6 19 -5 9 20 7 3 9 12 13 1 
11 14 7 8 16 9 7 17 -9 -20 12 0 8 -17 -18 18 11 -6 15 16 
0 16 4 14 12 11 -18 -12 2 15 11 20 3 -2 16 2 1 1 4 11 
2 0 6 7 -1 8 4 -17 13 10 19 20 0 4 7 8 9 20 17 3 
3 17 20 9 8 7 4 0 20 19 10 13 -17 4 8 -1 7 6 0 2 
11 4 1 1 2 16 -2 3 20 11 15 2 -12 -18 11 12 14 4 16 0 
16 15 -6 11 18 -18 -17 8 0 12 -20 -9 17 7 9 16 8 7 14 11 
1 13 12 9 3 7 20 9 -5 19 6 7 -9 -12 18 11 19 -3 5 14 
-17 11 17 10 8 7 1 16 6 20 18 9 1 6 8 1 -4 7 1 11 
10 5 1 -6 4 2 -9 17 -13 -1 10 0 -4 10 12 1 13 19 18 10 
12 -18 20 14 6 18 11 17 15 -5 6 12 14 13 9 3 8 -5 10 16 
4 4 20 17 -3 7 5 4 10 -12 14 12 -3 -19 8 6 2 -1 11 -20 
8 2 8 9 0 17 6 9 12 4 14 -3 -12 19 15 10 5 16 -17 9 
20 11 19 12 9 5 16 -16 8 1 20 -11 17 16 16 13 14 -18 12 7 
30
1
16 14
3 5
0
0
