20 20
11 9 1 3 -20 12 23 -1 20 16 6 16 14 -22 9 8 21 0 -10 2 
5 18 12 23 11 11 -11 15 25 -20 8 -21 -21 -13 11 13 24 24 11 7 
16 5 16 8 -11 7 7 15 -25 7 19 16 11 -25 3 7 8 17 25 1 
14 12 4 -4 1 -3 16 24 24 11 10 2 7 21 -16 -13 2 21 18 5 
16 12 4 11 22 23 15 10 20 15 21 11 20 21 10 1 6 5 11 -9 
11 3 8 7 12 9 -18 2 17 -2 23 -2 10 23 4 23 25 8 2 6 
-13 21 -10 20 -2 18 21 7 15 -8 5 -12 5 -8 8 -18 14 3 12 -22 
18 22 14 17 17 -11 -10 11 15 9 -7 25 13 -8 25 7 2 25 11 25 
23 11 12 12 13 7 1 2 8 -16 -15 11 16 21 5 -10 16 20 23 -22 
16 1 -17 16 18 17 23 24 10 7 24 19 -6 7 -16 6 9 -11 23 20 
20 23 -11 9 6 -16 7 -6 19 24 7 10 24 23 17 18 16 -17 1 16 
-22 23 20 16 -10 5 21 16 11 -15 -16 8 2 1 7 13 12 12 11 23 
25 11 25 2 7 25 -8 13 25 -7 9 15 11 -10 -11 17 17 14 22 18 
-22 12 3 14 -18 8 -8 5 -12 5 -8 15 7 21 18 -2 20 -10 21 -13 
6 2 8 25 23 4 23 10 -2 23 -2 17 2 -18 9 12 7 8 3 11 
-9 11 5 6 1 10 21 20 11 21 15 20 10 15 23 22 11 4 12 16 
5 18 21 2 -13 -16 21 7 2 10 11 24 24 16 -3 1 -4 4 12 14 
1 25 17 8 7 3 -25 11 16 19 7 -25 15 7 7 -11 8 16 5 16 
7 11 24 24 13 11 -13 -21 -21 8 -20 25 15 -11 11 11 23 12 18 5 
2 -10 0 21 8 9 -22 14 16 6 16 20 -1 23 12 -20 3 1 9 11 
30
1
10 11
9 8
0
0
