20 20
5 -8 3 -24 -15 22 -27 9 6 16 20 20 22 27 1 22 6 25 5 -26 
20 -12 19 9 27 -4 22 10 25 14 18 -10 27 -24 3 14 12 26 12 16 
-19 7 -20 -20 -9 18 15 13 17 -22 26 8 17 -4 22 1 26 7 14 19 
19 10 -18 -23 -14 10 12 13 8 -9 -16 -13 7 26 10 27 15 24 -3 -20 
-11 1 -8 25 26 1 21 -3 14 20 1 19 5 8 -27 18 -7 27 -9 11 
4 26 23 10 20 26 13 23 22 11 7 -8 -18 10 2 1 -10 10 -21 -16 
5 8 13 1 14 -21 21 10 4 6 21 24 15 21 1 25 17 -5 2 22 
-10 10 5 8 5 -2 0 21 7 -27 27 25 -24 23 -4 22 -22 17 3 -23 
-20 12 7 25 4 23 5 11 6 3 19 -20 2 10 -26 3 -15 25 3 17 
13 14 -17 19 3 13 6 21 10 12 26 6 -16 -24 24 16 11 -6 24 11 
11 24 -6 11 16 24 -24 -16 6 26 12 10 21 6 13 3 19 -17 14 13 
17 3 25 -15 3 -26 10 2 -20 19 3 6 11 5 23 4 25 7 12 -20 
-23 3 17 -22 22 -4 23 -24 25 27 -27 7 21 0 -2 5 8 5 10 -10 
22 2 -5 17 25 1 21 15 24 21 6 4 10 21 -21 14 1 13 8 5 
-16 -21 10 -10 1 2 10 -18 -8 7 11 22 23 13 26 20 10 23 26 4 
11 -9 27 -7 18 -27 8 5 19 1 20 14 -3 21 1 26 25 -8 1 -11 
-20 -3 24 15 27 10 26 7 -13 -16 -9 8 13 12 10 -14 -23 -18 10 19 
19 14 7 26 1 22 -4 17 8 26 -22 17 13 15 18 -9 -20 -20 7 -19 
16 12 26 12 14 3 -24 27 -10 18 14 25 10 22 -4 27 9 19 -12 20 
-26 5 25 6 22 1 27 22 20 20 16 6 9 -27 22 -15 -24 3 -8 5 
30
1
0 15
19 4
0
0
