20 20
3 -11 15 -16 8 1 -3 8 -9 -15 0 15 2 1 9 2 11 16 8 10 
3 -14 3 9 4 8 1 9 -3 14 16 -15 7 3 6 7 -7 14 10 7 
10 10 -14 13 0 9 2 1 7 -7 3 10 11 17 8 11 -15 3 17 16 
7 7 -17 -3 15 15 14 -6 5 15 1 7 4 3 1 -3 -11 4 8 1 
10 17 -13 4 5 -10 15 6 7 6 -6 17 4 7 10 3 3 -4 10 -17 
7 -14 14 3 14 1 -9 12 2 6 -13 10 -9 7 7 -13 -6 -14 17 3 
7 -1 8 8 -8 1 7 5 -16 15 6 11 15 9 -1 10 7 9 6 -9 
1 10 15 12 5 1 -12 -13 2 13 0 8 7 15 7 10 -5 7 15 -15 
5 5 14 5 5 7 -9 9 13 12 2 7 9 17 -10 1 8 8 7 17 
3 13 2 1 1 6 4 3 -8 -1 3 8 15 -14 7 8 16 5 12 7 
7 12 5 16 8 7 -14 15 8 3 -1 -8 3 4 6 1 1 2 13 3 
17 7 8 8 1 -10 17 9 7 2 12 13 9 -9 7 5 5 14 5 5 
-15 15 7 -5 10 7 15 7 8 0 13 2 -13 -12 1 5 12 15 10 1 
-9 6 9 7 10 -1 9 15 11 6 15 -16 5 7 1 -8 8 8 -1 7 
3 17 -14 -6 -13 7 7 -9 10 -13 6 2 12 -9 1 14 3 14 -14 7 
-17 10 -4 3 3 10 7 4 17 -6 6 7 6 15 -10 5 4 -13 17 10 
1 8 4 -11 -3 1 3 4 7 1 15 5 -6 14 15 15 -3 -17 7 7 
16 17 3 -15 11 8 17 11 10 3 -7 7 1 2 9 0 13 -14 10 10 
7 10 14 -7 7 6 3 7 -15 16 14 -3 9 1 8 4 9 3 -14 3 
10 8 16 11 2 9 1 2 15 0 -15 -9 8 -3 1 8 -16 15 -11 3 
30
1
6 14
13 5
0
0
