20 20
8 -2 20 20 4 -13 23 -14 -28 -3 6 23 30 5 2 -23 -30 -8 8 13 
3 5 5 3 5 -30 8 -26 -30 -7 21 3 26 2 3 22 21 -15 -3 -7 
24 1 21 13 20 -12 14 3 -19 -30 30 21 0 15 -4 14 11 16 16 3 
-29 -18 17 29 12 28 25 23 23 23 19 15 14 4 23 22 11 -27 4 -6 
17 20 -2 10 -4 -10 -28 18 25 -3 7 21 24 20 13 29 18 1 -4 -14 
25 14 18 2 0 10 -22 19 9 14 11 3 18 3 26 22 13 -14 16 -22 
1 27 -30 2 28 23 -17 -12 28 17 15 -16 26 -4 21 -1 -13 -6 -29 16 
2 -14 23 19 12 -12 14 25 13 18 -18 19 26 18 1 19 17 7 5 22 
7 29 -26 4 7 29 -4 2 -7 -3 20 12 12 23 16 16 29 21 25 25 
17 26 28 22 11 -27 -24 23 16 24 -8 -11 7 -3 20 19 3 27 29 9 
9 29 27 3 19 20 -3 7 -11 -8 24 16 23 -24 -27 11 22 28 26 17 
25 25 21 29 16 16 23 12 12 20 -3 -7 2 -4 29 7 4 -26 29 7 
22 5 7 17 19 1 18 26 19 -18 18 13 25 14 -12 12 19 23 -14 2 
16 -29 -6 -13 -1 21 -4 26 -16 15 17 28 -12 -17 23 28 2 -30 27 1 
-22 16 -14 13 22 26 3 18 3 11 14 9 19 -22 10 0 2 18 14 25 
-14 -4 1 18 29 13 20 24 21 7 -3 25 18 -28 -10 -4 10 -2 20 17 
-6 4 -27 11 22 23 4 14 15 19 23 23 23 25 28 12 29 17 -18 -29 
3 16 16 11 14 -4 15 0 21 30 -30 -19 3 14 -12 20 13 21 1 24 
-7 -3 -15 21 22 3 2 26 3 21 -7 -30 -26 8 -30 5 3 5 5 3 
13 8 -8 -30 -23 2 5 30 23 6 -3 -28 -14 23 -13 4 20 20 -2 8 
30
1
19 17
0 2
0
0
