20 20
28 2 28 25 2 27 14 5 12 28 21 9 -5 19 21 -2 18 19 29 5 
9 22 -26 -5 8 10 19 9 2 -14 8 2 28 28 -27 -28 -23 -10 16 8 
10 28 14 19 7 22 5 15 27 -5 19 12 22 10 6 -25 -25 19 17 12 
-11 4 0 -8 2 15 23 -11 11 12 -29 17 -21 -12 25 21 -15 13 4 -27 
-6 -24 15 14 -6 15 8 23 -19 10 28 11 -28 2 14 22 27 23 18 -1 
1 -8 14 19 -8 -11 -26 5 2 22 25 -13 18 22 7 20 6 2 1 -28 
11 -17 -15 22 2 25 15 10 29 10 29 11 21 -26 4 3 11 -25 0 -6 
-8 22 -7 -20 1 14 -26 7 -9 13 13 -11 7 -3 20 -21 -24 15 26 28 
16 4 18 7 29 -7 9 24 -15 28 5 9 -9 11 7 0 -16 24 4 -20 
20 15 -23 24 21 23 -28 6 -8 -12 -27 4 27 -10 20 -15 18 24 2 5 
5 2 24 18 -15 20 -10 27 4 -27 -12 -8 6 -28 23 21 24 -23 15 20 
-20 4 24 -16 0 7 11 -9 9 5 28 -15 24 9 -7 29 7 18 4 16 
28 26 15 -24 -21 20 -3 7 -11 13 13 -9 7 -26 14 1 -20 -7 22 -8 
-6 0 -25 11 3 4 -26 21 11 29 10 29 10 15 25 2 22 -15 -17 11 
-28 1 2 6 20 7 22 18 -13 25 22 2 5 -26 -11 -8 19 14 -8 1 
-1 18 23 27 22 14 2 -28 11 28 10 -19 23 8 15 -6 14 15 -24 -6 
-27 4 13 -15 21 25 -12 -21 17 -29 12 11 -11 23 15 2 -8 0 4 -11 
12 17 19 -25 -25 6 10 22 12 19 -5 27 15 5 22 7 19 14 28 10 
8 16 -10 -23 -28 -27 28 28 2 8 -14 2 9 19 10 8 -5 -26 22 9 
5 29 19 18 -2 21 19 -5 9 21 28 12 5 14 27 2 25 28 2 28 
30
1
19 14
0 5
0
0
