20 20
-2 10 -12 0 3 2 12 9 10 1 -1 -7 8 9 2 6 4 9 9 -2 
-9 -6 -5 4 10 2 12 12 12 3 -2 8 2 4 -9 -8 -10 10 -2 4 
0 5 8 8 3 -7 0 12 4 3 12 1 12 3 1 3 5 -1 4 -9 
9 7 9 4 10 8 -6 11 -4 10 2 5 10 7 4 7 12 8 -2 12 
12 11 7 8 10 7 -2 12 9 -9 -2 -3 -9 2 7 -11 7 2 -2 9 
10 7 5 6 8 1 12 12 1 5 8 5 2 -4 10 7 -6 1 5 2 
1 1 11 11 12 6 9 -11 6 -3 12 10 -1 10 11 12 0 -6 -10 0 
7 1 -9 3 0 4 -3 4 11 12 6 5 7 10 12 0 9 9 2 -6 
-11 0 6 8 -12 2 5 12 4 4 11 8 1 -11 -7 11 12 12 -5 6 
6 8 10 1 10 1 11 6 11 11 -9 2 10 -1 2 9 1 11 -7 7 
7 -7 11 1 9 2 -1 10 2 -9 11 11 6 11 1 10 1 10 8 6 
6 -5 12 12 11 -7 -11 1 8 11 4 4 12 5 2 -12 8 6 0 -11 
-6 2 9 9 0 12 10 7 5 6 12 11 4 -3 4 0 3 -9 1 7 
0 -10 -6 0 12 11 10 -1 10 12 -3 6 -11 9 6 12 11 11 1 1 
2 5 1 -6 7 10 -4 2 5 8 5 1 12 12 1 8 6 5 7 10 
9 -2 2 7 -11 7 2 -9 -3 -2 -9 9 12 -2 7 10 8 7 11 12 
12 -2 8 12 7 4 7 10 5 2 10 -4 11 -6 8 10 4 9 7 9 
-9 4 -1 5 3 1 3 12 1 12 3 4 12 0 -7 3 8 8 5 0 
4 -2 10 -10 -8 -9 4 2 8 -2 3 12 12 12 2 10 4 -5 -6 -9 
-2 9 9 4 6 2 9 8 -7 -1 1 10 9 12 2 3 0 -12 10 -2 
30
1
3 8
16 11
0
0
