20 20
6 -17 -8 -6 -7 4 5 17 8 -11 17 4 14 15 12 10 -16 0 3 9 
7 -3 5 16 -12 -12 17 10 15 15 1 17 4 13 11 11 -13 16 -12 6 
4 4 -2 15 14 5 5 17 5 -2 12 -16 16 14 7 5 -15 -4 7 15 
-17 14 0 15 0 -1 3 -10 5 -3 -14 8 7 -8 16 16 13 17 6 11 
-16 2 13 14 2 14 1 -10 13 5 11 -15 6 14 -8 -14 11 -7 5 1 
7 1 2 2 -3 12 9 2 -1 4 12 17 -6 10 10 0 1 16 13 -8 
-4 14 1 4 -3 -9 -8 2 5 -12 12 15 16 -17 1 7 9 11 1 15 
17 10 13 2 -9 16 3 -2 -4 -13 6 1 16 -16 4 0 15 12 -6 3 
3 -4 16 9 15 -2 5 15 8 14 -15 3 -8 11 16 6 -8 11 -11 1 
3 2 2 10 -12 -8 5 11 -12 -14 13 -16 14 -8 14 8 11 15 -4 5 
5 -4 15 11 8 14 -8 14 -16 13 -14 -12 11 5 -8 -12 10 2 2 3 
1 -11 11 -8 6 16 11 -8 3 -15 14 8 15 5 -2 15 9 16 -4 3 
3 -6 12 15 0 4 -16 16 1 6 -13 -4 -2 3 16 -9 2 13 10 17 
15 1 11 9 7 1 -17 16 15 12 -12 5 2 -8 -9 -3 4 1 14 -4 
-8 13 16 1 0 10 10 -6 17 12 4 -1 2 9 12 -3 2 2 1 7 
1 5 -7 11 -14 -8 14 6 -15 11 5 13 -10 1 14 2 14 13 2 -16 
11 6 17 13 16 16 -8 7 8 -14 -3 5 -10 3 -1 0 15 0 14 -17 
15 7 -4 -15 5 7 14 16 -16 12 -2 5 17 5 5 14 15 -2 4 4 
6 -12 16 -13 11 11 13 4 17 1 15 15 10 17 -12 -12 16 5 -3 7 
9 3 0 -16 10 12 15 14 4 17 -11 8 17 5 4 -7 -6 -8 -17 6 
30
1
19 2
0 17
0
0
