20 20
14 12 12 12 4 6 -1 10 7 -4 5 -8 14 10 9 8 -11 9 3 12 
5 13 -13 -6 11 13 6 4 4 1 11 13 5 -10 1 4 11 5 -11 7 
14 12 0 12 8 -2 11 -2 -6 14 7 4 14 -10 4 1 12 -12 12 -2 
5 4 9 7 7 9 8 1 12 -14 -13 11 3 11 -1 12 1 -5 3 -11 
11 -13 -11 4 -9 9 13 6 12 8 11 8 -8 2 14 8 9 -3 -11 8 
6 11 7 11 11 9 9 12 -1 10 4 8 -11 4 14 -3 14 10 2 -1 
13 -12 -8 -4 12 8 12 -12 9 -3 1 11 14 6 7 10 1 1 3 -8 
7 0 -9 4 1 4 1 11 -6 -10 1 4 -3 -5 14 13 8 12 4 10 
1 8 -10 4 1 6 -14 -5 12 -2 7 8 7 2 4 3 -2 7 -11 10 
-11 12 13 -2 9 7 -7 -11 11 14 1 13 -4 12 -3 9 11 12 7 1 
1 7 12 11 9 -3 12 -4 13 1 14 11 -11 -7 7 9 -2 13 12 -11 
10 -11 7 -2 3 4 2 7 8 7 -2 12 -5 -14 6 1 4 -10 8 1 
10 4 12 8 13 14 -5 -3 4 1 -10 -6 11 1 4 1 4 -9 0 7 
-8 3 1 1 10 7 6 14 11 1 -3 9 -12 12 8 12 -4 -8 -12 13 
-1 2 10 14 -3 14 4 -11 8 4 10 -1 12 9 9 11 11 7 11 6 
8 -11 -3 9 8 14 2 -8 8 11 8 12 6 13 9 -9 4 -11 -13 11 
-11 3 -5 1 12 -1 11 3 11 -13 -14 12 1 8 9 7 7 9 4 5 
-2 12 -12 12 1 4 -10 14 4 7 14 -6 -2 11 -2 8 12 0 12 14 
7 -11 5 11 4 1 -10 5 13 11 1 4 4 6 13 11 -6 -13 13 5 
12 3 9 -11 8 9 10 14 -8 5 -4 7 10 -1 6 4 12 12 12 14 
30
1
13 0
6 19
0
0
