20 20
9 0 9 11 18 16 11 -10 9 -10 18 11 15 17 3 17 5 9 5 1 
-15 14 12 -16 15 6 17 9 4 -8 16 12 4 10 13 -15 3 -5 9 -5 
16 6 0 4 10 14 1 -7 18 5 8 -6 18 18 11 -6 -8 7 15 -7 
15 7 16 -14 16 -13 6 7 11 -13 6 3 -13 1 15 12 15 13 2 -4 
3 7 15 12 -10 -2 -4 16 -1 17 9 1 12 16 15 2 2 -6 5 12 
11 -3 14 10 18 11 14 9 -16 18 -15 -11 15 10 14 8 -8 -6 1 16 
11 -3 -8 15 18 10 14 0 11 14 11 12 -2 13 -8 -15 14 13 17 3 
13 3 -13 9 -4 15 9 15 15 -15 3 5 3 13 13 -8 -2 11 4 5 
5 8 -10 -5 -13 5 12 5 -1 15 13 15 -13 1 -14 -8 2 14 5 -1 
-12 17 9 -9 16 2 3 13 13 9 3 -13 14 -14 18 10 17 15 6 -14 
-14 6 15 17 10 18 -14 14 -13 3 9 13 13 3 2 16 -9 9 17 -12 
-1 5 14 2 -8 -14 1 -13 15 13 15 -1 5 12 5 -13 -5 -10 8 5 
5 4 11 -2 -8 13 13 3 5 3 -15 15 15 9 15 -4 9 -13 3 13 
3 17 13 14 -15 -8 13 -2 12 11 14 11 0 14 10 18 15 -8 -3 11 
16 1 -6 -8 8 14 10 15 -11 -15 18 -16 9 14 11 18 10 14 -3 11 
12 5 -6 2 2 15 16 12 1 9 17 -1 16 -4 -2 -10 12 15 7 3 
-4 2 13 15 12 15 1 -13 3 6 -13 11 7 6 -13 16 -14 16 7 15 
-7 15 7 -8 -6 11 18 18 -6 8 5 18 -7 1 14 10 4 0 6 16 
-5 9 -5 3 -15 13 10 4 12 16 -8 4 9 17 6 15 -16 12 14 -15 
1 5 9 5 17 3 17 15 11 18 -10 9 -10 11 16 18 11 9 0 9 
30
1
18 17
1 2
0
0
