20 20
-13 -7 11 5 3 17 -1 11 -16 15 -11 -15 15 -8 3 -6 10 -6 15 6 
2 15 -12 4 7 -4 10 16 2 -14 11 11 5 -3 3 16 -6 11 6 7 
1 -9 8 6 4 12 -13 1 8 1 -15 13 5 3 -14 5 17 9 2 11 
-17 8 -1 10 13 9 10 -11 -5 0 -15 -3 6 -4 0 7 16 11 -17 1 
4 3 1 -10 12 7 4 14 -17 5 4 -16 16 6 9 -12 6 -9 -10 7 
12 10 15 0 8 -16 15 17 12 7 3 -4 17 15 -15 -3 1 16 2 1 
11 -5 10 7 -2 -11 14 0 -17 17 1 -13 -12 3 12 10 15 0 -10 8 
3 12 15 11 -1 13 2 -7 2 5 16 4 16 -11 10 -16 5 14 0 16 
-11 3 11 -11 11 7 8 -16 4 2 0 -14 3 9 6 -5 10 -13 12 1 
7 11 2 7 7 9 -5 15 12 4 -7 7 5 4 9 -1 -10 15 10 6 
6 10 15 -10 -1 9 4 5 7 -7 4 12 15 -5 9 7 7 2 11 7 
1 12 -13 10 -5 6 9 3 -14 0 2 4 -16 8 7 11 -11 11 3 -11 
16 0 14 5 -16 10 -11 16 4 16 5 2 -7 2 13 -1 11 15 12 3 
8 -10 0 15 10 12 3 -12 -13 1 17 -17 0 14 -11 -2 7 10 -5 11 
1 2 16 1 -3 -15 15 17 -4 3 7 12 17 15 -16 8 0 15 10 12 
7 -10 -9 6 -12 9 6 16 -16 4 5 -17 14 4 7 12 -10 1 3 4 
1 -17 11 16 7 0 -4 6 -3 -15 0 -5 -11 10 9 13 10 -1 8 -17 
11 2 9 17 5 -14 3 5 13 -15 1 8 1 -13 12 4 6 8 -9 1 
7 6 11 -6 16 3 -3 5 11 11 -14 2 16 10 -4 7 4 -12 15 2 
6 15 -6 10 -6 3 -8 15 -15 -11 15 -16 11 -1 17 3 5 11 -7 -13 
30
1
3 5
16 14
0
0
