20 20
12 17 -8 11 -8 -6 9 -8 10 1 6 -9 -3 2 13 -7 16 2 -10 8 
17 3 5 6 15 -12 5 14 13 10 -16 11 11 -16 4 5 6 -3 17 18 
2 -18 13 9 0 18 10 4 -19 12 7 14 3 6 18 7 6 -5 11 17 
17 -2 -12 18 6 1 8 6 2 15 19 -14 -15 19 4 -12 -8 -13 -16 18 
13 3 17 -6 16 -7 -1 19 19 0 11 14 18 15 -14 13 17 8 -15 -10 
6 16 -3 11 4 18 -15 17 6 -7 -4 1 -16 10 9 10 13 15 -4 5 
11 9 11 16 5 17 9 4 12 16 17 -9 -15 14 1 -8 18 16 -15 12 
19 10 14 7 2 17 7 -15 18 1 1 7 6 -9 0 5 1 2 18 6 
1 19 17 10 15 4 14 16 17 18 19 10 15 11 8 13 17 15 13 10 
5 19 11 7 -2 3 1 10 -3 18 19 17 17 -7 -18 -11 7 11 9 3 
3 9 11 7 -11 -18 -7 17 17 19 18 -3 10 1 3 -2 7 11 19 5 
10 13 15 17 13 8 11 15 10 19 18 17 16 14 4 15 10 17 19 1 
6 18 2 1 5 0 -9 6 7 1 1 18 -15 7 17 2 7 14 10 19 
12 -15 16 18 -8 1 14 -15 -9 17 16 12 4 9 17 5 16 11 9 11 
5 -4 15 13 10 9 10 -16 1 -4 -7 6 17 -15 18 4 11 -3 16 6 
-10 -15 8 17 13 -14 15 18 14 11 0 19 19 -1 -7 16 -6 17 3 13 
18 -16 -13 -8 -12 4 19 -15 -14 19 15 2 6 8 1 6 18 -12 -2 17 
17 11 -5 6 7 18 6 3 14 7 12 -19 4 10 18 0 9 13 -18 2 
18 17 -3 6 5 4 -16 11 11 -16 10 13 14 5 -12 15 6 5 3 17 
8 -10 2 16 -7 13 2 -3 -9 6 1 10 -8 9 -6 -8 11 -8 17 12 
30
1
0 3
19 16
0
0
