20 20
9 9 12 3 22 23 5 20 15 -20 22 9 19 4 21 16 6 18 -12 -24 
-5 -16 -10 -23 3 6 -11 16 12 -22 10 17 16 -14 -12 17 23 13 11 -16 
-21 1 7 8 -4 15 8 3 13 1 16 17 5 17 21 -12 -14 20 15 20 
17 7 12 -4 21 14 7 10 3 9 11 -1 9 -7 19 8 9 1 -22 -17 
5 -12 11 -1 24 5 8 24 -13 -24 24 10 8 15 -17 6 10 -12 19 1 
-3 -15 12 -17 23 -24 2 3 6 14 8 1 16 9 15 -17 3 3 9 -1 
8 13 -18 7 13 24 13 4 1 11 9 12 15 23 7 -22 -6 -11 5 6 
19 16 8 11 19 3 15 3 15 14 22 7 24 14 21 21 14 6 -23 23 
8 24 -4 17 -1 15 13 9 17 1 19 5 6 13 6 8 23 4 4 3 
-12 9 10 11 21 12 23 17 13 6 23 18 1 3 2 23 4 -14 7 4 
4 7 -14 4 23 2 3 1 18 23 6 13 17 23 12 21 11 10 9 -12 
3 4 4 23 8 6 13 6 5 19 1 17 9 13 15 -1 17 -4 24 8 
23 -23 6 14 21 21 14 24 7 22 14 15 3 15 3 19 11 8 16 19 
6 5 -11 -6 -22 7 23 15 12 9 11 1 4 13 24 13 7 -18 13 8 
-1 9 3 3 -17 15 9 16 1 8 14 6 3 2 -24 23 -17 12 -15 -3 
1 19 -12 10 6 -17 15 8 10 24 -24 -13 24 8 5 24 -1 11 -12 5 
-17 -22 1 9 8 19 -7 9 -1 11 9 3 10 7 14 21 -4 12 7 17 
20 15 20 -14 -12 21 17 5 17 16 1 13 3 8 15 -4 8 7 1 -21 
-16 11 13 23 17 -12 -14 16 17 10 -22 12 16 -11 6 3 -23 -10 -16 -5 
-24 -12 18 6 16 21 4 19 9 22 -20 15 20 5 23 22 3 12 9 9 
30
1
19 7
0 12
0
0
