20 20
-15 18 19 -13 1 1 11 17 12 13 12 1 18 5 0 4 8 22 -16 -3 
10 -12 6 -10 15 3 -20 14 -13 3 12 -11 -20 -6 2 0 12 -16 14 -15 
3 16 -15 13 15 18 -15 -12 -19 11 -19 6 15 -18 6 -16 -10 14 21 -9 
5 0 -11 -15 19 -15 10 4 3 1 12 12 22 0 20 22 12 19 -17 3 
11 5 3 6 -11 17 -19 0 -4 18 5 17 6 17 9 -18 0 17 -3 12 
12 17 18 -13 12 -21 3 12 -8 -14 -6 6 -22 -21 3 10 -13 12 1 -18 
-19 7 9 -18 15 22 10 8 1 14 14 13 -2 22 10 9 11 15 8 20 
3 7 -18 11 4 -18 -18 19 20 8 20 3 22 22 22 2 -22 7 12 1 
14 14 12 -20 -9 11 3 -14 15 -19 20 -13 22 10 15 6 -5 10 17 17 
17 10 -18 5 1 22 14 14 -11 2 10 -19 10 7 -20 -22 -5 5 11 -18 
-18 11 5 -5 -22 -20 7 10 -19 10 2 -11 14 14 22 1 5 -18 10 17 
17 17 10 -5 6 15 10 22 -13 20 -19 15 -14 3 11 -9 -20 12 14 14 
1 12 7 -22 2 22 22 22 3 20 8 20 19 -18 -18 4 11 -18 7 3 
20 8 15 11 9 10 22 -2 13 14 14 1 8 10 22 15 -18 9 7 -19 
-18 1 12 -13 10 3 -21 -22 6 -6 -14 -8 12 3 -21 12 -13 18 17 12 
12 -3 17 0 -18 9 17 6 17 5 18 -4 0 -19 17 -11 6 3 5 11 
3 -17 19 12 22 20 0 22 12 12 1 3 4 10 -15 19 -15 -11 0 5 
-9 21 14 -10 -16 6 -18 15 6 -19 11 -19 -12 -15 18 15 13 -15 16 3 
-15 14 -16 12 0 2 -6 -20 -11 12 3 -13 14 -20 3 15 -10 6 -12 10 
-3 -16 22 8 4 0 5 18 1 12 13 12 17 11 1 1 -13 19 18 -15 
30
1
5 7
14 12
0
0
