20 20
-6 8 -13 2 9 18 -9 -21 2 17 2 6 16 18 18 21 6 13 2 12 
21 -13 19 15 20 1 9 20 15 3 10 10 0 9 21 -7 -19 4 5 -14 
-19 10 3 -1 1 1 9 -19 18 13 17 21 15 19 13 16 -7 20 7 13 
10 10 5 13 1 -16 -16 -5 9 18 2 7 4 12 -13 -9 -11 16 18 3 
-1 15 17 16 -6 6 5 5 17 -19 19 15 14 16 10 21 13 17 16 -2 
20 9 -5 7 -17 15 19 9 -10 -3 13 6 17 -2 10 14 1 -15 7 10 
3 16 19 0 7 21 16 11 8 -1 -2 -18 11 -4 15 9 15 7 2 6 
19 11 8 20 -1 -10 10 14 7 -7 4 21 6 -17 1 9 -8 8 -1 16 
1 0 17 16 21 11 -9 -8 6 12 9 17 -17 12 2 -3 8 13 -10 1 
19 -12 -16 17 17 -9 7 20 2 17 -7 -17 9 8 8 4 17 11 15 5 
5 15 11 17 4 8 8 9 -17 -7 17 2 20 7 -9 17 17 -16 -12 19 
1 -10 13 8 -3 2 12 -17 17 9 12 6 -8 -9 11 21 16 17 0 1 
16 -1 8 -8 9 1 -17 6 21 4 -7 7 14 10 -10 -1 20 8 11 19 
6 2 7 15 9 15 -4 11 -18 -2 -1 8 11 16 21 7 0 19 16 3 
10 7 -15 1 14 10 -2 17 6 13 -3 -10 9 19 15 -17 7 -5 9 20 
-2 16 17 13 21 10 16 14 15 19 -19 17 5 5 6 -6 16 17 15 -1 
3 18 16 -11 -9 -13 12 4 7 2 18 9 -5 -16 -16 1 13 5 10 10 
13 7 20 -7 16 13 19 15 21 17 13 18 -19 9 1 1 -1 3 10 -19 
-14 5 4 -19 -7 21 9 0 10 10 3 15 20 9 1 20 15 19 -13 21 
12 2 13 6 21 18 18 16 6 2 17 2 -21 -9 18 9 2 -13 8 -6 
30
1
16 3
3 16
0
0
