20 20
4 -10 -6 2 -8 16 -13 1 10 16 11 5 0 7 18 -6 12 -12 17 1 
18 13 -1 13 17 6 3 -18 12 4 -18 10 10 17 2 8 10 -17 5 15 
5 14 2 9 11 5 17 14 7 2 4 12 10 10 -13 2 12 10 17 14 
10 4 12 2 13 1 7 -5 14 2 -15 -1 3 14 18 -15 14 5 11 9 
11 -5 15 -5 11 14 10 3 5 4 14 18 -2 7 3 8 -13 0 5 9 
18 3 5 5 5 -2 10 5 0 9 -15 -18 12 2 14 -14 17 11 5 -3 
7 4 -9 3 -1 18 9 12 11 1 12 2 -6 -18 9 10 18 12 16 5 
7 7 9 3 15 -12 16 7 -5 14 9 4 7 -5 15 5 17 6 11 12 
0 17 2 -6 10 7 5 -4 10 5 8 8 -18 4 16 7 -6 14 14 5 
-14 10 3 2 -1 4 -12 0 8 -8 1 -18 9 14 9 -11 9 -16 18 0 
0 18 -16 9 -11 9 14 9 -18 1 -8 8 0 -12 4 -1 2 3 10 -14 
5 14 14 -6 7 16 4 -18 8 8 5 10 -4 5 7 10 -6 2 17 0 
12 11 6 17 5 15 -5 7 4 9 14 -5 7 16 -12 15 3 9 7 7 
5 16 12 18 10 9 -18 -6 2 12 1 11 12 9 18 -1 3 -9 4 7 
-3 5 11 17 -14 14 2 12 -18 -15 9 0 5 10 -2 5 5 5 3 18 
9 5 0 -13 8 3 7 -2 18 14 4 5 3 10 14 11 -5 15 -5 11 
9 11 5 14 -15 18 14 3 -1 -15 2 14 -5 7 1 13 2 12 4 10 
14 17 10 12 2 -13 10 10 12 4 2 7 14 17 5 11 9 2 14 5 
15 5 -17 10 8 2 17 10 10 -18 4 12 -18 3 6 17 13 -1 13 18 
1 17 -12 12 -6 18 7 0 5 11 16 10 1 -13 16 -8 2 -6 -10 4 
30
1
0 6
19 13
0
0
