20 20
1 0 12 -10 8 10 8 17 16 17 13 13 16 12 -5 4 8 9 17 12 
-1 2 7 14 12 5 -9 -10 1 -17 9 4 -14 -11 12 3 -11 8 11 -12 
-8 -8 10 -16 8 -11 6 4 7 -10 -10 -11 16 13 13 -9 -10 10 5 -17 
8 4 -6 12 2 8 7 12 14 16 15 6 9 2 -7 -14 -6 6 16 -1 
-14 5 -8 13 0 11 12 5 1 -4 16 6 7 9 15 -6 -6 -4 15 13 
8 4 16 -4 -14 7 -7 0 8 1 7 14 6 12 -6 4 -8 3 4 12 
16 11 4 6 8 -10 2 -15 3 13 -17 16 -2 10 3 -12 -13 9 8 13 
7 16 0 4 14 3 2 1 -6 -8 -4 -3 7 9 10 8 15 15 -11 6 
3 2 -4 2 -1 -2 9 10 0 16 10 17 16 7 8 17 -8 10 -6 4 
4 15 7 -2 12 15 12 17 8 -14 17 1 -13 8 3 9 8 13 13 5 
5 13 13 8 9 3 8 -13 1 17 -14 8 17 12 15 12 -2 7 15 4 
4 -6 10 -8 17 8 7 16 17 10 16 0 10 9 -2 -1 2 -4 2 3 
6 -11 15 15 8 10 9 7 -3 -4 -8 -6 1 2 3 14 4 0 16 7 
13 8 9 -13 -12 3 10 -2 16 -17 13 3 -15 2 -10 8 6 4 11 16 
12 4 3 -8 4 -6 12 6 14 7 1 8 0 -7 7 -14 -4 16 4 8 
13 15 -4 -6 -6 15 9 7 6 16 -4 1 5 12 11 0 13 -8 5 -14 
-1 16 6 -6 -14 -7 2 9 6 15 16 14 12 7 8 2 12 -6 4 8 
-17 5 10 -10 -9 13 13 16 -11 -10 -10 7 4 6 -11 8 -16 10 -8 -8 
-12 11 8 -11 3 12 -11 -14 4 9 -17 1 -10 -9 5 12 14 7 2 -1 
12 17 9 8 4 -5 12 16 13 13 17 16 17 8 10 8 -10 12 0 1 
30
1
0 7
19 12
0
0
