20 20
22 19 23 27 5 18 28 15 14 17 18 24 12 13 28 -16 2 11 16 28 
2 20 17 26 13 29 -5 -11 8 2 15 -13 18 -14 6 2 -19 22 23 -16 
1 -7 28 24 4 2 19 25 4 1 23 20 28 7 -9 1 -18 4 21 28 
-23 7 29 4 12 16 18 15 19 21 7 20 -21 5 -29 25 26 26 26 -5 
24 26 5 8 0 23 13 2 29 20 23 16 -3 -3 17 11 -15 15 26 14 
2 27 23 28 1 6 -29 -5 18 -7 13 6 22 21 -8 11 22 22 8 19 
1 12 6 -29 10 20 13 8 14 15 1 15 21 4 2 25 29 0 9 -10 
2 -20 8 21 12 -13 12 -4 11 -20 14 -5 18 18 19 -17 -1 9 -5 25 
4 5 -9 19 22 -25 11 -25 0 3 0 -26 25 21 23 12 28 25 10 21 
24 3 14 12 25 17 4 4 1 -3 18 -16 11 3 6 7 23 29 5 23 
23 5 29 23 7 6 3 11 -16 18 -3 1 4 4 17 25 12 14 3 24 
21 10 25 28 12 23 21 25 -26 0 3 0 -25 11 -25 22 19 -9 5 4 
25 -5 9 -1 -17 19 18 18 -5 14 -20 11 -4 12 -13 12 21 8 -20 2 
-10 9 0 29 25 2 4 21 15 1 15 14 8 13 20 10 -29 6 12 1 
19 8 22 22 11 -8 21 22 6 13 -7 18 -5 -29 6 1 28 23 27 2 
14 26 15 -15 11 17 -3 -3 16 23 20 29 2 13 23 0 8 5 26 24 
-5 26 26 26 25 -29 5 -21 20 7 21 19 15 18 16 12 4 29 7 -23 
28 21 4 -18 1 -9 7 28 20 23 1 4 25 19 2 4 24 28 -7 1 
-16 23 22 -19 2 6 -14 18 -13 15 2 8 -11 -5 29 13 26 17 20 2 
28 16 11 2 -16 28 13 12 24 18 17 14 15 28 18 5 27 23 19 22 
30
1
7 1
12 18
0
0
