20 20
17 -16 1 -10 -15 3 4 -19 -1 13 11 18 -5 -7 -12 1 15 -19 -5 -2 
10 6 -4 -13 3 2 -17 1 -8 1 2 12 -3 1 -13 -10 3 5 1 -3 
13 17 -10 -16 14 18 13 7 8 11 19 -3 3 7 13 18 4 5 4 15 
-3 9 16 2 17 -10 6 13 14 7 13 12 13 14 19 15 19 3 1 -18 
-4 16 -15 19 4 14 -16 19 -16 10 7 6 18 -2 -9 12 -8 10 12 7 
12 9 17 -14 -18 5 18 16 12 18 10 3 17 2 8 19 -13 8 -5 -5 
6 9 -14 -11 4 -14 6 2 13 1 3 14 0 19 16 9 8 13 -2 -15 
-14 14 8 -14 9 -4 5 5 6 3 3 6 -5 16 13 -13 4 11 19 -4 
4 1 10 4 2 16 15 17 1 1 10 17 10 -5 17 10 -10 10 -13 17 
4 13 14 12 8 11 15 -17 11 14 19 13 -8 2 5 2 15 0 3 3 
3 3 0 15 2 5 2 -8 13 19 14 11 -17 15 11 8 12 14 13 4 
17 -13 10 -10 10 17 -5 10 17 10 1 1 17 15 16 2 4 10 1 4 
-4 19 11 4 -13 13 16 -5 6 3 3 6 5 5 -4 9 -14 8 14 -14 
-15 -2 13 8 9 16 19 0 14 3 1 13 2 6 -14 4 -11 -14 9 6 
-5 -5 8 -13 19 8 2 17 3 10 18 12 16 18 5 -18 -14 17 9 12 
7 12 10 -8 12 -9 -2 18 6 7 10 -16 19 -16 14 4 19 -15 16 -4 
-18 1 3 19 15 19 14 13 12 13 7 14 13 6 -10 17 2 16 9 -3 
15 4 5 4 18 13 7 3 -3 19 11 8 7 13 18 14 -16 -10 17 13 
-3 1 5 3 -10 -13 1 -3 12 2 1 -8 1 -17 2 3 -13 -4 6 10 
-2 -5 -19 15 1 -12 -7 -5 18 11 13 -1 -19 4 3 -15 -10 1 -16 17 
30
1
12 15
7 4
0
0
