20 20
12 1 11 1 1 14 -3 7 14 9 8 9 -13 1 -14 -9 13 -8 11 4 
6 -5 0 0 7 14 10 14 8 8 8 -12 6 1 -4 5 5 -1 15 9 
2 -6 -11 1 17 -5 17 15 0 7 8 -1 14 -7 8 7 -13 -16 10 2 
17 9 17 9 -12 -9 5 16 3 9 -7 11 -3 5 5 -14 9 17 11 8 
2 -17 8 10 9 16 7 -16 17 16 7 13 -11 -11 16 17 7 16 -15 8 
10 11 -9 8 -17 2 -8 13 13 3 1 6 5 3 7 7 -3 -17 11 -7 
5 7 -3 1 0 1 16 14 10 3 -4 -11 -2 13 -15 -1 12 15 -7 13 
0 -8 5 6 7 7 10 -6 11 -13 16 16 -5 7 -17 12 9 11 10 -10 
10 14 2 13 10 2 8 8 -3 15 -13 9 9 -6 11 9 -14 17 -1 -10 
5 8 7 -16 8 17 10 2 6 8 16 0 12 7 5 11 16 11 15 12 
12 15 11 16 11 5 7 12 0 16 8 6 2 10 17 8 -16 7 8 5 
-10 -1 17 -14 9 11 -6 9 9 -13 15 -3 8 8 2 10 13 2 14 10 
-10 10 11 9 12 -17 7 -5 16 16 -13 11 -6 10 7 7 6 5 -8 0 
13 -7 15 12 -1 -15 13 -2 -11 -4 3 10 14 16 1 0 1 -3 7 5 
-7 11 -17 -3 7 7 3 5 6 1 3 13 13 -8 2 -17 8 -9 11 10 
8 -15 16 7 17 16 -11 -11 13 7 16 17 -16 7 16 9 10 8 -17 2 
8 11 17 9 -14 5 5 -3 11 -7 9 3 16 5 -9 -12 9 17 9 17 
2 10 -16 -13 7 8 -7 14 -1 8 7 0 15 17 -5 17 1 -11 -6 2 
9 15 -1 5 5 -4 1 6 -12 8 8 8 14 10 14 7 0 0 -5 6 
4 11 -8 13 -9 -14 1 -13 9 8 9 14 7 -3 14 1 1 11 1 12 
30
1
3 5
16 14
0
0
