20 20
25 12 27 -21 -3 14 20 -13 19 28 8 0 28 21 7 21 18 19 2 18 
5 25 -12 27 19 -23 0 20 8 -26 -19 10 1 12 17 11 13 27 26 3 
2 -13 6 8 13 7 17 -26 10 -22 18 27 8 26 17 14 28 4 -20 25 
-9 4 26 19 1 -3 22 10 2 26 -13 -3 -3 20 27 20 -23 9 15 -14 
18 -5 3 2 24 19 -15 -28 12 -15 15 14 15 28 17 15 28 17 5 24 
25 15 -28 12 14 -6 -14 6 18 22 15 -9 0 -1 16 9 -2 -22 -5 1 
17 8 -7 1 -6 14 9 3 1 17 -24 13 6 2 23 28 10 24 13 6 
2 6 25 7 11 14 15 26 9 -13 -5 25 23 17 22 -7 7 -10 -7 -24 
20 11 12 -26 -9 13 25 28 3 26 -20 -15 25 26 22 -2 -23 4 -25 3 
26 13 6 17 25 6 20 23 -5 -21 21 20 -8 8 28 -22 21 8 23 -5 
-5 23 8 21 -22 28 8 -8 20 21 -21 -5 23 20 6 25 17 6 13 26 
3 -25 4 -23 -2 22 26 25 -15 -20 26 3 28 25 13 -9 -26 12 11 20 
-24 -7 -10 7 -7 22 17 23 25 -5 -13 9 26 15 14 11 7 25 6 2 
6 13 24 10 28 23 2 6 13 -24 17 1 3 9 14 -6 1 -7 8 17 
1 -5 -22 -2 9 16 -1 0 -9 15 22 18 6 -14 -6 14 12 -28 15 25 
24 5 17 28 15 17 28 15 14 15 -15 12 -28 -15 19 24 2 3 -5 18 
-14 15 9 -23 20 27 20 -3 -3 -13 26 2 10 22 -3 1 19 26 4 -9 
25 -20 4 28 14 17 26 8 27 18 -22 10 -26 17 7 13 8 6 -13 2 
3 26 27 13 11 17 12 1 10 -19 -26 8 20 0 -23 19 27 -12 25 5 
18 2 19 18 21 7 21 28 0 8 28 19 -13 20 14 -3 -21 27 12 25 
30
1
14 19
5 0
0
0
