20 20
7 22 1 14 -4 18 2 7 5 23 24 13 22 10 15 29 11 18 21 26 
14 4 25 26 22 22 11 -9 17 5 -22 19 6 -22 9 17 3 14 27 19 
18 15 17 -14 3 14 -26 18 11 -4 8 -2 8 12 27 -5 14 18 9 17 
22 10 4 -9 16 13 15 6 28 -10 15 -17 13 -22 29 -2 -22 -15 12 20 
9 -27 -16 20 -2 28 27 -2 11 28 -15 13 28 18 28 13 16 -28 17 17 
25 24 6 12 26 29 13 28 5 11 24 16 2 13 10 2 5 -18 15 -5 
28 29 20 26 -28 1 23 15 -28 -20 -13 -29 29 27 -27 6 -21 18 -11 24 
-6 -2 -26 -15 22 1 15 9 21 11 25 -16 6 0 6 -5 3 18 -10 7 
16 17 -28 -5 0 -2 25 17 13 26 1 -23 24 -9 -22 0 7 -14 -15 13 
29 26 15 20 21 1 -21 12 28 -13 -7 9 -25 13 0 2 26 9 22 13 
13 22 9 26 2 0 13 -25 9 -7 -13 28 12 -21 1 21 20 15 26 29 
13 -15 -14 7 0 -22 -9 24 -23 1 26 13 17 25 -2 0 -5 -28 17 16 
7 -10 18 3 -5 6 0 6 -16 25 11 21 9 15 1 22 -15 -26 -2 -6 
24 -11 18 -21 6 -27 27 29 -29 -13 -20 -28 15 23 1 -28 26 20 29 28 
-5 15 -18 5 2 10 13 2 16 24 11 5 28 13 29 26 12 6 24 25 
17 17 -28 16 13 28 18 28 13 -15 28 11 -2 27 28 -2 20 -16 -27 9 
20 12 -15 -22 -2 29 -22 13 -17 15 -10 28 6 15 13 16 -9 4 10 22 
17 9 18 14 -5 27 12 8 -2 8 -4 11 18 -26 14 3 -14 17 15 18 
19 27 14 3 17 9 -22 6 19 -22 5 17 -9 11 22 22 26 25 4 14 
26 21 18 11 29 15 10 22 13 24 23 5 7 2 18 -4 14 1 22 7 
30
1
12 2
7 17
0
0
