20 20
20 29 -6 -21 17 19 5 15 -17 25 10 -18 24 -18 4 0 19 3 27 15 
-15 14 25 17 -9 25 7 15 3 16 2 27 -24 -5 16 22 -22 -22 16 18 
23 13 22 21 3 22 15 22 -10 10 16 20 25 -20 28 9 13 18 27 -22 
0 12 9 28 12 20 4 19 25 16 -15 30 4 8 28 -26 -14 -10 -1 11 
21 26 19 18 11 18 2 19 19 -29 1 -24 23 23 8 -12 28 -10 6 18 
27 -30 -13 30 30 13 28 28 -13 17 23 28 -18 27 18 -5 1 9 16 25 
-19 24 30 22 23 10 -9 24 -17 10 19 22 12 28 29 0 18 12 -28 5 
19 -23 -7 8 -22 -5 15 2 9 24 21 10 -14 -29 21 11 14 20 30 0 
8 -23 -7 27 22 17 -15 -2 6 28 8 15 6 11 13 -18 6 5 24 15 
-13 11 6 25 2 15 26 30 15 3 -23 -4 3 17 9 13 -23 14 -26 24 
24 -26 14 -23 13 9 17 3 -4 -23 3 15 30 26 15 2 25 6 11 -13 
15 24 5 6 -18 13 11 6 15 8 28 6 -2 -15 17 22 27 -7 -23 8 
0 30 20 14 11 21 -29 -14 10 21 24 9 2 15 -5 -22 8 -7 -23 19 
5 -28 12 18 0 29 28 12 22 19 10 -17 24 -9 10 23 22 30 24 -19 
25 16 9 1 -5 18 27 -18 28 23 17 -13 28 28 13 30 30 -13 -30 27 
18 6 -10 28 -12 8 23 23 -24 1 -29 19 19 2 18 11 18 19 26 21 
11 -1 -10 -14 -26 28 8 4 30 -15 16 25 19 4 20 12 28 9 12 0 
-22 27 18 13 9 28 -20 25 20 16 10 -10 22 15 22 3 21 22 13 23 
18 16 -22 -22 22 16 -5 -24 27 2 16 3 15 7 25 -9 17 25 14 -15 
15 27 3 19 0 4 -18 24 -18 10 25 -17 15 5 19 17 -21 -6 29 20 
30
1
18 5
1 14
0
0
