20 20
-12 -5 13 -9 14 -13 12 1 6 13 2 5 2 4 -6 5 3 -10 14 10 
9 -1 6 -13 -1 6 -11 2 8 -3 9 -3 12 -10 -6 12 -11 9 -8 -7 
7 8 14 5 13 8 9 13 9 -9 1 8 4 8 3 8 3 11 7 10 
13 3 -12 2 5 9 -4 9 2 -7 11 9 6 7 -8 8 6 -3 -13 9 
3 -5 -4 -8 5 9 5 10 6 5 2 1 11 5 0 11 -11 2 7 -10 
14 9 7 14 7 12 -12 9 -2 3 2 14 11 -8 8 3 11 -9 -4 14 
14 0 7 8 9 7 8 12 13 3 3 7 12 1 9 12 -2 3 -9 1 
0 -12 10 11 11 6 -9 14 0 12 1 11 3 5 -11 11 12 6 6 9 
13 0 -9 12 -10 8 -7 -5 3 -4 -14 5 4 4 0 0 1 9 -3 5 
-1 1 13 -2 12 12 10 12 5 4 2 10 -3 1 14 6 5 2 9 1 
1 9 2 5 6 14 1 -3 10 2 4 5 12 10 12 12 -2 13 1 -1 
5 -3 9 1 0 0 4 4 5 -14 -4 3 -5 -7 8 -10 12 -9 0 13 
9 6 6 12 11 -11 5 3 11 1 12 0 14 -9 6 11 11 10 -12 0 
1 -9 3 -2 12 9 1 12 7 3 3 13 12 8 7 9 8 7 0 14 
14 -4 -9 11 3 8 -8 11 14 2 3 -2 9 -12 12 7 14 7 9 14 
-10 7 2 -11 11 0 5 11 1 2 5 6 10 5 9 5 -8 -4 -5 3 
9 -13 -3 6 8 -8 7 6 9 11 -7 2 9 -4 9 5 2 -12 3 13 
10 7 11 3 8 3 8 4 8 1 -9 9 13 9 8 13 5 14 8 7 
-7 -8 9 -11 12 -6 -10 12 -3 9 -3 8 2 -11 6 -1 -13 6 -1 9 
10 14 -10 3 5 -6 4 2 5 2 13 6 1 12 -13 14 -9 13 -5 -12 
30
1
14 12
5 7
0
0
