20 20
3 7 8 8 5 12 0 11 4 5 6 -5 10 11 12 -5 2 4 9 12 
-11 12 -2 -8 -11 -2 8 -8 -11 2 7 8 -6 2 12 1 -4 2 1 3 
3 -2 2 2 -11 -3 8 7 12 8 -1 -3 8 12 -12 1 1 4 2 7 
-7 12 6 12 9 -8 7 -5 7 -10 5 10 2 -3 -1 7 3 4 9 4 
10 12 6 6 2 -11 6 10 7 10 1 4 8 6 5 2 11 9 -3 4 
1 7 6 -8 -4 3 1 -10 9 5 9 7 4 -1 -7 4 10 11 -10 4 
8 7 -9 4 -8 7 -7 12 1 1 5 -10 11 1 2 9 10 7 9 5 
6 -7 5 10 -9 5 -2 12 7 -12 7 8 1 9 11 1 3 9 2 7 
11 3 5 -9 5 3 3 2 2 9 6 9 10 -11 2 10 4 6 1 -8 
-5 8 5 -3 7 1 4 3 2 4 -8 11 -11 10 5 8 -5 7 10 11 
11 10 7 -5 8 5 10 -11 11 -8 4 2 3 4 1 7 -3 5 8 -5 
-8 1 6 4 10 2 -11 10 9 6 9 2 2 3 3 5 -9 5 3 11 
7 2 9 3 1 11 9 1 8 7 -12 7 12 -2 5 -9 10 5 -7 6 
5 9 7 10 9 2 1 11 -10 5 1 1 12 -7 7 -8 4 -9 7 8 
4 -10 11 10 4 -7 -1 4 7 9 5 9 -10 1 3 -4 -8 6 7 1 
4 -3 9 11 2 5 6 8 4 1 10 7 10 6 -11 2 6 6 12 10 
4 9 4 3 7 -1 -3 2 10 5 -10 7 -5 7 -8 9 12 6 12 -7 
7 2 4 1 1 -12 12 8 -3 -1 8 12 7 8 -3 -11 2 2 -2 3 
3 1 2 -4 1 12 2 -6 8 7 2 -11 -8 8 -2 -11 -8 -2 12 -11 
12 9 4 2 -5 12 11 10 -5 6 5 4 11 0 12 5 8 8 7 3 
30
1
10 11
9 8
0
0
