20 20
24 8 -21 0 7 -3 -27 21 7 4 21 25 26 -29 9 -4 14 18 27 -16 
-29 -15 17 -21 -9 18 27 -9 24 14 21 18 19 26 8 13 8 -25 0 13 
-5 6 11 -1 -13 1 11 4 30 18 -4 -6 -3 21 11 28 22 14 29 6 
-25 2 14 2 -21 -2 22 0 -8 12 5 18 12 14 24 26 6 22 24 19 
10 8 3 5 12 -2 22 -8 -20 24 7 27 6 14 24 -17 -5 -4 22 20 
11 24 8 13 20 15 18 6 -3 21 23 12 17 9 13 15 14 3 10 4 
15 23 -10 18 30 -23 2 9 6 19 14 -30 17 26 -3 4 -10 16 15 21 
0 -18 -5 21 -21 6 14 -22 30 6 9 6 7 27 9 -25 4 8 -24 -20 
-30 22 29 -25 30 24 -22 4 -30 17 21 4 24 28 5 24 0 30 17 -20 
9 27 9 -17 21 -6 26 9 -25 -19 1 20 6 20 11 15 27 2 25 19 
19 25 2 27 15 11 20 6 20 1 -19 -25 9 26 -6 21 -17 9 27 9 
-20 17 30 0 24 5 28 24 4 21 17 -30 4 -22 24 30 -25 29 22 -30 
-20 -24 8 4 -25 9 27 7 6 9 6 30 -22 14 6 -21 21 -5 -18 0 
21 15 16 -10 4 -3 26 17 -30 14 19 6 9 2 -23 30 18 -10 23 15 
4 10 3 14 15 13 9 17 12 23 21 -3 6 18 15 20 13 8 24 11 
20 22 -4 -5 -17 24 14 6 27 7 24 -20 -8 22 -2 12 5 3 8 10 
19 24 22 6 26 24 14 12 18 5 12 -8 0 22 -2 -21 2 14 2 -25 
6 29 14 22 28 11 21 -3 -6 -4 18 30 4 11 1 -13 -1 11 6 -5 
13 0 -25 8 13 8 26 19 18 21 14 24 -9 27 18 -9 -21 17 -15 -29 
-16 27 18 14 -4 9 -29 26 25 21 4 7 21 -27 -3 7 0 -21 8 24 
30
1
17 0
2 19
0
0
