20 20
-8 6 10 12 2 4 9 11 -1 11 8 11 2 7 -3 12 3 7 1 9 
5 4 8 0 3 2 -10 1 7 13 10 4 -12 0 -11 3 -2 12 -5 7 
13 3 10 -7 11 -8 3 12 13 3 1 2 3 2 3 2 10 4 5 11 
2 -13 3 -12 11 5 -7 11 9 11 3 0 6 8 6 8 3 -10 12 6 
6 9 10 2 0 8 7 -12 -3 12 -8 -7 13 6 -6 -2 -7 9 0 3 
-3 -3 8 1 9 -4 8 6 9 -10 0 11 2 6 -9 7 -10 6 3 6 
3 -11 5 3 3 8 -10 5 2 8 -2 -3 11 4 -11 5 1 5 7 -8 
4 -4 7 6 9 10 5 4 5 8 8 2 5 10 4 9 12 2 5 11 
-5 10 9 1 6 -7 9 3 8 5 9 -9 7 2 4 13 -1 12 -5 1 
13 3 10 7 -13 0 10 6 1 4 1 6 7 1 3 -12 8 2 -2 -6 
-6 -2 2 8 -12 3 1 7 6 1 4 1 6 10 0 -13 7 10 3 13 
1 -5 12 -1 13 4 2 7 -9 9 5 8 3 9 -7 6 1 9 10 -5 
11 5 2 12 9 4 10 5 2 8 8 5 4 5 10 9 6 7 -4 4 
-8 7 5 1 5 -11 4 11 -3 -2 8 2 5 -10 8 3 3 5 -11 3 
6 3 6 -10 7 -9 6 2 11 0 -10 9 6 8 -4 9 1 8 -3 -3 
3 0 9 -7 -2 -6 6 13 -7 -8 12 -3 -12 7 8 0 2 10 9 6 
6 12 -10 3 8 6 8 6 0 3 11 9 11 -7 5 11 -12 3 -13 2 
11 5 4 10 2 3 2 3 2 1 3 13 12 3 -8 11 -7 10 3 13 
7 -5 12 -2 3 -11 0 -12 4 10 13 7 1 -10 2 3 0 8 4 5 
9 1 7 3 12 -3 7 2 11 8 11 -1 11 9 4 2 12 10 6 -8 
30
1
18 8
1 11
0
0
