20 20
27 -21 23 -6 12 16 -14 18 -23 13 19 -27 16 5 10 11 24 24 -17 8 
26 12 3 3 8 22 20 8 -28 3 -29 22 13 -3 17 -7 19 19 21 -15 
14 -28 17 -19 18 5 6 27 -13 9 17 20 -17 1 29 12 17 -3 23 -11 
26 6 14 26 -20 -13 22 -2 6 -27 9 13 6 17 -28 29 4 9 21 18 
4 -27 12 -12 11 4 2 -28 4 -14 29 19 14 3 15 20 17 12 0 0 
3 2 15 7 14 2 -21 25 21 14 -20 -21 -25 -19 17 2 -16 21 -6 19 
9 16 20 -16 11 4 -24 22 -24 2 26 14 -28 -1 23 4 -8 -10 23 -20 
-16 -28 -2 16 26 -29 -20 5 2 29 11 -15 -17 23 -26 -23 23 -15 26 21 
-17 2 1 20 15 -15 2 23 -14 -16 4 25 10 11 -25 -23 -4 3 -11 -12 
5 24 25 16 27 9 -4 18 -25 29 24 28 16 -18 15 19 29 -4 15 19 
19 15 -4 29 19 15 -18 16 28 24 29 -25 18 -4 9 27 16 25 24 5 
-12 -11 3 -4 -23 -25 11 10 25 4 -16 -14 23 2 -15 15 20 1 2 -17 
21 26 -15 23 -23 -26 23 -17 -15 11 29 2 5 -20 -29 26 16 -2 -28 -16 
-20 23 -10 -8 4 23 -1 -28 14 26 2 -24 22 -24 4 11 -16 20 16 9 
19 -6 21 -16 2 17 -19 -25 -21 -20 14 21 25 -21 2 14 7 15 2 3 
0 0 12 17 20 15 3 14 19 29 -14 4 -28 2 4 11 -12 12 -27 4 
18 21 9 4 29 -28 17 6 13 9 -27 6 -2 22 -13 -20 26 14 6 26 
-11 23 -3 17 12 29 1 -17 20 17 9 -13 27 6 5 18 -19 17 -28 14 
-15 21 19 19 -7 17 -3 13 22 -29 3 -28 8 20 22 8 3 3 12 26 
8 -17 24 24 11 10 5 16 -27 19 13 -23 18 -14 16 12 -6 23 -21 27 
30
1
5 4
14 15
0
0
