20 20
-1 6 24 -13 27 17 26 29 16 16 -8 30 28 6 28 5 22 -11 28 -21 
24 6 -11 -30 -29 10 5 9 22 1 27 23 17 16 -8 -27 1 -28 -10 15 
20 22 21 -6 16 15 24 -17 12 1 -17 20 8 -10 15 19 -28 15 21 22 
28 -5 -15 12 2 16 5 -5 25 10 7 -27 17 -13 -18 21 30 0 13 26 
14 8 4 4 -22 24 -15 -19 29 -6 10 20 -9 23 25 18 -23 11 15 -2 
-23 15 12 3 11 28 0 21 24 29 3 -12 -16 -1 -9 -6 13 -28 -4 -17 
5 21 16 -29 4 -19 7 20 -13 -30 1 -7 26 6 9 22 26 22 -13 20 
5 30 18 21 8 -30 14 -23 -15 15 0 27 6 27 6 4 25 26 10 5 
2 -1 19 -13 13 24 6 26 -23 25 21 10 21 15 -13 15 20 -30 10 7 
-10 5 3 9 16 22 22 -8 18 -21 -30 -8 1 21 20 -2 -30 6 -9 19 
19 -9 6 -30 -2 20 21 1 -8 -30 -21 18 -8 22 22 16 9 3 5 -10 
7 10 -30 20 15 -13 15 21 10 21 25 -23 26 6 24 13 -13 19 -1 2 
5 10 26 25 4 6 27 6 27 0 15 -15 -23 14 -30 8 21 18 30 5 
20 -13 22 26 22 9 6 26 -7 1 -30 -13 20 7 -19 4 -29 16 21 5 
-17 -4 -28 13 -6 -9 -1 -16 -12 3 29 24 21 0 28 11 3 12 15 -23 
-2 15 11 -23 18 25 23 -9 20 10 -6 29 -19 -15 24 -22 4 4 8 14 
26 13 0 30 21 -18 -13 17 -27 7 10 25 -5 5 16 2 12 -15 -5 28 
22 21 15 -28 19 15 -10 8 20 -17 1 12 -17 24 15 16 -6 21 22 20 
15 -10 -28 1 -27 -8 16 17 23 27 1 22 9 5 10 -29 -30 -11 6 24 
-21 28 -11 22 5 28 6 28 30 -8 16 16 29 26 17 27 -13 24 6 -1 
30
1
0 18
19 1
0
0
