20 20
9 9 7 5 0 -10 -6 5 13 9 4 13 6 11 6 3 3 6 7 -2 
-1 13 2 -11 2 12 11 10 12 10 9 8 7 1 11 1 -10 3 5 9 
1 0 7 5 3 4 -9 3 3 12 8 -13 13 7 2 2 8 7 10 13 
7 2 8 2 -4 10 2 13 3 0 5 7 12 13 2 4 7 -11 5 5 
4 8 6 1 11 7 -10 -3 8 13 -2 -8 -11 3 11 9 7 -6 12 7 
4 -10 11 9 -1 13 13 6 -5 12 2 3 1 -10 12 4 3 3 11 1 
9 5 10 9 0 4 6 6 10 9 -7 5 8 9 12 -6 4 6 4 1 
8 4 8 7 -12 7 4 13 13 5 5 -10 10 13 9 10 -11 7 -3 12 
10 -11 8 7 5 11 -13 2 12 8 3 13 -1 3 -9 6 -4 -13 9 10 
10 8 6 -6 5 -5 7 1 -2 12 -13 -9 13 5 3 -11 5 -1 10 2 
2 10 -1 5 -11 3 5 13 -9 -13 12 -2 1 7 -5 5 -6 6 8 10 
10 9 -13 -4 6 -9 3 -1 13 3 8 12 2 -13 11 5 7 8 -11 10 
12 -3 7 -11 10 9 13 10 -10 5 5 13 13 4 7 -12 7 8 4 8 
1 4 6 4 -6 12 9 8 5 -7 9 10 6 6 4 0 9 10 5 9 
1 11 3 3 4 12 -10 1 3 2 12 -5 6 13 13 -1 9 11 -10 4 
7 12 -6 7 9 11 3 -11 -8 -2 13 8 -3 -10 7 11 1 6 8 4 
5 5 -11 7 4 2 13 12 7 5 0 3 13 2 10 -4 2 8 2 7 
13 10 7 8 2 2 7 13 -13 8 12 3 3 -9 4 3 5 7 0 1 
9 5 3 -10 1 11 1 7 8 9 10 12 10 11 12 2 -11 2 13 -1 
-2 7 6 3 3 6 11 6 13 4 9 13 5 -6 -10 0 5 7 9 9 
30
1
17 2
2 17
0
0
