20 20
19 5 12 1 4 -18 6 2 9 1 -8 -12 3 20 7 -8 6 17 -16 3 
15 1 14 2 4 5 7 -5 3 5 10 5 -1 7 -8 12 2 0 -4 -3 
4 16 11 -8 -18 -20 -4 -3 1 2 16 5 4 12 4 4 4 3 0 20 
8 4 9 6 17 2 8 0 15 12 -16 -6 14 12 14 19 16 -10 17 16 
9 18 9 3 13 19 -8 11 3 11 4 9 -17 13 -19 13 2 11 0 19 
2 11 -19 0 15 16 10 -18 -1 15 3 4 19 19 2 8 16 -6 15 14 
13 8 20 17 -19 5 -5 -4 13 17 15 3 17 -8 20 3 0 9 15 3 
18 16 16 -8 4 16 16 -1 8 11 18 -6 -16 20 12 -18 0 9 -12 -2 
2 1 -9 -6 -9 0 15 2 20 17 16 16 6 -10 -15 10 -17 16 0 12 
0 -19 2 20 17 -13 5 13 14 -3 6 18 11 9 11 14 12 1 17 7 
7 17 1 12 14 11 9 11 18 6 -3 14 13 5 -13 17 20 2 -19 0 
12 0 16 -17 10 -15 -10 6 16 16 17 20 2 15 0 -9 -6 -9 1 2 
-2 -12 9 0 -18 12 20 -16 -6 18 11 8 -1 16 16 4 -8 16 16 18 
3 15 9 0 3 20 -8 17 3 15 17 13 -4 -5 5 -19 17 20 8 13 
14 15 -6 16 8 2 19 19 4 3 15 -1 -18 10 16 15 0 -19 11 2 
19 0 11 2 13 -19 13 -17 9 4 11 3 11 -8 19 13 3 9 18 9 
16 17 -10 16 19 14 12 14 -6 -16 12 15 0 8 2 17 6 9 4 8 
20 0 3 4 4 4 12 4 5 16 2 1 -3 -4 -20 -18 -8 11 16 4 
-3 -4 0 2 12 -8 7 -1 5 10 5 3 -5 7 5 4 2 14 1 15 
3 -16 17 6 -8 7 20 3 -12 -8 1 9 2 6 -18 4 1 12 5 19 
30
1
7 1
12 18
0
0
