20 20
11 -15 14 3 8 13 9 15 -13 -15 14 1 16 6 0 7 10 -10 4 7 
4 -12 5 1 12 4 6 -14 -15 11 13 7 14 -7 -1 16 -3 5 11 16 
7 13 1 8 5 10 -14 -8 5 -4 10 3 -2 13 10 3 -1 -13 9 9 
2 13 3 -1 8 10 0 5 2 -10 5 8 -16 5 4 3 11 0 -15 6 
16 7 16 7 16 -13 -7 -9 0 2 -2 1 -11 -16 5 14 11 5 8 4 
6 11 -4 4 8 -14 11 5 6 3 2 16 13 16 1 -2 2 16 8 8 
6 15 15 0 8 -15 5 11 -11 14 11 14 15 1 4 2 13 -2 1 5 
-14 9 9 11 3 3 15 14 3 6 -7 7 -15 3 6 7 14 3 -13 -9 
7 2 15 1 0 -15 7 9 10 7 2 14 -1 4 10 10 5 -5 5 5 
7 8 1 11 16 -8 3 5 4 3 -14 5 16 -1 12 16 14 3 -13 5 
5 -13 3 14 16 12 -1 16 5 -14 3 4 5 3 -8 16 11 1 8 7 
5 5 -5 5 10 10 4 -1 14 2 7 10 9 7 -15 0 1 15 2 7 
-9 -13 3 14 7 6 3 -15 7 -7 6 3 14 15 3 3 11 9 9 -14 
5 1 -2 13 2 4 1 15 14 11 14 -11 11 5 -15 8 0 15 15 6 
8 8 16 2 -2 1 16 13 16 2 3 6 5 11 -14 8 4 -4 11 6 
4 8 5 11 14 5 -16 -11 1 -2 2 0 -9 -7 -13 16 7 16 7 16 
6 -15 0 11 3 4 5 -16 8 5 -10 2 5 0 10 8 -1 3 13 2 
9 9 -13 -1 3 10 13 -2 3 10 -4 5 -8 -14 10 5 8 1 13 7 
16 11 5 -3 16 -1 -7 14 7 13 11 -15 -14 6 4 12 1 5 -12 4 
7 4 -10 10 7 0 6 16 1 14 -15 -13 15 9 13 8 3 14 -15 11 
30
1
4 16
15 3
0
0
