20 20
4 0 27 19 10 9 3 -11 16 6 23 11 25 24 -28 3 25 21 13 -1 
-11 2 14 2 -30 11 1 25 -18 28 29 -23 11 24 13 19 27 1 6 29 
9 11 -4 6 27 -16 12 20 10 11 22 -17 -30 19 -29 13 1 7 -8 -26 
-30 25 2 -21 3 13 14 12 11 -2 1 -25 19 -29 11 13 16 28 -26 -22 
-5 15 -7 11 8 -10 23 20 22 9 8 23 18 20 17 1 26 19 10 3 
21 20 16 18 -11 0 -28 15 19 19 -5 13 12 24 -23 30 -21 17 1 -8 
13 19 -10 -1 9 20 4 9 17 -19 25 -23 6 19 -27 11 11 25 1 16 
24 7 14 14 15 18 -20 -1 0 13 11 10 6 8 6 -20 -7 28 23 12 
-21 23 11 28 2 14 17 23 -14 26 6 21 15 -14 12 29 15 3 4 -4 
30 9 -6 27 -29 -9 -24 26 11 28 -25 10 17 10 -12 27 24 -4 -30 10 
10 -30 -4 24 27 -12 10 17 10 -25 28 11 26 -24 -9 -29 27 -6 9 30 
-4 4 3 15 29 12 -14 15 21 6 26 -14 23 17 14 2 28 11 23 -21 
12 23 28 -7 -20 6 8 6 10 11 13 0 -1 -20 18 15 14 14 7 24 
16 1 25 11 11 -27 19 6 -23 25 -19 17 9 4 20 9 -1 -10 19 13 
-8 1 17 -21 30 -23 24 12 13 -5 19 19 15 -28 0 -11 18 16 20 21 
3 10 19 26 1 17 20 18 23 8 9 22 20 23 -10 8 11 -7 15 -5 
-22 -26 28 16 13 11 -29 19 -25 1 -2 11 12 14 13 3 -21 2 25 -30 
-26 -8 7 1 13 -29 19 -30 -17 22 11 10 20 12 -16 27 6 -4 11 9 
29 6 1 27 19 13 24 11 -23 29 28 -18 25 1 11 -30 2 14 2 -11 
-1 13 21 25 3 -28 24 25 11 23 6 16 -11 3 9 10 19 27 0 4 
30
1
1 6
18 13
0
0
