20 20
11 18 7 8 -4 10 2 10 14 9 18 -4 13 5 1 20 -1 5 -19 8 
11 16 11 1 3 12 -6 2 11 17 7 20 16 19 18 15 9 8 2 14 
-6 9 -9 -21 3 4 18 17 18 -20 4 -3 22 14 7 19 9 -5 -11 0 
15 22 4 12 22 1 18 7 13 1 1 9 18 3 13 11 1 19 0 -6 
-22 10 17 22 16 14 8 -7 7 -10 13 4 -13 21 8 14 4 17 3 -20 
22 21 6 21 18 17 2 -18 -5 1 21 8 3 18 3 -15 5 16 17 8 
-6 17 7 15 18 10 9 -4 -7 11 11 13 15 -11 -4 5 22 21 6 14 
-16 -19 13 15 -13 -16 14 -10 9 22 12 15 14 0 18 21 0 20 1 19 
-5 13 22 8 12 17 -13 20 -20 -12 -5 5 6 10 15 -8 16 -19 14 21 
16 15 -17 0 18 5 7 -13 7 -5 6 22 10 5 -21 17 1 7 18 0 
0 18 7 1 17 -21 5 10 22 6 -5 7 -13 7 5 18 0 -17 15 16 
21 14 -19 16 -8 15 10 6 5 -5 -12 -20 20 -13 17 12 8 22 13 -5 
19 1 20 0 21 18 0 14 15 12 22 9 -10 14 -16 -13 15 13 -19 -16 
14 6 21 22 5 -4 -11 15 13 11 11 -7 -4 9 10 18 15 7 17 -6 
8 17 16 5 -15 3 18 3 8 21 1 -5 -18 2 17 18 21 6 21 22 
-20 3 17 4 14 8 21 -13 4 13 -10 7 -7 8 14 16 22 17 10 -22 
-6 0 19 1 11 13 3 18 9 1 1 13 7 18 1 22 12 4 22 15 
0 -11 -5 9 19 7 14 22 -3 4 -20 18 17 18 4 3 -21 -9 9 -6 
14 2 8 9 15 18 19 16 20 7 17 11 2 -6 12 3 1 11 16 11 
8 -19 5 -1 20 1 5 13 -4 18 9 14 10 2 10 -4 8 7 18 11 
30
1
9 6
10 13
0
0
