20 20
10 0 3 10 6 5 -8 5 -1 4 -6 0 -10 -12 2 12 -2 1 7 -9 
-7 -11 12 -4 3 -5 0 1 4 12 9 6 11 -3 12 11 -12 12 -3 7 
10 8 11 12 0 7 -3 -11 6 1 6 8 8 -3 9 -5 1 3 4 5 
5 9 9 10 6 8 8 7 9 7 4 9 -4 6 12 2 11 9 -9 -6 
12 1 0 2 11 1 -6 7 -6 11 5 3 9 -8 11 3 1 0 -7 4 
10 10 10 1 7 10 7 -8 5 11 10 2 5 8 9 1 4 10 6 -1 
4 0 5 3 4 4 -10 10 1 3 9 5 7 -12 -3 3 1 -11 3 -11 
10 6 7 1 12 3 -3 -3 1 4 1 4 3 9 -7 6 4 9 1 5 
7 7 5 -5 6 8 2 4 -7 -4 10 0 3 -5 12 3 -7 10 3 11 
2 2 5 5 10 2 4 4 1 1 11 11 5 3 7 4 0 -8 9 5 
5 9 -8 0 4 7 3 5 11 11 1 1 4 4 2 10 5 5 2 2 
11 3 10 -7 3 12 -5 3 0 10 -4 -7 4 2 8 6 -5 5 7 7 
5 1 9 4 6 -7 9 3 4 1 4 1 -3 -3 3 12 1 7 6 10 
-11 3 -11 1 3 -3 -12 7 5 9 3 1 10 -10 4 4 3 5 0 4 
-1 6 10 4 1 9 8 5 2 10 11 5 -8 7 10 7 1 10 10 10 
4 -7 0 1 3 11 -8 9 3 5 11 -6 7 -6 1 11 2 0 1 12 
-6 -9 9 11 2 12 6 -4 9 4 7 9 7 8 8 6 10 9 9 5 
5 4 3 1 -5 9 -3 8 8 6 1 6 -11 -3 7 0 12 11 8 10 
7 -3 12 -12 11 12 -3 11 6 9 12 4 1 0 -5 3 -4 12 -11 -7 
-9 7 1 -2 12 2 -12 -10 0 -6 4 -1 5 -8 5 6 10 3 0 10 
30
1
9 4
10 15
0
0
