20 20
16 25 4 26 -7 18 10 13 23 13 24 6 25 16 3 12 -4 -23 27 -1 
2 12 1 8 12 -19 -8 3 16 12 -22 17 13 -5 24 -19 -13 3 5 -13 
23 8 14 7 15 12 2 22 28 13 -27 18 8 10 4 23 8 14 26 17 
-20 -7 -27 3 11 8 17 -9 1 -20 16 21 9 -3 1 8 8 -16 -12 -25 
-25 23 -21 -23 8 18 -7 -24 -22 19 -17 12 -27 18 21 -5 7 -24 13 4 
3 28 -25 16 26 1 -24 22 -19 20 14 3 9 1 11 4 18 26 19 11 
-24 -11 6 21 6 16 17 -27 1 -17 25 23 12 -15 23 21 10 7 1 17 
15 -2 -27 -11 20 12 28 19 -2 11 0 6 26 22 13 4 23 5 7 -1 
7 23 16 20 26 -8 3 26 18 28 15 -20 11 18 5 -4 -10 13 6 3 
26 27 26 6 -5 0 3 6 4 18 25 -6 -28 3 17 4 15 -19 2 20 
20 2 -19 15 4 17 3 -28 -6 25 18 4 6 3 0 -5 6 26 27 26 
3 6 13 -10 -4 5 18 11 -20 15 28 18 26 3 -8 26 20 16 23 7 
-1 7 5 23 4 13 22 26 6 0 11 -2 19 28 12 20 -11 -27 -2 15 
17 1 7 10 21 23 -15 12 23 25 -17 1 -27 17 16 6 21 6 -11 -24 
11 19 26 18 4 11 1 9 3 14 20 -19 22 -24 1 26 16 -25 28 3 
4 13 -24 7 -5 21 18 -27 12 -17 19 -22 -24 -7 18 8 -23 -21 23 -25 
-25 -12 -16 8 8 1 -3 9 21 16 -20 1 -9 17 8 11 3 -27 -7 -20 
17 26 14 8 23 4 10 8 18 -27 13 28 22 2 12 15 7 14 8 23 
-13 5 3 -13 -19 24 -5 13 17 -22 12 16 3 -8 -19 12 8 1 12 2 
-1 27 -23 -4 12 3 16 25 6 24 13 23 13 10 18 -7 26 4 25 16 
30
1
3 9
16 10
0
0
