20 20
2 0 -6 13 16 11 14 -8 1 -20 5 -5 4 13 15 -13 14 2 -13 16 
4 19 4 14 17 13 20 20 9 -7 -18 8 18 -7 4 -8 2 -10 8 11 
5 12 -19 9 -8 4 4 -6 9 16 -2 8 16 4 5 20 7 6 16 7 
13 -20 2 4 16 -9 19 6 7 9 17 1 19 -18 17 -10 11 -2 20 -13 
-19 14 -1 12 1 20 19 -14 -14 9 -1 -18 -15 9 -16 17 3 6 2 2 
1 -10 -16 2 6 -3 17 2 -17 2 17 8 8 -6 16 11 19 3 -7 19 
-1 17 8 5 0 16 20 -11 10 -18 8 -7 11 14 7 3 16 -6 8 6 
15 -9 17 16 4 13 15 8 11 -7 1 20 11 0 -19 2 13 16 -4 -14 
15 9 4 10 -19 1 6 0 19 8 -19 -1 11 1 -18 18 6 -20 1 14 
17 4 6 -20 4 -14 -18 -19 -14 15 14 15 19 19 17 -3 10 -1 4 14 
14 4 -1 10 -3 17 19 19 15 14 15 -14 -19 -18 -14 4 -20 6 4 17 
14 1 -20 6 18 -18 1 11 -1 -19 8 19 0 6 1 -19 10 4 9 15 
-14 -4 16 13 2 -19 0 11 20 1 -7 11 8 15 13 4 16 17 -9 15 
6 8 -6 16 3 7 14 11 -7 8 -18 10 -11 20 16 0 5 8 17 -1 
19 -7 3 19 11 16 -6 8 8 17 2 -17 2 17 -3 6 2 -16 -10 1 
2 2 6 3 17 -16 9 -15 -18 -1 9 -14 -14 19 20 1 12 -1 14 -19 
-13 20 -2 11 -10 17 -18 19 1 17 9 7 6 19 -9 16 4 2 -20 13 
7 16 6 7 20 5 4 16 8 -2 16 9 -6 4 4 -8 9 -19 12 5 
11 8 -10 2 -8 4 -7 18 8 -18 -7 9 20 20 13 17 14 4 19 4 
16 -13 2 14 -13 15 13 4 -5 5 -20 1 -8 14 11 16 13 -6 0 2 
30
1
17 11
2 8
0
0
