20 20
-17 -22 16 19 7 1 24 12 18 6 -27 22 18 -11 -25 12 0 17 9 23 
6 -19 24 28 -3 16 27 9 23 -5 20 16 27 -15 26 15 28 -24 10 -24 
15 25 7 12 15 10 -5 26 -26 -13 7 28 0 6 2 3 4 11 18 -19 
26 17 9 17 27 5 14 16 -16 11 -16 5 -11 10 27 -22 -7 19 25 10 
24 15 9 6 22 0 8 9 4 1 27 7 11 20 9 1 19 1 14 28 
11 16 22 13 -26 5 -10 8 -10 22 1 21 -5 10 25 -14 13 -24 24 5 
2 -20 -20 -27 6 8 13 18 27 20 -17 0 3 17 7 17 4 -12 -7 -15 
-24 -25 3 -7 4 15 27 2 8 10 -21 14 11 -12 11 22 8 -25 14 -26 
15 3 27 4 -1 -24 -7 20 -18 19 16 -2 15 12 28 -7 -4 6 11 5 
14 26 -28 -10 13 18 -17 27 18 17 -24 15 16 24 23 -17 0 26 11 15 
15 11 26 0 -17 23 24 16 15 -24 17 18 27 -17 18 13 -10 -28 26 14 
5 11 6 -4 -7 28 12 15 -2 16 19 -18 20 -7 -24 -1 4 27 3 15 
-26 14 -25 8 22 11 -12 11 14 -21 10 8 2 27 15 4 -7 3 -25 -24 
-15 -7 -12 4 17 7 17 3 0 -17 20 27 18 13 8 6 -27 -20 -20 2 
5 24 -24 13 -14 25 10 -5 21 1 22 -10 8 -10 5 -26 13 22 16 11 
28 14 1 19 1 9 20 11 7 27 1 4 9 8 0 22 6 9 15 24 
10 25 19 -7 -22 27 10 -11 5 -16 11 -16 16 14 5 27 17 9 17 26 
-19 18 11 4 3 2 6 0 28 7 -13 -26 26 -5 10 15 12 7 25 15 
-24 10 -24 28 15 26 -15 27 16 20 -5 23 9 27 16 -3 28 24 -19 6 
23 9 17 0 12 -25 -11 18 22 -27 6 18 12 24 1 7 19 16 -22 -17 
30
1
14 5
5 14
0
0
