20 20
22 11 6 15 -21 15 -11 1 -7 2 17 18 5 22 5 14 -17 -7 10 17 
-17 1 16 9 -5 -7 -1 22 7 3 3 -8 7 -18 3 -1 13 -11 -8 2 
-20 -17 18 15 -10 2 18 23 5 11 17 -1 10 22 16 10 5 17 15 10 
22 11 19 16 20 8 -7 -19 -4 9 19 -11 19 -15 20 -14 20 -22 20 1 
-16 -13 13 17 4 10 11 -2 9 -10 18 -17 17 -2 22 6 -4 7 17 12 
15 3 -16 6 18 3 4 0 1 3 23 21 20 14 -15 23 12 -10 14 -11 
23 21 12 9 5 -5 1 0 10 9 17 16 22 21 19 -8 8 23 4 -17 
23 0 22 13 -22 -16 8 18 -16 12 12 6 22 8 8 11 3 4 14 22 
-4 18 5 21 6 16 20 22 3 15 10 19 9 12 18 16 -23 11 13 21 
7 -3 14 -10 5 12 16 18 3 9 0 -3 1 -5 10 18 18 -13 4 18 
18 4 -13 18 18 10 -5 1 -3 0 9 3 18 16 12 5 -10 14 -3 7 
21 13 11 -23 16 18 12 9 19 10 15 3 22 20 16 6 21 5 18 -4 
22 14 4 3 11 8 8 22 6 12 12 -16 18 8 -16 -22 13 22 0 23 
-17 4 23 8 -8 19 21 22 16 17 9 10 0 1 -5 5 9 12 21 23 
-11 14 -10 12 23 -15 14 20 21 23 3 1 0 4 3 18 6 -16 3 15 
12 17 7 -4 6 22 -2 17 -17 18 -10 9 -2 11 10 4 17 13 -13 -16 
1 20 -22 20 -14 20 -15 19 -11 19 9 -4 -19 -7 8 20 16 19 11 22 
10 15 17 5 10 16 22 10 -1 17 11 5 23 18 2 -10 15 18 -17 -20 
2 -8 -11 13 -1 3 -18 7 -8 3 3 7 22 -1 -7 -5 9 16 1 -17 
17 10 -7 -17 14 5 22 5 18 17 2 -7 1 -11 15 -21 15 6 11 22 
30
1
10 8
9 11
0
0
