20 20
-16 21 16 -12 21 2 -16 22 9 21 6 20 12 27 21 -2 11 0 19 -7 
-15 3 -6 22 -24 -20 -30 29 22 12 -23 26 20 10 15 8 26 19 23 13 
22 20 -13 -7 -17 14 -28 30 -5 -23 30 -11 -30 26 -27 -2 -28 19 -24 0 
1 29 25 15 22 17 17 -18 -28 24 -30 16 27 17 30 10 -30 10 22 -21 
17 24 30 -2 20 18 8 9 -26 10 -4 5 -25 8 21 10 21 28 5 -9 
0 2 1 18 11 -7 8 18 -20 16 6 4 -2 22 10 8 13 1 17 20 
3 -11 17 -29 30 -30 6 13 23 18 14 25 5 8 11 -14 8 -4 2 -10 
-19 21 26 28 20 -30 -26 -27 -19 -25 11 24 -16 4 29 12 1 21 4 6 
-27 22 19 -5 9 21 -6 -15 19 -19 25 10 19 -15 26 13 1 25 14 10 
-14 -9 2 -23 7 -30 -29 30 13 29 23 27 3 -11 6 20 -1 21 -14 23 
23 -14 21 -1 20 6 -11 3 27 23 29 13 30 -29 -30 7 -23 2 -9 -14 
10 14 25 1 13 26 -15 19 10 25 -19 19 -15 -6 21 9 -5 19 22 -27 
6 4 21 1 12 29 4 -16 24 11 -25 -19 -27 -26 -30 20 28 26 21 -19 
-10 2 -4 8 -14 11 8 5 25 14 18 23 13 6 -30 30 -29 17 -11 3 
20 17 1 13 8 10 22 -2 4 6 16 -20 18 8 -7 11 18 1 2 0 
-9 5 28 21 10 21 8 -25 5 -4 10 -26 9 8 18 20 -2 30 24 17 
-21 22 10 -30 10 30 17 27 16 -30 24 -28 -18 17 17 22 15 25 29 1 
0 -24 19 -28 -2 -27 26 -30 -11 30 -23 -5 30 -28 14 -17 -7 -13 20 22 
13 23 19 26 8 15 10 20 26 -23 12 22 29 -30 -20 -24 22 -6 3 -15 
-7 19 0 11 -2 21 27 12 20 6 21 9 22 -16 2 21 -12 16 21 -16 
30
1
8 7
11 12
0
0
