20 20
1 -7 7 7 9 -10 7 -2 5 10 0 -3 -6 -8 7 -8 4 1 6 9 
-1 2 1 9 5 -5 9 5 4 10 6 11 9 -7 2 5 1 10 -4 12 
-9 4 1 11 -2 3 8 9 -9 10 -2 9 5 3 6 11 -4 4 5 7 
9 7 -8 12 11 0 11 12 9 3 6 1 3 -9 -12 -10 11 0 5 3 
-12 4 -1 -6 -9 12 0 2 10 -8 5 -12 12 5 4 7 -11 -3 -9 11 
10 8 1 10 11 10 0 5 9 -5 -12 -1 -9 7 5 10 6 12 6 7 
10 4 12 1 5 4 -6 12 4 7 4 3 10 8 9 10 8 -4 -7 -6 
3 7 5 0 0 4 5 -9 -5 12 2 9 0 1 11 -10 4 9 4 6 
12 8 12 -9 5 11 9 7 -7 4 10 -3 11 -10 -12 7 0 -5 10 10 
6 0 -6 5 1 12 -3 0 7 9 8 1 -4 11 -8 1 1 7 1 0 
0 1 7 1 1 -8 11 -4 1 8 9 7 0 -3 12 1 5 -6 0 6 
10 10 -5 0 7 -12 -10 11 -3 10 4 -7 7 9 11 5 -9 12 8 12 
6 4 9 4 -10 11 1 0 9 2 12 -5 -9 5 4 0 0 5 7 3 
-6 -7 -4 8 10 9 8 10 3 4 7 4 12 -6 4 5 1 12 4 10 
7 6 12 6 10 5 7 -9 -1 -12 -5 9 5 0 10 11 10 1 8 10 
11 -9 -3 -11 7 4 5 12 -12 5 -8 10 2 0 12 -9 -6 -1 4 -12 
3 5 0 11 -10 -12 -9 3 1 6 3 9 12 11 0 11 12 -8 7 9 
7 5 4 -4 11 6 3 5 9 -2 10 -9 9 8 3 -2 11 1 4 -9 
12 -4 10 1 5 2 -7 9 11 6 10 4 5 9 -5 5 9 1 2 -1 
9 6 1 4 -8 7 -8 -6 -3 0 10 5 -2 7 -10 9 7 7 -7 1 
30
1
0 18
19 1
0
0
