20 20
19 24 7 -24 8 -16 8 8 8 18 2 8 9 19 22 -4 -5 18 10 -9 
17 -8 24 5 8 22 -13 11 -16 -24 3 23 3 14 24 -9 24 21 -22 14 
14 3 10 0 -9 -5 1 13 13 8 -11 0 20 16 19 -16 -8 6 -8 16 
3 12 9 23 -12 -18 6 9 -23 13 -12 3 13 14 13 15 4 22 21 16 
-11 24 -15 4 -4 24 1 -3 17 20 1 -13 21 -23 17 -21 17 -24 23 3 
9 22 -9 5 1 2 10 -5 -22 1 23 9 7 15 17 19 15 17 13 6 
-22 5 -1 -14 19 -18 -11 11 20 22 -20 -16 7 24 22 -18 11 -1 14 20 
1 14 4 0 19 15 -16 6 3 -10 15 16 10 2 2 4 10 22 5 3 
11 10 3 22 20 17 7 10 -14 -15 2 -11 12 6 -7 -17 18 1 15 -12 
16 10 3 1 -23 4 9 10 -1 13 1 0 20 9 17 13 -7 9 4 11 
11 4 9 -7 13 17 9 20 0 1 13 -1 10 9 4 -23 1 3 10 16 
-12 15 1 18 -17 -7 6 12 -11 2 -15 -14 10 7 17 20 22 3 10 11 
3 5 22 10 4 2 2 10 16 15 -10 3 6 -16 15 19 0 4 14 1 
20 14 -1 11 -18 22 24 7 -16 -20 22 20 11 -11 -18 19 -14 -1 5 -22 
6 13 17 15 19 17 15 7 9 23 1 -22 -5 10 2 1 5 -9 22 9 
3 23 -24 17 -21 17 -23 21 -13 1 20 17 -3 1 24 -4 4 -15 24 -11 
16 21 22 4 15 13 14 13 3 -12 13 -23 9 6 -18 -12 23 9 12 3 
16 -8 6 -8 -16 19 16 20 0 -11 8 13 13 1 -5 -9 0 10 3 14 
14 -22 21 24 -9 24 14 3 23 3 -24 -16 11 -13 22 8 5 24 -8 17 
-9 10 18 -5 -4 22 19 9 8 2 18 8 8 8 -16 8 -24 7 24 19 
30
1
5 17
14 2
0
0
