20 20
18 17 27 2 28 19 29 29 -12 26 18 -16 28 13 -3 29 28 10 15 -8 
-25 -10 22 9 -6 29 8 -29 24 10 22 0 -20 -7 3 10 -11 -22 16 25 
5 16 17 28 17 21 -24 22 -19 23 -12 -21 -25 25 8 18 0 -25 25 12 
-7 24 5 11 18 13 2 21 22 -20 5 1 13 -25 1 -19 21 4 4 13 
1 22 15 -11 17 -8 17 -11 -16 24 10 26 11 21 -27 20 9 7 15 29 
28 21 13 21 19 28 7 21 26 -25 -29 9 10 -16 1 17 -9 4 16 -10 
29 7 6 29 26 12 19 10 -7 7 1 28 14 24 24 29 20 -13 1 29 
-3 7 19 -2 18 -1 7 23 24 23 27 21 2 18 -25 19 -12 9 24 20 
18 19 6 23 27 5 13 25 8 6 24 12 -11 6 29 24 20 3 4 21 
-22 4 28 -12 5 5 14 -24 -25 6 -9 12 11 1 5 17 -1 0 -19 -21 
-21 -19 0 -1 17 5 1 11 12 -9 6 -25 -24 14 5 5 -12 28 4 -22 
21 4 3 20 24 29 6 -11 12 24 6 8 25 13 5 27 23 6 19 18 
20 24 9 -12 19 -25 18 2 21 27 23 24 23 7 -1 18 -2 19 7 -3 
29 1 -13 20 29 24 24 14 28 1 7 -7 10 19 12 26 29 6 7 29 
-10 16 4 -9 17 1 -16 10 9 -29 -25 26 21 7 28 19 21 13 21 28 
29 15 7 9 20 -27 21 11 26 10 24 -16 -11 17 -8 17 -11 15 22 1 
13 4 4 21 -19 1 -25 13 1 5 -20 22 21 2 13 18 11 5 24 -7 
12 25 -25 0 18 8 25 -25 -21 -12 23 -19 22 -24 21 17 28 17 16 5 
25 16 -22 -11 10 3 -7 -20 0 22 10 24 -29 8 29 -6 9 22 -10 -25 
-8 15 10 28 29 -3 13 28 -16 18 26 -12 29 29 19 28 2 27 17 18 
30
1
14 11
5 8
0
0
