20 20
14 9 -15 6 23 20 4 -14 -12 7 15 15 14 19 -6 -12 -22 3 23 10 
22 19 22 18 14 -11 -18 -5 11 2 21 10 5 23 18 15 9 15 20 7 
1 20 22 18 19 -5 6 16 -18 18 3 5 9 2 20 1 21 -14 3 -23 
12 9 8 -15 8 6 -11 7 0 7 3 -7 10 15 6 5 16 4 6 -2 
18 5 10 -7 -9 15 -10 7 19 -12 17 22 -19 17 18 19 -23 13 15 -17 
-19 12 14 14 4 7 -5 -22 -20 11 -23 13 1 18 21 -3 11 11 -21 4 
15 -12 6 7 19 21 14 8 14 -1 3 -17 -11 1 19 6 14 16 10 9 
6 -4 -19 -9 14 3 13 -10 13 18 1 16 22 -20 -6 10 8 20 17 3 
3 8 19 -16 8 18 11 7 -2 -6 -6 -3 8 6 -5 -11 10 20 7 20 
2 18 -12 -16 8 11 8 21 9 8 -9 7 18 20 20 1 -10 -7 1 18 
18 1 -7 -10 1 20 20 18 7 -9 8 9 21 8 11 8 -16 -12 18 2 
20 7 20 10 -11 -5 6 8 -3 -6 -6 -2 7 11 18 8 -16 19 8 3 
3 17 20 8 10 -6 -20 22 16 1 18 13 -10 13 3 14 -9 -19 -4 6 
9 10 16 14 6 19 1 -11 -17 3 -1 14 8 14 21 19 7 6 -12 15 
4 -21 11 11 -3 21 18 1 13 -23 11 -20 -22 -5 7 4 14 14 12 -19 
-17 15 13 -23 19 18 17 -19 22 17 -12 19 7 -10 15 -9 -7 10 5 18 
-2 6 4 16 5 6 15 10 -7 3 7 0 7 -11 6 8 -15 8 9 12 
-23 3 -14 21 1 20 2 9 5 3 18 -18 16 6 -5 19 18 22 20 1 
7 20 15 9 15 18 23 5 10 21 2 11 -5 -18 -11 14 18 22 19 22 
10 23 3 -22 -12 -6 19 14 15 15 7 -12 -14 4 20 23 6 -15 9 14 
30
1
8 7
11 12
0
0
