20 20
2 -11 8 3 -3 14 4 13 8 -11 14 18 23 -24 13 16 -18 1 -7 12 
14 13 1 -14 -3 -21 -20 15 -9 5 18 14 9 12 3 17 14 16 -17 -23 
-1 22 9 5 19 12 7 18 18 24 24 10 24 24 -4 12 20 23 -7 14 
20 17 12 21 19 -6 4 4 8 17 12 5 13 21 11 10 19 -13 8 20 
-15 4 1 3 17 16 15 12 -10 -25 2 -25 -13 10 -23 26 20 21 13 -23 
-12 20 18 -22 19 -17 5 14 -4 2 -6 14 20 3 5 -9 14 -15 3 26 
-25 -19 1 -3 -2 23 25 0 -7 -1 -2 12 18 -25 24 4 -23 22 -8 15 
26 23 14 10 25 -16 13 3 18 15 14 -7 5 10 18 5 26 12 22 25 
5 6 8 21 -25 19 -15 3 13 14 5 9 -20 2 9 -1 23 5 -14 8 
14 1 14 22 -18 13 -23 19 18 18 26 2 8 17 8 21 18 19 6 15 
15 6 19 18 21 8 17 8 2 26 18 18 19 -23 13 -18 22 14 1 14 
8 -14 5 23 -1 9 2 -20 9 5 14 13 3 -15 19 -25 21 8 6 5 
25 22 12 26 5 18 10 5 -7 14 15 18 3 13 -16 25 10 14 23 26 
15 -8 22 -23 4 24 -25 18 12 -2 -1 -7 0 25 23 -2 -3 1 -19 -25 
26 3 -15 14 -9 5 3 20 14 -6 2 -4 14 5 -17 19 -22 18 20 -12 
-23 13 21 20 26 -23 10 -13 -25 2 -25 -10 12 15 16 17 3 1 4 -15 
20 8 -13 19 10 11 21 13 5 12 17 8 4 4 -6 19 21 12 17 20 
14 -7 23 20 12 -4 24 24 10 24 24 18 18 7 12 19 5 9 22 -1 
-23 -17 16 14 17 3 12 9 14 18 5 -9 15 -20 -21 -3 -14 1 13 14 
12 -7 1 -18 16 13 -24 23 18 14 -11 8 13 4 14 -3 3 8 -11 2 
30
1
5 9
14 10
0
0
