20 20
23 3 8 -14 26 22 28 7 -16 -18 1 -12 -25 3 11 16 -17 11 16 28 
2 -26 16 -25 -5 -7 -3 10 -13 16 14 24 12 23 -11 7 26 3 25 9 
23 1 11 17 -18 10 -13 -7 0 -28 10 6 -1 14 18 24 13 6 28 -16 
0 8 28 7 26 18 -9 -25 26 -22 -13 16 20 5 24 -8 -19 -20 10 25 
0 -25 -19 -22 25 24 26 -20 4 28 3 28 -6 19 26 14 12 3 10 9 
11 -21 15 15 17 17 22 5 3 -28 14 17 9 17 -9 1 24 0 11 18 
-8 16 5 19 18 7 25 13 3 19 1 -10 -3 9 -8 11 20 11 28 7 
9 14 -15 -13 24 -24 -20 27 22 18 13 12 14 14 6 4 5 -26 20 19 
4 27 13 -13 4 -22 18 9 13 0 26 -5 9 26 -10 -18 -24 14 13 6 
23 28 19 26 2 -14 23 -27 -22 24 10 3 7 28 4 28 17 0 27 4 
4 27 0 17 28 4 28 7 3 10 24 -22 -27 23 -14 2 26 19 28 23 
6 13 14 -24 -18 -10 26 9 -5 26 0 13 9 18 -22 4 -13 13 27 4 
19 20 -26 5 4 6 14 14 12 13 18 22 27 -20 -24 24 -13 -15 14 9 
7 28 11 20 11 -8 9 -3 -10 1 19 3 13 25 7 18 19 5 16 -8 
18 11 0 24 1 -9 17 9 17 14 -28 3 5 22 17 17 15 15 -21 11 
9 10 3 12 14 26 19 -6 28 3 28 4 -20 26 24 25 -22 -19 -25 0 
25 10 -20 -19 -8 24 5 20 16 -13 -22 26 -25 -9 18 26 7 28 8 0 
-16 28 6 13 24 18 14 -1 6 10 -28 0 -7 -13 10 -18 17 11 1 23 
9 25 3 26 7 -11 23 12 24 14 16 -13 10 -3 -7 -5 -25 16 -26 2 
28 16 11 -17 16 11 3 -25 -12 1 -18 -16 7 28 22 26 -14 8 3 23 
30
1
3 17
16 2
0
0
