20 20
5 7 -2 4 1 0 -13 12 9 5 -10 13 7 17 -16 7 1 -1 -9 2 
15 8 9 -10 17 16 3 -4 9 6 5 11 9 9 12 -10 -6 -14 8 -6 
7 -8 0 17 16 11 9 -5 -3 4 9 9 13 12 -6 3 -6 4 -5 3 
17 15 8 15 9 -9 -10 -15 7 16 0 5 -4 -11 5 5 1 -12 1 -5 
3 -16 8 13 2 11 10 -1 15 -13 16 7 5 9 14 15 12 7 17 6 
17 1 14 10 17 -8 12 8 14 11 4 12 -4 8 17 14 17 13 12 9 
17 10 3 11 -8 -9 11 0 -13 3 4 14 5 -3 4 5 6 9 2 3 
-8 7 -5 -5 3 7 0 -1 4 14 15 -4 -10 -16 4 17 -15 -10 11 12 
1 -7 1 13 -9 -1 5 -8 -4 9 4 17 13 8 9 10 13 2 14 -7 
-2 -10 -15 11 -17 9 10 -6 -14 12 3 10 -16 12 -17 9 2 5 -2 -14 
-14 -2 5 2 9 -17 12 -16 10 3 12 -14 -6 10 9 -17 11 -15 -10 -2 
-7 14 2 13 10 9 8 13 17 4 9 -4 -8 5 -1 -9 13 1 -7 1 
12 11 -10 -15 17 4 -16 -10 -4 15 14 4 -1 0 7 3 -5 -5 7 -8 
3 2 9 6 5 4 -3 5 14 4 3 -13 0 11 -9 -8 11 3 10 17 
9 12 13 17 14 17 8 -4 12 4 11 14 8 12 -8 17 10 14 1 17 
6 17 7 12 15 14 9 5 7 16 -13 15 -1 10 11 2 13 8 -16 3 
-5 1 -12 1 5 5 -11 -4 5 0 16 7 -15 -10 -9 9 15 8 15 17 
3 -5 4 -6 3 -6 12 13 9 9 4 -3 -5 9 11 16 17 0 -8 7 
-6 8 -14 -6 -10 12 9 9 11 5 6 9 -4 3 16 17 -10 9 8 15 
2 -9 -1 1 7 -16 17 7 13 -10 5 9 12 -13 0 1 4 -2 7 5 
30
1
12 3
7 16
0
0
