20 20
0 3 0 18 -7 -1 6 18 3 -7 1 9 9 -13 18 -1 18 -14 6 17 
18 16 3 16 15 -18 9 -11 11 17 6 0 15 -16 14 -11 8 2 1 16 
7 11 7 10 -14 14 13 12 15 0 12 17 9 11 9 8 9 -8 12 2 
6 -4 -17 9 7 6 -3 17 17 -9 12 15 15 -16 18 11 13 -7 9 16 
12 9 15 18 11 14 8 -5 16 -10 15 2 1 8 17 3 8 12 18 11 
-16 18 10 5 12 5 7 11 -4 -12 8 13 2 17 -18 15 13 13 6 18 
1 17 8 14 1 -3 4 -14 11 -10 10 16 17 16 7 -11 13 -14 -10 18 
7 9 0 15 -9 4 7 14 11 8 17 17 1 -7 11 -17 -9 3 12 14 
2 2 12 -11 15 -17 1 11 -10 -11 18 17 -11 8 13 -5 15 4 1 6 
1 11 -10 2 5 -15 -13 -17 -6 2 9 11 5 9 1 11 2 -8 6 8 
8 6 -8 2 11 1 9 5 11 9 2 -6 -17 -13 -15 5 2 -10 11 1 
6 1 4 15 -5 13 8 -11 17 18 -11 -10 11 1 -17 15 -11 12 2 2 
14 12 3 -9 -17 11 -7 1 17 17 8 11 14 7 4 -9 15 0 9 7 
18 -10 -14 13 -11 7 16 17 16 10 -10 11 -14 4 -3 1 14 8 17 1 
18 6 13 13 15 -18 17 2 13 8 -12 -4 11 7 5 12 5 10 18 -16 
11 18 12 8 3 17 8 1 2 15 -10 16 -5 8 14 11 18 15 9 12 
16 9 -7 13 11 18 -16 15 15 12 -9 17 17 -3 6 7 9 -17 -4 6 
2 12 -8 9 8 9 11 9 17 12 0 15 12 13 14 -14 10 7 11 7 
16 1 2 8 -11 14 -16 15 0 6 17 11 -11 9 -18 15 16 3 16 18 
17 6 -14 18 -1 18 -13 9 9 1 -7 3 18 6 -1 -7 18 0 3 0 
30
1
15 7
4 12
0
0
