20 20
23 18 21 21 -6 -3 -9 -2 -13 -13 -27 -24 25 -16 -18 27 -10 23 24 13 
-21 10 5 28 17 22 -25 6 -10 2 14 -14 13 15 13 25 18 7 -25 0 
3 -25 -21 -6 18 11 -12 -23 12 17 27 28 3 28 28 12 19 11 -17 19 
14 -15 11 24 -3 -15 28 -12 -25 20 23 10 20 7 14 2 7 -4 -18 -15 
-26 8 14 -27 25 8 14 -24 22 18 28 2 4 12 -16 -24 0 16 -11 -20 
21 -8 -1 20 25 28 7 1 27 12 23 5 14 7 15 2 -15 2 15 -21 
5 -5 22 9 4 -7 3 7 23 23 20 23 22 -2 -4 -28 27 -7 11 20 
23 3 24 -26 13 -27 21 11 -7 7 17 14 27 16 25 7 9 5 27 22 
27 -18 25 12 11 24 28 -3 -24 18 0 8 26 25 -7 27 3 10 2 16 
6 14 -24 -21 -16 23 1 -27 -20 3 17 17 27 20 19 -3 24 9 10 5 
5 10 9 24 -3 19 20 27 17 17 3 -20 -27 1 23 -16 -21 -24 14 6 
16 2 10 3 27 -7 25 26 8 0 18 -24 -3 28 24 11 12 25 -18 27 
22 27 5 9 7 25 16 27 14 17 7 -7 11 21 -27 13 -26 24 3 23 
20 11 -7 27 -28 -4 -2 22 23 20 23 23 7 3 -7 4 9 22 -5 5 
-21 15 2 -15 2 15 7 14 5 23 12 27 1 7 28 25 20 -1 -8 21 
-20 -11 16 0 -24 -16 12 4 2 28 18 22 -24 14 8 25 -27 14 8 -26 
-15 -18 -4 7 2 14 7 20 10 23 20 -25 -12 28 -15 -3 24 11 -15 14 
19 -17 11 19 12 28 28 3 28 27 17 12 -23 -12 11 18 -6 -21 -25 3 
0 -25 7 18 25 13 15 13 -14 14 2 -10 6 -25 22 17 28 5 10 -21 
13 24 23 -10 27 -18 -16 25 -24 -27 -13 -13 -2 -9 -3 -6 21 21 18 23 
30
1
6 16
13 3
0
0
