20 20
4 18 -10 9 18 16 0 -14 -17 10 2 -12 16 11 10 0 -4 3 4 -12 
11 -9 -2 14 16 -16 -5 5 18 -9 4 -17 14 -11 17 3 5 5 5 -6 
-3 15 -15 4 -4 0 8 10 -4 -2 7 -17 4 -19 14 9 6 -6 10 9 
7 9 8 8 -1 3 2 16 10 14 -13 4 5 2 10 -17 16 15 -16 17 
18 -14 18 14 7 5 -3 0 12 12 13 14 -9 19 12 -1 3 3 1 16 
15 1 0 10 10 2 7 10 14 17 3 -10 19 4 -3 6 2 10 -6 12 
18 15 -8 2 18 -5 9 10 13 19 2 16 -11 17 17 9 9 6 5 -2 
7 15 5 9 18 7 17 10 1 13 9 1 2 10 -5 8 12 14 11 8 
-13 13 16 4 19 17 11 2 7 18 -11 3 9 19 19 4 9 -18 12 19 
12 3 6 2 -8 9 -18 5 -6 14 4 -17 11 2 8 3 19 -5 -9 -16 
-16 -9 -5 19 3 8 2 11 -17 4 14 -6 5 -18 9 -8 2 6 3 12 
19 12 -18 9 4 19 19 9 3 -11 18 7 2 11 17 19 4 16 13 -13 
8 11 14 12 8 -5 10 2 1 9 13 1 10 17 7 18 9 5 15 7 
-2 5 6 9 9 17 17 -11 16 2 19 13 10 9 -5 18 2 -8 15 18 
12 -6 10 2 6 -3 4 19 -10 3 17 14 10 7 2 10 10 0 1 15 
16 1 3 3 -1 12 19 -9 14 13 12 12 0 -3 5 7 14 18 -14 18 
17 -16 15 16 -17 10 2 5 4 -13 14 10 16 2 3 -1 8 8 9 7 
9 10 -6 6 9 14 -19 4 -17 7 -2 -4 10 8 0 -4 4 -15 15 -3 
-6 5 5 5 3 17 -11 14 -17 4 -9 18 5 -5 -16 16 14 -2 -9 11 
-12 4 3 -4 0 10 11 16 -12 2 10 -17 -14 0 16 18 9 -10 18 4 
30
1
15 7
4 12
0
0
