20 20
14 13 15 19 4 2 -12 -2 0 16 17 5 4 10 14 23 11 25 17 0 
8 19 15 -18 10 4 -17 13 8 14 24 20 8 1 -24 11 26 16 -17 -10 
27 14 20 21 -6 5 -18 19 -12 23 18 5 8 23 11 2 11 21 3 21 
2 1 9 10 13 25 10 3 1 15 21 24 3 -9 -25 16 5 3 -27 -27 
11 17 27 24 2 -18 -4 -12 15 18 0 6 24 3 25 24 14 5 -19 19 
5 16 16 3 1 2 4 22 -20 13 13 3 1 0 3 0 -18 6 23 9 
22 27 10 6 -17 1 7 25 -14 24 13 18 -23 14 25 17 5 -26 20 20 
27 -26 -14 25 14 -4 24 12 7 14 7 20 7 24 19 -3 9 -11 -22 -15 
-4 0 3 26 11 22 19 -15 22 4 -24 -7 -27 19 21 15 12 22 15 9 
12 -12 -15 20 21 1 -7 2 -24 19 -24 11 1 -24 -19 9 -18 17 5 -22 
-22 5 17 -18 9 -19 -24 1 11 -24 19 -24 2 -7 1 21 20 -15 -12 12 
9 15 22 12 15 21 19 -27 -7 -24 4 22 -15 19 22 11 26 3 0 -4 
-15 -22 -11 9 -3 19 24 7 20 7 14 7 12 24 -4 14 25 -14 -26 27 
20 20 -26 5 17 25 14 -23 18 13 24 -14 25 7 1 -17 6 10 27 22 
9 23 6 -18 0 3 0 1 3 13 13 -20 22 4 2 1 3 16 16 5 
19 -19 5 14 24 25 3 24 6 0 18 15 -12 -4 -18 2 24 27 17 11 
-27 -27 3 5 16 -25 -9 3 24 21 15 1 3 10 25 13 10 9 1 2 
21 3 21 11 2 11 23 8 5 18 23 -12 19 -18 5 -6 21 20 14 27 
-10 -17 16 26 11 -24 1 8 20 24 14 8 13 -17 4 10 -18 15 19 8 
0 17 25 11 23 14 10 4 5 17 16 0 -2 -12 2 4 19 15 13 14 
30
1
1 5
18 14
0
0
