20 20
13 3 8 15 -3 24 -2 27 15 21 -14 -29 11 12 8 14 13 -26 -30 5 
-7 26 22 2 19 7 27 -19 29 30 -21 30 18 8 25 -24 29 8 14 23 
21 11 -26 -23 -30 16 24 2 -19 21 3 20 1 -1 13 1 -30 -28 15 28 
4 26 18 -5 2 -14 1 27 24 24 26 0 23 19 8 17 1 29 28 26 
6 27 26 26 -8 -20 17 21 -21 15 22 27 -16 22 -27 27 14 -29 8 25 
30 20 1 -24 22 1 0 -9 8 10 17 -24 -23 -16 5 -8 16 20 -27 12 
29 2 -22 11 -27 -7 -12 21 30 25 1 -7 -4 4 15 14 25 10 -12 26 
-1 20 4 4 -11 15 21 9 27 22 11 26 3 -2 17 -4 -5 -10 20 24 
14 18 -2 -30 -11 28 29 17 22 -19 24 -16 -14 11 4 7 2 30 -26 20 
-23 13 1 15 12 11 -23 21 26 2 -25 25 23 -19 9 19 26 -15 25 6 
6 25 -15 26 19 9 -19 23 25 -25 2 26 21 -23 11 12 15 1 13 -23 
20 -26 30 2 7 4 11 -14 -16 24 -19 22 17 29 28 -11 -30 -2 18 14 
24 20 -10 -5 -4 17 -2 3 26 11 22 27 9 21 15 -11 4 4 20 -1 
26 -12 10 25 14 15 4 -4 -7 1 25 30 21 -12 -7 -27 11 -22 2 29 
12 -27 20 16 -8 5 -16 -23 -24 17 10 8 -9 0 1 22 -24 1 20 30 
25 8 -29 14 27 -27 22 -16 27 22 15 -21 21 17 -20 -8 26 26 27 6 
26 28 29 1 17 8 19 23 0 26 24 24 27 1 -14 2 -5 18 26 4 
28 15 -28 -30 1 13 -1 1 20 3 21 -19 2 24 16 -30 -23 -26 11 21 
23 14 8 29 -24 25 8 18 30 -21 30 29 -19 27 7 19 2 22 26 -7 
5 -30 -26 13 14 8 12 11 -29 -14 21 15 27 -2 24 -3 15 8 3 13 
30
1
9 14
10 5
0
0
