20 20
6 14 5 -7 -23 -17 13 25 22 -20 15 14 13 23 11 18 13 24 -9 16 
10 3 24 -19 11 21 0 19 17 3 16 -2 22 13 16 14 -27 19 16 2 
-20 20 5 -24 14 -9 -26 10 11 9 5 25 19 14 8 15 -1 -15 8 8 
23 13 0 -6 -25 11 1 -23 6 27 0 12 -2 9 21 8 0 12 18 -6 
-7 11 -3 5 5 14 1 1 10 -26 26 7 19 16 19 19 -6 -10 -1 4 
26 17 7 22 -3 1 23 4 9 18 9 21 -25 24 -9 14 27 12 -7 5 
4 15 21 20 6 9 -25 -19 14 24 15 18 20 -9 27 16 0 20 14 3 
25 3 7 -16 27 -17 27 -19 13 4 -25 -27 24 5 20 -13 24 18 21 -1 
9 26 19 2 1 -1 26 -1 26 10 6 19 2 14 26 3 7 10 9 23 
21 23 11 9 4 24 19 -15 10 6 -16 4 -12 -12 -14 8 -20 -8 21 18 
18 21 -8 -20 8 -14 -12 -12 4 -16 6 10 -15 19 24 4 9 11 23 21 
23 9 10 7 3 26 14 2 19 6 10 26 -1 26 -1 1 2 19 26 9 
-1 21 18 24 -13 20 5 24 -27 -25 4 13 -19 27 -17 27 -16 7 3 25 
3 14 20 0 16 27 -9 20 18 15 24 14 -19 -25 9 6 20 21 15 4 
5 -7 12 27 14 -9 24 -25 21 9 18 9 4 23 1 -3 22 7 17 26 
4 -1 -10 -6 19 19 16 19 7 26 -26 10 1 1 14 5 5 -3 11 -7 
-6 18 12 0 8 21 9 -2 12 0 27 6 -23 1 11 -25 -6 0 13 23 
8 8 -15 -1 15 8 14 19 25 5 9 11 10 -26 -9 14 -24 5 20 -20 
2 16 19 -27 14 16 13 22 -2 16 3 17 19 0 21 11 -19 24 3 10 
16 -9 24 13 18 11 23 13 14 15 -20 22 25 13 -17 -23 -7 5 14 6 
30
1
1 14
18 5
0
0
