20 20
15 28 3 -25 0 7 15 24 22 18 11 21 2 16 -14 21 11 4 20 -19 
15 -29 23 6 10 7 -28 23 11 -6 9 2 4 -12 -12 -28 25 8 14 5 
12 16 18 8 26 22 -5 25 6 1 21 22 5 14 22 1 21 8 23 25 
21 -16 25 27 -18 5 14 14 29 -1 14 5 3 6 19 29 3 -4 15 16 
-2 20 -11 13 22 17 19 1 -13 15 9 20 -1 8 -17 16 -19 9 9 2 
-15 11 17 12 12 2 27 2 3 -13 4 23 26 10 10 0 12 11 14 19 
23 5 21 26 9 7 1 -8 -25 21 27 1 -4 23 -18 -17 5 15 19 1 
18 11 -5 10 24 29 6 -25 18 12 19 3 -8 2 12 -1 29 23 1 24 
17 20 12 -23 6 9 4 -21 25 12 11 27 17 -4 7 6 18 15 29 28 
-24 1 25 25 29 20 4 9 28 12 -14 18 -12 1 0 25 -8 21 17 -10 
-10 17 21 -8 25 0 1 -12 18 -14 12 28 9 4 20 29 25 25 1 -24 
28 29 15 18 6 7 -4 17 27 11 12 25 -21 4 9 6 -23 12 20 17 
24 1 23 29 -1 12 2 -8 3 19 12 18 -25 6 29 24 10 -5 11 18 
1 19 15 5 -17 -18 23 -4 1 27 21 -25 -8 1 7 9 26 21 5 23 
19 14 11 12 0 10 10 26 23 4 -13 3 2 27 2 12 12 17 11 -15 
2 9 9 -19 16 -17 8 -1 20 9 15 -13 1 19 17 22 13 -11 20 -2 
16 15 -4 3 29 19 6 3 5 14 -1 29 14 14 5 -18 27 25 -16 21 
25 23 8 21 1 22 14 5 22 21 1 6 25 -5 22 26 8 18 16 12 
5 14 8 25 -28 -12 -12 4 2 9 -6 11 23 -28 7 10 6 23 -29 15 
-19 20 4 11 21 -14 16 2 21 11 18 22 24 15 7 0 -25 3 28 15 
30
1
19 4
0 15
0
0
