20 20
15 -8 2 19 0 13 3 7 25 3 13 19 2 25 10 23 5 11 -27 -21 
10 23 17 15 25 0 17 17 -23 8 8 12 -10 -21 -7 23 5 16 5 3 
4 -20 22 11 16 13 9 -13 8 19 3 -6 19 23 4 21 -8 20 -19 10 
25 -6 -13 27 17 20 12 15 -6 2 5 9 -7 10 19 13 5 -23 18 24 
10 17 20 13 27 -20 10 0 9 13 6 9 -13 -26 26 15 4 23 25 21 
-11 10 10 -10 8 15 19 8 17 24 -5 -2 21 -5 26 3 -10 18 1 10 
-6 1 5 1 19 -22 17 26 6 27 14 20 16 17 -15 -9 25 4 14 17 
-25 8 25 25 8 20 -18 20 23 -5 19 -13 15 -3 24 -6 21 -24 -6 5 
4 -10 19 2 -12 6 23 27 25 3 -12 18 22 3 5 8 17 24 26 21 
10 19 -15 15 1 25 21 9 21 10 -20 27 6 1 13 13 9 15 -3 -13 
-13 -3 15 9 13 13 1 6 27 -20 10 21 9 21 25 1 15 -15 19 10 
21 26 24 17 8 5 3 22 18 -12 3 25 27 23 6 -12 2 19 -10 4 
5 -6 -24 21 -6 24 -3 15 -13 19 -5 23 20 -18 20 8 25 25 8 -25 
17 14 4 25 -9 -15 17 16 20 14 27 6 26 17 -22 19 1 5 1 -6 
10 1 18 -10 3 26 -5 21 -2 -5 24 17 8 19 15 8 -10 10 10 -11 
21 25 23 4 15 26 -26 -13 9 6 13 9 0 10 -20 27 13 20 17 10 
24 18 -23 5 13 19 10 -7 9 5 2 -6 15 12 20 17 27 -13 -6 25 
10 -19 20 -8 21 4 23 19 -6 3 19 8 -13 9 13 16 11 22 -20 4 
3 5 16 5 23 -7 -21 -10 12 8 8 -23 17 17 0 25 15 17 23 10 
-21 -27 11 5 23 10 25 2 19 13 3 25 7 3 13 0 19 2 -8 15 
30
1
18 0
1 19
0
0
