20 20
-20 10 2 1 12 -18 9 -11 18 24 -27 7 8 -20 -7 0 -28 24 24 -14 
12 18 4 9 17 30 22 -2 24 30 -10 4 -24 13 20 29 12 -8 -8 2 
15 24 1 5 27 27 8 22 13 29 27 20 8 -19 13 3 30 20 -23 27 
26 5 1 -4 25 -26 23 -24 25 3 13 -9 -29 12 2 -14 -17 13 5 19 
3 -22 22 28 23 16 23 -5 15 -11 28 11 -15 -11 8 30 21 8 8 10 
23 28 22 20 -3 14 -30 8 5 -18 21 10 16 3 30 11 11 13 24 -23 
-21 -1 6 6 0 27 19 5 -23 1 -14 5 -10 14 13 10 23 4 23 15 
1 14 -1 11 -18 1 23 21 28 5 4 22 23 19 -6 12 -13 26 -23 17 
16 4 19 26 -6 30 12 27 9 13 -25 6 -3 8 25 14 26 29 -3 2 
-13 13 14 2 8 -19 19 24 19 -6 -28 5 -17 8 27 -13 15 -8 -3 11 
11 -3 -8 15 -13 27 8 -17 5 -28 -6 19 24 19 -19 8 2 14 13 -13 
2 -3 29 26 14 25 8 -3 6 -25 13 9 27 12 30 -6 26 19 4 16 
17 -23 26 -13 12 -6 19 23 22 4 5 28 21 23 1 -18 11 -1 14 1 
15 23 4 23 10 13 14 -10 5 -14 1 -23 5 19 27 0 6 6 -1 -21 
-23 24 13 11 11 30 3 16 10 21 -18 5 8 -30 14 -3 20 22 28 23 
10 8 8 21 30 8 -11 -15 11 28 -11 15 -5 23 16 23 28 22 -22 3 
19 5 13 -17 -14 2 12 -29 -9 13 3 25 -24 23 -26 25 -4 1 5 26 
27 -23 20 30 3 13 -19 8 20 27 29 13 22 8 27 27 5 1 24 15 
2 -8 -8 12 29 20 13 -24 4 -10 30 24 -2 22 30 17 9 4 18 12 
-14 24 24 -28 0 -7 -20 8 7 -27 24 18 -11 9 -18 12 1 2 10 -20 
30
1
8 14
11 5
0
0
