20 20
7 4 8 -20 6 19 15 -4 -16 9 7 11 -10 12 5 -12 4 -15 20 -3 
1 -20 4 11 7 5 16 3 -12 18 20 -9 -13 8 8 14 17 18 2 5 
7 0 7 19 3 20 18 8 9 -12 15 11 2 1 18 0 7 17 17 16 
20 20 7 1 16 6 1 -7 12 16 19 20 19 -6 3 -5 1 12 10 11 
-15 18 6 20 1 -9 19 6 -2 19 -8 15 10 8 10 -16 11 -2 -9 -6 
7 13 -5 -14 -20 -5 -12 -5 19 1 -4 14 8 13 -13 11 -3 -5 12 -19 
-15 13 19 19 17 -7 3 18 9 4 1 13 19 1 4 16 11 -17 16 6 
14 9 -17 -7 13 10 5 13 12 2 19 18 17 -2 17 17 -1 0 20 8 
10 -10 16 7 6 12 -5 10 12 -11 10 5 5 6 17 16 -2 14 -14 -11 
11 7 -3 5 -20 -19 11 12 4 15 8 1 14 15 19 13 17 6 -11 14 
14 -11 6 17 13 19 15 14 1 8 15 4 12 11 -19 -20 5 -3 7 11 
-11 -14 14 -2 16 17 6 5 5 10 -11 12 10 -5 12 6 7 16 -10 10 
8 20 0 -1 17 17 -2 17 18 19 2 12 13 5 10 13 -7 -17 9 14 
6 16 -17 11 16 4 1 19 13 1 4 9 18 3 -7 17 19 19 13 -15 
-19 12 -5 -3 11 -13 13 8 14 -4 1 19 -5 -12 -5 -20 -14 -5 13 7 
-6 -9 -2 11 -16 10 8 10 15 -8 19 -2 6 19 -9 1 20 6 18 -15 
11 10 12 1 -5 3 -6 19 20 19 16 12 -7 1 6 16 1 7 20 20 
16 17 17 7 0 18 1 2 11 15 -12 9 8 18 20 3 19 7 0 7 
5 2 18 17 14 8 8 -13 -9 20 18 -12 3 16 5 7 11 4 -20 1 
-3 20 -15 4 -12 5 12 -10 11 7 9 -16 -4 15 19 6 -20 8 4 7 
30
1
5 6
14 13
0
0
