20 20
-1 8 7 24 0 -2 7 -17 17 -16 10 2 13 6 -20 -8 -27 -21 27 2 
23 25 16 6 13 -1 17 12 -22 5 -22 15 13 21 3 24 -15 25 16 8 
9 3 7 -6 25 25 1 19 -25 -1 13 7 27 7 -23 7 0 -5 -15 2 
3 -10 8 24 6 23 1 27 17 17 23 16 10 -6 18 11 13 19 -5 12 
-7 -15 8 13 -14 7 1 10 5 14 14 -25 28 3 -17 2 -8 -4 11 7 
8 -22 0 17 20 28 -25 23 0 18 16 12 19 12 -24 -11 0 3 9 5 
-14 -4 6 8 17 -9 -11 8 10 0 3 28 23 -26 22 6 18 -6 8 8 
16 3 26 4 27 11 8 7 8 17 9 2 3 11 15 -8 -25 -18 13 4 
21 -25 8 15 0 0 -18 -19 5 3 14 24 13 4 8 22 0 5 5 17 
25 -22 4 17 16 -20 22 7 27 13 4 7 19 20 11 5 22 3 13 28 
28 13 3 22 5 11 20 19 7 4 13 27 7 22 -20 16 17 4 -22 25 
17 5 5 0 22 8 4 13 24 14 3 5 -19 -18 0 0 15 8 -25 21 
4 13 -18 -25 -8 15 11 3 2 9 17 8 7 8 11 27 4 26 3 16 
8 8 -6 18 6 22 -26 23 28 3 0 10 8 -11 -9 17 8 6 -4 -14 
5 9 3 0 -11 -24 12 19 12 16 18 0 23 -25 28 20 17 0 -22 8 
7 11 -4 -8 2 -17 3 28 -25 14 14 5 10 1 7 -14 13 8 -15 -7 
12 -5 19 13 11 18 -6 10 16 23 17 17 27 1 23 6 24 8 -10 3 
2 -15 -5 0 7 -23 7 27 7 13 -1 -25 19 1 25 25 -6 7 3 9 
8 16 25 -15 24 3 21 13 15 -22 5 -22 12 17 -1 13 6 16 25 23 
2 27 -21 -27 -8 -20 6 13 2 10 -16 17 -17 7 -2 0 24 7 8 -1 
30
1
3 19
16 0
0
0
