20 20
18 17 -17 4 16 5 1 10 -3 0 2 15 22 1 7 16 15 6 8 -5 
14 -22 17 9 11 13 17 -9 20 0 17 16 -9 18 -6 13 9 20 12 -8 
5 8 7 22 8 0 0 17 -11 11 22 7 1 7 22 1 4 0 17 -11 
4 20 16 9 1 18 14 1 9 -18 -19 -7 19 -22 -10 -21 22 4 8 18 
-4 18 -20 9 -18 -3 2 3 -13 -3 10 4 8 6 18 21 13 8 14 20 
15 14 18 -12 6 10 12 4 4 -12 17 13 -7 20 21 6 16 2 13 12 
20 -4 18 5 9 -4 15 21 11 5 3 16 16 2 15 15 -1 20 -16 -16 
14 1 -8 18 2 22 17 3 16 3 3 12 9 16 -6 18 11 -1 9 -8 
13 -12 14 1 3 7 6 8 -19 22 -12 0 3 3 12 -14 -3 8 8 6 
4 11 20 22 16 4 17 -22 9 7 16 17 20 -14 15 -6 11 11 14 19 
19 14 11 11 -6 15 -14 20 17 16 7 9 -22 17 4 16 22 20 11 4 
6 8 8 -3 -14 12 3 3 0 -12 22 -19 8 6 7 3 1 14 -12 13 
-8 9 -1 11 18 -6 16 9 12 3 3 16 3 17 22 2 18 -8 1 14 
-16 -16 20 -1 15 15 2 16 16 3 5 11 21 15 -4 9 5 18 -4 20 
12 13 2 16 6 21 20 -7 13 17 -12 4 4 12 10 6 -12 18 14 15 
20 14 8 13 21 18 6 8 4 10 -3 -13 3 2 -3 -18 9 -20 18 -4 
18 8 4 22 -21 -10 -22 19 -7 -19 -18 9 1 14 18 1 9 16 20 4 
-11 17 0 4 1 22 7 1 7 22 11 -11 17 0 0 8 22 7 8 5 
-8 12 20 9 13 -6 18 -9 16 17 0 20 -9 17 13 11 9 17 -22 14 
-5 8 6 15 16 7 1 22 15 2 0 -3 10 1 5 16 4 -17 17 18 
30
1
10 5
9 14
0
0
