20 20
5 -1 8 7 6 5 -9 -14 3 15 5 16 7 6 11 9 13 -5 9 -16 
0 9 10 15 8 -7 -1 9 13 -4 -10 12 7 -3 7 -2 5 0 0 13 
10 3 10 1 5 10 4 11 8 -11 16 2 17 12 1 5 8 11 4 -2 
1 -2 10 4 -10 13 7 0 8 11 -3 17 -2 7 6 10 15 2 2 1 
-6 6 8 15 -10 10 -2 15 16 2 1 17 10 8 2 15 5 14 2 10 
15 -13 9 6 4 3 12 8 7 15 10 3 3 2 7 17 17 17 -6 2 
-6 15 17 9 4 16 4 4 3 9 -8 0 -13 -16 -11 -5 6 3 17 -17 
5 15 17 -15 11 13 12 -12 14 0 11 -4 -8 -12 -15 8 -6 12 1 8 
1 7 8 4 10 3 17 -12 8 11 0 5 0 14 12 7 3 1 -9 3 
-9 6 -10 5 12 9 10 10 -3 13 3 -4 17 -6 11 9 17 -2 3 11 
11 3 -2 17 9 11 -6 17 -4 3 13 -3 10 10 9 12 5 -10 6 -9 
3 -9 1 3 7 12 14 0 5 0 11 8 -12 17 3 10 4 8 7 1 
8 1 12 -6 8 -15 -12 -8 -4 11 0 14 -12 12 13 11 -15 17 15 5 
-17 17 3 6 -5 -11 -16 -13 0 -8 9 3 4 4 16 4 9 17 15 -6 
2 -6 17 17 17 7 2 3 3 10 15 7 8 12 3 4 6 9 -13 15 
10 2 14 5 15 2 8 10 17 1 2 16 15 -2 10 -10 15 8 6 -6 
1 2 2 15 10 6 7 -2 17 -3 11 8 0 7 13 -10 4 10 -2 1 
-2 4 11 8 5 1 12 17 2 16 -11 8 11 4 10 5 1 10 3 10 
13 0 0 5 -2 7 -3 7 12 -10 -4 13 9 -1 -7 8 15 10 9 0 
-16 9 -5 13 9 11 6 7 16 5 15 3 -14 -9 5 6 7 8 -1 5 
30
1
17 1
2 18
0
0
