20 20
0 10 2 -9 4 6 3 14 9 5 -4 13 9 -8 -11 6 2 12 11 -1 
-12 11 14 -7 9 7 -5 1 7 4 -4 8 6 9 5 -7 3 -13 2 8 
-8 14 2 12 14 0 1 13 14 12 -6 -14 7 10 3 -8 14 -13 -7 -6 
-9 3 2 -9 12 13 -2 8 -6 14 10 6 6 2 -6 0 10 11 13 -2 
0 -8 -2 -5 2 3 11 -3 6 0 14 4 1 -6 11 3 8 8 14 -4 
12 10 10 14 4 4 0 13 -10 -7 12 8 -3 12 -4 7 13 9 6 2 
-1 -7 -8 6 -8 14 -5 0 3 -5 2 -1 7 11 -6 2 -4 1 8 4 
-3 13 7 14 4 -6 -6 4 7 10 2 12 2 2 6 6 1 9 7 5 
-8 5 6 6 4 -14 -10 -13 8 3 -8 -7 6 5 -7 -10 3 7 6 2 
4 3 1 12 2 13 7 9 -7 6 6 2 7 1 -7 8 13 0 11 14 
14 11 0 13 8 -7 1 7 2 6 6 -7 9 7 13 2 12 1 3 4 
2 6 7 3 -10 -7 5 6 -7 -8 3 8 -13 -10 -14 4 6 6 5 -8 
5 7 9 1 6 6 2 2 12 2 10 7 4 -6 -6 4 14 7 13 -3 
4 8 1 -4 2 -6 11 7 -1 2 -5 3 0 -5 14 -8 6 -8 -7 -1 
2 6 9 13 7 -4 12 -3 8 12 -7 -10 13 0 4 4 14 10 10 12 
-4 14 8 8 3 11 -6 1 4 14 0 6 -3 11 3 2 -5 -2 -8 0 
-2 13 11 10 0 -6 2 6 6 10 14 -6 8 -2 13 12 -9 2 3 -9 
-6 -7 -13 14 -8 3 10 7 -14 -6 12 14 13 1 0 14 12 2 14 -8 
8 2 -13 3 -7 5 9 6 8 -4 4 7 1 -5 7 9 -7 14 11 -12 
-1 11 12 2 6 -11 -8 9 13 -4 5 9 14 3 6 4 -9 2 10 0 
30
1
3 2
16 17
0
0
