20 20
9 12 -11 -1 5 -23 19 1 28 21 7 10 -1 12 19 4 8 8 -10 -1 
9 -27 19 19 26 14 8 18 16 -12 26 13 7 -26 7 18 -15 1 13 8 
-20 11 7 -15 17 5 -2 -20 -9 27 10 16 14 20 22 16 0 -9 2 6 
-17 24 -12 12 2 11 19 -1 25 19 -7 4 15 28 1 24 14 26 11 20 
3 -26 -27 6 6 -17 -4 -26 19 4 4 5 10 8 11 5 16 28 24 18 
0 -25 1 0 24 5 11 8 21 -4 7 19 4 -8 13 7 25 25 15 -16 
5 9 26 5 3 21 -23 15 -22 3 17 -3 28 19 3 6 18 -3 13 14 
12 14 18 -14 23 -27 10 -3 18 21 6 -12 1 16 -28 -19 20 -15 17 23 
6 5 24 13 22 5 -10 25 5 8 1 7 18 21 2 -2 -20 4 -1 3 
10 11 25 1 9 24 -4 13 -25 27 18 22 13 0 0 19 27 -11 26 -4 
-4 26 -11 27 19 0 0 13 22 18 27 -25 13 -4 24 9 1 25 11 10 
3 -1 4 -20 -2 2 21 18 7 1 8 5 25 -10 5 22 13 24 5 6 
23 17 -15 20 -19 -28 16 1 -12 6 21 18 -3 10 -27 23 -14 18 14 12 
14 13 -3 18 6 3 19 28 -3 17 3 -22 15 -23 21 3 5 26 9 5 
-16 15 25 25 7 13 -8 4 19 7 -4 21 8 11 5 24 0 1 -25 0 
18 24 28 16 5 11 8 10 5 4 4 19 -26 -4 -17 6 6 -27 -26 3 
20 11 26 14 24 1 28 15 4 -7 19 25 -1 19 11 2 12 -12 24 -17 
6 2 -9 0 16 22 20 14 16 10 27 -9 -20 -2 5 17 -15 7 11 -20 
8 13 1 -15 18 7 -26 7 13 26 -12 16 18 8 14 26 19 19 -27 9 
-1 -10 8 8 4 19 12 -1 10 7 21 28 1 19 -23 5 -1 -11 12 9 
30
1
8 0
11 19
0
0
