20 20
5 1 9 12 -6 8 10 7 2 2 5 4 11 -9 -6 12 7 3 4 -4 
0 -11 0 8 11 -2 -12 5 6 4 11 6 12 5 5 5 9 5 5 7 
5 1 8 12 5 1 5 5 0 8 11 9 8 8 6 6 11 11 -7 1 
2 -9 5 -2 5 2 2 1 12 -5 7 9 0 2 8 3 -9 5 5 12 
7 1 0 6 3 12 7 11 6 5 4 5 10 0 1 7 1 12 7 8 
10 5 -7 11 12 11 4 2 9 9 -11 12 0 -7 -10 1 -7 1 11 3 
-3 6 1 -5 2 9 8 10 2 -4 6 12 -1 0 2 -5 10 -7 -9 8 
2 12 8 10 12 -12 6 4 10 9 9 3 -3 4 4 -7 -5 11 12 8 
4 3 2 2 1 0 7 0 3 9 10 0 6 6 7 -5 2 1 4 5 
6 -1 12 4 5 2 1 12 7 3 7 0 3 -8 0 -4 -6 1 4 10 
10 4 1 -6 -4 0 -8 3 0 7 3 7 12 1 2 5 4 12 -1 6 
5 4 1 2 -5 7 6 6 0 10 9 3 0 7 0 1 2 2 3 4 
8 12 11 -5 -7 4 4 -3 3 9 9 10 4 6 -12 12 10 8 12 2 
8 -9 -7 10 -5 2 0 -1 12 6 -4 2 10 8 9 2 -5 1 6 -3 
3 11 1 -7 1 -10 -7 0 12 -11 9 9 2 4 11 12 11 -7 5 10 
8 7 12 1 7 1 0 10 5 4 5 6 11 7 12 3 6 0 1 7 
12 5 5 -9 3 8 2 0 9 7 -5 12 1 2 2 5 -2 5 -9 2 
1 -7 11 11 6 6 8 8 9 11 8 0 5 5 1 5 12 8 1 5 
7 5 5 9 5 5 5 12 6 11 4 6 5 -12 -2 11 8 0 -11 0 
-4 4 3 7 12 -6 -9 11 4 5 2 2 7 10 8 -6 12 9 1 5 
30
1
0 5
19 14
0
0
