20 20
-9 13 15 -8 4 -14 8 -17 -7 -7 3 14 13 12 9 6 3 13 13 9 
-1 8 7 11 -5 14 17 -11 14 15 -12 17 14 1 1 8 5 14 9 -11 
12 17 13 6 7 7 10 7 16 14 6 0 3 12 17 4 11 10 -7 8 
11 3 9 6 10 14 9 11 12 4 8 7 14 2 3 -3 14 16 8 16 
9 -8 16 15 -2 7 9 12 16 1 -3 -10 17 17 13 -4 -11 4 4 3 
15 14 16 1 15 8 1 -8 11 2 1 -5 -16 16 2 17 6 4 5 7 
10 7 13 6 7 14 3 8 10 6 17 -5 8 -3 6 14 8 8 11 0 
15 11 11 11 2 15 6 -3 3 -13 -5 3 4 6 -10 10 8 13 6 -16 
16 -8 -16 13 2 4 2 4 2 -3 -10 16 15 8 2 13 -16 7 6 3 
7 7 16 1 8 10 13 17 12 15 -1 15 2 -2 8 3 7 8 4 -12 
-12 4 8 7 3 8 -2 2 15 -1 15 12 17 13 10 8 1 16 7 7 
3 6 7 -16 13 2 8 15 16 -10 -3 2 4 2 4 2 13 -16 -8 16 
-16 6 13 8 10 -10 6 4 3 -5 -13 3 -3 6 15 2 11 11 11 15 
0 11 8 8 14 6 -3 8 -5 17 6 10 8 3 14 7 6 13 7 10 
7 5 4 6 17 2 16 -16 -5 1 2 11 -8 1 8 15 1 16 14 15 
3 4 4 -11 -4 13 17 17 -10 -3 1 16 12 9 7 -2 15 16 -8 9 
16 8 16 14 -3 3 2 14 7 8 4 12 11 9 14 10 6 9 3 11 
8 -7 10 11 4 17 12 3 0 6 14 16 7 10 7 7 6 13 17 12 
-11 9 14 5 8 1 1 14 17 -12 15 14 -11 17 14 -5 11 7 8 -1 
9 13 13 3 6 9 12 13 14 3 -7 -7 -17 8 -14 4 -8 15 13 -9 
30
1
18 6
1 13
0
0
