20 20
-6 14 12 7 -5 11 13 13 7 6 2 8 11 14 1 11 2 6 12 14 
14 14 7 8 3 5 -8 6 9 -9 0 3 -14 5 7 7 -9 10 11 2 
7 5 5 -1 10 4 1 7 -10 12 14 11 8 -4 0 -14 13 -9 7 -4 
13 8 0 5 11 7 7 4 -3 11 8 -1 3 9 4 13 6 0 6 9 
11 -14 10 6 10 9 11 -3 14 -1 0 -12 -14 2 11 5 1 4 2 6 
-2 14 3 5 -12 -3 4 -8 -7 14 4 7 5 9 -6 5 1 6 3 10 
-12 3 0 9 -9 13 13 2 7 11 9 0 -14 13 3 -2 5 -10 -9 6 
14 9 10 14 -3 6 12 -5 6 7 6 -6 6 11 9 -6 13 -5 6 11 
3 14 11 14 -11 -14 12 11 -6 11 -14 2 14 5 2 -12 10 -2 13 10 
-2 1 5 13 -13 4 6 6 12 8 3 7 13 3 8 7 14 9 12 9 
9 12 9 14 7 8 3 13 7 3 8 12 6 6 4 -13 13 5 1 -2 
10 13 -2 10 -12 2 5 14 2 -14 11 -6 11 12 -14 -11 14 11 14 3 
11 6 -5 13 -6 9 11 6 -6 6 7 6 -5 12 6 -3 14 10 9 14 
6 -9 -10 5 -2 3 13 -14 0 9 11 7 2 13 13 -9 9 0 3 -12 
10 3 6 1 5 -6 9 5 7 4 14 -7 -8 4 -3 -12 5 3 14 -2 
6 2 4 1 5 11 2 -14 -12 0 -1 14 -3 11 9 10 6 10 -14 11 
9 6 0 6 13 4 9 3 -1 8 11 -3 4 7 7 11 5 0 8 13 
-4 7 -9 13 -14 0 -4 8 11 14 12 -10 7 1 4 10 -1 5 5 7 
2 11 10 -9 7 7 5 -14 3 0 -9 9 6 -8 5 3 8 7 14 14 
14 12 6 2 11 1 14 11 8 2 6 7 13 13 11 -5 7 12 14 -6 
30
1
1 2
18 17
0
0
