20 20
12 -13 17 -17 10 4 12 17 -9 6 -5 8 11 17 7 6 -14 2 0 -14 
-6 -5 13 -18 10 9 9 17 14 12 8 -18 -4 -14 5 5 -1 14 17 0 
6 10 11 -12 16 7 13 7 -9 12 2 10 -8 -5 -4 14 18 6 12 -12 
6 5 6 2 14 7 7 14 8 7 -3 -7 17 14 3 -1 5 12 10 14 
16 -4 7 5 6 6 15 18 10 7 14 -15 7 18 4 5 12 7 11 5 
-2 1 16 7 14 -13 -16 0 5 0 0 15 18 0 10 -5 -7 3 -13 -10 
18 4 8 11 11 15 3 12 3 -16 11 14 18 0 -2 9 15 -14 -1 -2 
2 -10 10 15 18 7 -7 4 2 -3 -6 7 1 2 -2 16 8 17 -12 0 
6 11 13 -16 -7 7 14 14 2 16 -4 3 -3 -13 8 16 8 10 12 1 
-16 2 -18 -13 4 13 9 1 2 16 10 0 4 -14 7 12 0 11 -4 13 
13 -4 11 0 12 7 -14 4 0 10 16 2 1 9 13 4 -13 -18 2 -16 
1 12 10 8 16 8 -13 -3 3 -4 16 2 14 14 7 -7 -16 13 11 6 
0 -12 17 8 16 -2 2 1 7 -6 -3 2 4 -7 7 18 15 10 -10 2 
-2 -1 -14 15 9 -2 0 18 14 11 -16 3 12 3 15 11 11 8 4 18 
-10 -13 3 -7 -5 10 0 18 15 0 0 5 0 -16 -13 14 7 16 1 -2 
5 11 7 12 5 4 18 7 -15 14 7 10 18 15 6 6 5 7 -4 16 
14 10 12 5 -1 3 14 17 -7 -3 7 8 14 7 7 14 2 6 5 6 
-12 12 6 18 14 -4 -5 -8 10 2 12 -9 7 13 7 16 -12 11 10 6 
0 17 14 -1 5 5 -14 -4 -18 8 12 14 17 9 9 10 -18 13 -5 -6 
-14 0 2 -14 6 7 17 11 8 -5 6 -9 17 12 4 10 -17 17 -13 12 
30
1
15 8
4 11
0
0
