20 20
2 6 9 6 12 14 8 4 11 10 9 -13 11 11 1 12 12 10 13 11 
-14 14 11 8 -5 -8 12 -9 9 5 6 11 9 3 13 2 3 4 -6 5 
7 4 11 -7 7 1 -1 -3 10 13 5 12 5 9 7 4 8 1 -6 7 
13 -10 12 4 11 -7 5 7 2 -8 11 5 9 2 -14 7 8 13 -6 -13 
11 -9 1 11 1 6 -3 -6 4 -6 2 0 -2 -3 -9 11 1 10 5 2 
6 12 8 9 5 7 3 -14 2 13 7 -2 7 -5 0 1 5 8 9 -8 
4 3 4 0 13 10 3 2 6 -6 6 2 -1 7 2 -3 3 6 5 14 
0 14 6 2 2 0 4 14 -9 8 9 -4 11 -1 -14 -1 -4 -5 13 0 
-8 6 1 -9 9 7 13 10 5 1 10 7 4 0 -14 6 2 -8 -8 14 
10 5 13 9 -4 1 -7 12 12 2 11 9 1 6 -11 8 -2 6 -2 3 
3 -2 6 -2 8 -11 6 1 9 11 2 12 12 -7 1 -4 9 13 5 10 
14 -8 -8 2 6 -14 0 4 7 10 1 5 10 13 7 9 -9 1 6 -8 
0 13 -5 -4 -1 -14 -1 11 -4 9 8 -9 14 4 0 2 2 6 14 0 
14 5 6 3 -3 2 7 -1 2 6 -6 6 2 3 10 13 0 4 3 4 
-8 9 8 5 1 0 -5 7 -2 7 13 2 -14 3 7 5 9 8 12 6 
2 5 10 1 11 -9 -3 -2 0 2 -6 4 -6 -3 6 1 11 1 -9 11 
-13 -6 13 8 7 -14 2 9 5 11 -8 2 7 5 -7 11 4 12 -10 13 
7 -6 1 8 4 7 9 5 12 5 13 10 -3 -1 1 7 -7 11 4 7 
5 -6 4 3 2 13 3 9 11 6 5 9 -9 12 -8 -5 8 11 14 -14 
11 13 10 12 12 1 11 11 -13 9 10 11 4 8 14 12 6 9 6 2 
30
1
18 0
1 19
0
0
