20 20
12 17 4 14 -2 11 -18 8 -14 13 -16 8 -12 10 9 -14 2 -7 17 8 
-14 12 -1 16 4 3 14 12 -18 12 12 3 6 6 17 7 -13 -7 15 13 
12 6 16 16 -5 14 7 2 7 12 13 -10 3 8 15 0 18 9 12 11 
12 13 3 10 17 8 5 11 -6 -1 6 6 15 13 2 16 4 4 13 5 
12 17 -3 3 1 6 7 12 18 8 14 1 9 18 7 14 6 15 -6 1 
1 -9 -4 17 4 6 3 15 5 18 7 3 9 2 -17 -6 11 5 1 4 
-7 10 17 12 12 1 -3 3 8 18 16 9 -1 17 8 16 7 11 0 15 
0 -18 0 8 0 5 -5 9 -11 -9 18 16 2 15 3 -10 -9 -8 -8 17 
1 15 -10 10 5 -7 9 11 10 -14 -13 -8 13 -12 12 7 -3 17 9 -6 
16 2 6 14 3 -4 12 12 -12 9 1 -3 8 -11 8 15 -7 5 -14 0 
0 -14 5 -7 15 8 -11 8 -3 1 9 -12 12 12 -4 3 14 6 2 16 
-6 9 17 -3 7 12 -12 13 -8 -13 -14 10 11 9 -7 5 10 -10 15 1 
17 -8 -8 -9 -10 3 15 2 16 18 -9 -11 9 -5 5 0 8 0 -18 0 
15 0 11 7 16 8 17 -1 9 16 18 8 3 -3 1 12 12 17 10 -7 
4 1 5 11 -6 -17 2 9 3 7 18 5 15 3 6 4 17 -4 -9 1 
1 -6 15 6 14 7 18 9 1 14 8 18 12 7 6 1 3 -3 17 12 
5 13 4 4 16 2 13 15 6 6 -1 -6 11 5 8 17 10 3 13 12 
11 12 9 18 0 15 8 3 -10 13 12 7 2 7 14 -5 16 16 6 12 
13 15 -7 -13 7 17 6 6 3 12 12 -18 12 14 3 4 16 -1 12 -14 
8 17 -7 2 -14 9 10 -12 8 -16 13 -14 8 -18 11 -2 14 4 17 12 
30
1
19 3
0 16
0
0
