20 20
2 -8 16 -9 3 16 2 12 15 -4 4 3 10 -11 1 6 8 11 11 7 
15 11 -6 -4 4 13 13 -16 -3 12 -12 2 -7 4 14 8 13 12 14 16 
4 15 2 10 12 -8 17 6 -2 -18 -10 12 17 -9 15 18 -6 11 -6 2 
-8 16 1 0 9 16 9 7 7 1 3 -13 12 18 15 -14 14 8 -8 14 
-11 15 -10 9 -7 2 12 14 5 17 -17 1 4 12 3 13 8 -2 13 13 
-15 7 -15 11 -4 17 18 -13 6 9 14 6 5 17 -3 9 17 4 8 16 
14 -15 15 -13 18 15 -8 -11 16 17 7 -2 -9 16 14 -8 8 16 -5 6 
17 8 8 17 -12 14 -15 17 -17 11 5 0 17 1 -10 -15 11 8 16 -4 
5 13 0 10 -6 15 10 17 2 -9 14 -4 4 13 -4 1 13 3 17 13 
7 5 4 14 3 18 -2 -4 16 9 -6 -12 16 18 -7 -6 16 18 15 -1 
-1 15 18 16 -6 -7 18 16 -12 -6 9 16 -4 -2 18 3 14 4 5 7 
13 17 3 13 1 -4 13 4 -4 14 -9 2 17 10 15 -6 10 0 13 5 
-4 16 8 11 -15 -10 1 17 0 5 11 -17 17 -15 14 -12 17 8 8 17 
6 -5 16 8 -8 14 16 -9 -2 7 17 16 -11 -8 15 18 -13 15 -15 14 
16 8 4 17 9 -3 17 5 6 14 9 6 -13 18 17 -4 11 -15 7 -15 
13 13 -2 8 13 3 12 4 1 -17 17 5 14 12 2 -7 9 -10 15 -11 
14 -8 8 14 -14 15 18 12 -13 3 1 7 7 9 16 9 0 1 16 -8 
2 -6 11 -6 18 15 -9 17 12 -10 -18 -2 6 17 -8 12 10 2 15 4 
16 14 12 13 8 14 4 -7 2 -12 12 -3 -16 13 13 4 -4 -6 11 15 
7 11 11 8 6 1 -11 10 3 4 -4 15 12 2 16 3 -9 16 -8 2 
30
1
0 12
19 7
0
0
