20 20
9 3 8 11 -5 11 16 23 16 27 30 11 8 8 4 -1 15 24 2 -6 
15 2 4 9 24 19 -15 -4 27 29 23 17 -26 21 7 26 -5 24 4 -19 
18 22 22 21 29 29 21 3 18 1 -12 -24 -1 -5 30 25 7 22 -20 25 
13 -26 27 30 4 5 -7 20 19 14 25 20 -6 4 7 24 -26 8 -23 20 
6 0 -18 10 23 14 -7 15 16 -23 22 -15 -20 2 25 28 18 24 12 22 
25 -3 23 24 24 27 21 -27 28 13 3 29 24 7 -21 19 24 -13 0 -9 
6 8 -15 -6 23 30 9 30 20 11 11 29 16 30 -10 13 2 -3 -16 23 
14 24 27 17 4 10 -19 -23 1 13 20 -13 26 20 8 19 18 0 -24 11 
28 2 10 16 11 -14 -10 1 27 11 14 15 17 25 17 26 12 8 19 15 
12 7 -12 0 3 22 19 28 2 19 28 13 29 24 20 7 -13 2 -11 -10 
-10 -11 2 -13 7 20 24 29 13 28 19 2 28 19 22 3 0 -12 7 12 
15 19 8 12 26 17 25 17 15 14 11 27 1 -10 -14 11 16 10 2 28 
11 -24 0 18 19 8 20 26 -13 20 13 1 -23 -19 10 4 17 27 24 14 
23 -16 -3 2 13 -10 30 16 29 11 11 20 30 9 30 23 -6 -15 8 6 
-9 0 -13 24 19 -21 7 24 29 3 13 28 -27 21 27 24 24 23 -3 25 
22 12 24 18 28 25 2 -20 -15 22 -23 16 15 -7 14 23 10 -18 0 6 
20 -23 8 -26 24 7 4 -6 20 25 14 19 20 -7 5 4 30 27 -26 13 
25 -20 22 7 25 30 -5 -1 -24 -12 1 18 3 21 29 29 21 22 22 18 
-19 4 24 -5 26 7 21 -26 17 23 29 27 -4 -15 19 24 9 4 2 15 
-6 2 24 15 -1 4 8 8 11 30 27 16 23 16 11 -5 11 8 3 9 
30
1
15 8
4 11
0
0
