20 20
-15 16 10 9 1 6 16 -11 3 -13 4 2 11 9 0 2 8 -4 -5 2 
15 -13 10 9 5 0 20 2 14 5 -1 11 15 0 -21 -8 15 10 16 -19 
-10 21 18 12 15 -12 1 7 -18 5 13 13 -19 11 4 20 0 17 19 -13 
13 1 13 -21 7 14 14 -20 17 21 -19 4 16 10 -9 4 -9 -15 14 20 
-14 4 -17 -1 11 -20 16 12 13 18 -13 -12 7 -14 3 10 3 -14 9 13 
1 5 20 17 -12 3 7 -2 14 14 14 13 -7 20 4 6 3 3 10 15 
-14 9 6 20 7 10 -13 5 19 19 12 -6 9 12 -18 -20 -14 3 -19 11 
11 19 4 9 2 9 7 -15 19 5 20 -14 -18 11 19 8 2 5 10 0 
-13 18 4 2 14 -6 10 3 11 -11 7 8 0 -12 14 -15 16 18 13 11 
16 21 9 -16 21 3 18 8 -3 5 18 -20 17 14 -5 9 2 -3 0 16 
16 0 -3 2 9 -5 14 17 -20 18 5 -3 8 18 3 21 -16 9 21 16 
11 13 18 16 -15 14 -12 0 8 7 -11 11 3 10 -6 14 2 4 18 -13 
0 10 5 2 8 19 11 -18 -14 20 5 19 -15 7 9 2 9 4 19 11 
11 -19 3 -14 -20 -18 12 9 -6 12 19 19 5 -13 10 7 20 6 9 -14 
15 10 3 3 6 4 20 -7 13 14 14 14 -2 7 3 -12 17 20 5 1 
13 9 -14 3 10 3 -14 7 -12 -13 18 13 12 16 -20 11 -1 -17 4 -14 
20 14 -15 -9 4 -9 10 16 4 -19 21 17 -20 14 14 7 -21 13 1 13 
-13 19 17 0 20 4 11 -19 13 13 5 -18 7 1 -12 15 12 18 21 -10 
-19 16 10 15 -8 -21 0 15 11 -1 5 14 2 20 0 5 9 10 -13 15 
2 -5 -4 8 2 0 9 11 2 4 -13 3 -11 16 6 1 9 10 16 -15 
30
1
12 3
7 16
0
0
