20 20
-11 23 10 -21 24 7 12 2 21 11 21 12 24 12 3 10 13 17 1 -20 
9 14 20 3 1 21 10 1 5 23 17 -20 11 20 18 2 -2 -8 -7 -19 
-6 13 20 18 9 -1 -17 -13 13 14 18 -22 19 14 1 17 -19 2 8 12 
0 4 1 -13 -8 3 9 2 -1 -10 21 9 16 18 -21 1 -20 6 22 0 
-19 13 -13 20 24 -15 11 -16 -17 17 -15 19 -5 22 10 -6 22 -20 15 24 
-10 1 11 22 -14 -21 13 21 16 -7 -24 -3 17 9 -13 -5 3 23 -22 10 
5 -13 9 19 20 15 20 20 4 -2 12 17 -10 3 9 6 12 17 4 5 
4 16 13 11 -21 23 21 11 -20 -14 5 23 7 15 8 18 3 -21 3 3 
20 10 23 23 -17 5 9 11 -13 14 -24 -14 -20 20 12 2 -13 1 20 2 
20 15 19 8 13 7 12 13 -23 21 2 8 17 -4 14 13 15 -19 15 9 
9 15 -19 15 13 14 -4 17 8 2 21 -23 13 12 7 13 8 19 15 20 
2 20 1 -13 2 12 20 -20 -14 -24 14 -13 11 9 5 -17 23 23 10 20 
3 3 -21 3 18 8 15 7 23 5 -14 -20 11 21 23 -21 11 13 16 4 
5 4 17 12 6 9 3 -10 17 12 -2 4 20 20 15 20 19 9 -13 5 
10 -22 23 3 -5 -13 9 17 -3 -24 -7 16 21 13 -21 -14 22 11 1 -10 
24 15 -20 22 -6 10 22 -5 19 -15 17 -17 -16 11 -15 24 20 -13 13 -19 
0 22 6 -20 1 -21 18 16 9 21 -10 -1 2 9 3 -8 -13 1 4 0 
12 8 2 -19 17 1 14 19 -22 18 14 13 -13 -17 -1 9 18 20 13 -6 
-19 -7 -8 -2 2 18 20 11 -20 17 23 5 1 10 21 1 3 20 14 9 
-20 1 17 13 10 3 12 24 12 21 11 21 2 12 7 24 -21 10 23 -11 
30
1
11 4
8 15
0
0
