20 20
1 -26 28 25 19 6 19 9 2 13 3 29 6 -28 10 -2 8 9 -11 22 
8 18 8 15 4 9 16 1 27 2 26 -23 18 12 -12 10 -29 7 26 11 
-15 -27 26 19 14 9 29 16 14 10 27 -3 -23 22 -21 -27 17 11 -23 16 
10 1 29 1 18 5 15 7 16 -15 -23 1 24 24 -6 -2 21 18 10 -24 
-3 25 15 -19 19 -1 27 8 24 7 5 12 5 5 29 29 25 13 28 -17 
-4 20 17 16 28 -12 22 10 5 22 -27 -23 7 4 17 10 6 -25 -21 -4 
15 -15 -8 13 26 20 9 18 16 17 9 -5 2 17 -15 25 10 -21 8 -25 
1 19 7 -2 18 0 -4 -5 5 7 10 20 3 6 18 1 15 10 25 -10 
3 11 -2 15 -3 20 -20 5 -20 -26 9 19 17 28 17 -24 11 -21 11 -8 
-23 6 4 -22 26 28 5 15 12 25 -8 -25 2 -10 6 -8 3 22 24 27 
27 24 22 3 -8 6 -10 2 -25 -8 25 12 15 5 28 26 -22 4 6 -23 
-8 11 -21 11 -24 17 28 17 19 9 -26 -20 5 -20 20 -3 15 -2 11 3 
-10 25 10 15 1 18 6 3 20 10 7 5 -5 -4 0 18 -2 7 19 1 
-25 8 -21 10 25 -15 17 2 -5 9 17 16 18 9 20 26 13 -8 -15 15 
-4 -21 -25 6 10 17 4 7 -23 -27 22 5 10 22 -12 28 16 17 20 -4 
-17 28 13 25 29 29 5 5 12 5 7 24 8 27 -1 19 -19 15 25 -3 
-24 10 18 21 -2 -6 24 24 1 -23 -15 16 7 15 5 18 1 29 1 10 
16 -23 11 17 -27 -21 22 -23 -3 27 10 14 16 29 9 14 19 26 -27 -15 
11 26 7 -29 10 -12 12 18 -23 26 2 27 1 16 9 4 15 8 18 8 
22 -11 9 8 -2 10 -28 6 29 3 13 2 9 19 6 19 25 28 -26 1 
30
1
17 16
2 3
0
0
