20 20
-17 16 12 -14 -3 7 13 6 2 11 9 10 4 -12 -3 14 13 16 3 16 
-16 12 -1 6 -6 -16 2 6 0 12 11 16 8 4 14 -16 4 15 -17 9 
-7 -13 5 17 17 6 -1 1 -1 0 12 9 4 3 17 10 3 13 -2 6 
-10 -13 -14 -6 17 6 10 -3 15 -3 10 1 7 -9 15 -9 8 -13 3 4 
17 -8 8 1 4 -2 -8 10 11 10 7 -15 6 9 -7 4 13 2 15 -12 
-9 8 14 0 -12 10 1 10 -14 12 4 -1 9 16 15 2 -2 3 -11 7 
3 16 -17 5 0 17 11 13 2 -10 4 -16 8 16 1 -5 2 9 5 15 
14 8 2 0 11 11 6 14 -14 13 8 -1 11 -5 -1 12 11 -8 1 6 
15 8 10 13 5 -12 -1 -17 -5 -14 6 1 9 8 9 16 14 9 11 5 
-15 9 14 7 8 1 9 -5 12 16 13 1 16 -6 16 9 7 5 1 -5 
-5 1 5 7 9 16 -6 16 1 13 16 12 -5 9 1 8 7 14 9 -15 
5 11 9 14 16 9 8 9 1 6 -14 -5 -17 -1 -12 5 13 10 8 15 
6 1 -8 11 12 -1 -5 11 -1 8 13 -14 14 6 11 11 0 2 8 14 
15 5 9 2 -5 1 16 8 -16 4 -10 2 13 11 17 0 5 -17 16 3 
7 -11 3 -2 2 15 16 9 -1 4 12 -14 10 1 10 -12 0 14 8 -9 
-12 15 2 13 4 -7 9 6 -15 7 10 11 10 -8 -2 4 1 8 -8 17 
4 3 -13 8 -9 15 -9 7 1 10 -3 15 -3 10 6 17 -6 -14 -13 -10 
6 -2 13 3 10 17 3 4 9 12 0 -1 1 -1 6 17 17 5 -13 -7 
9 -17 15 4 -16 14 4 8 16 11 12 0 6 2 -16 -6 6 -1 12 -16 
16 3 16 13 14 -3 -12 4 10 9 11 2 6 13 7 -3 -14 12 16 -17 
30
1
10 3
9 16
0
0
