20 20
12 17 6 6 15 6 19 -4 -20 19 4 0 -4 10 -11 3 17 -5 1 -19 
-13 8 16 9 8 3 14 18 1 4 18 19 -12 -18 9 -13 12 12 4 4 
16 10 -14 11 8 1 4 5 -1 16 2 -6 12 4 17 5 3 0 7 -20 
4 -10 13 11 10 5 13 -15 18 -10 4 0 -15 8 10 20 18 1 1 -17 
0 17 1 14 -5 13 6 5 15 17 19 -10 6 6 10 -5 6 3 12 9 
15 20 14 6 14 19 1 10 19 1 -10 -19 20 9 4 16 -13 -8 2 -10 
4 11 19 3 13 18 -4 12 20 19 9 -16 19 11 -9 12 -19 1 11 6 
7 5 -12 5 14 2 20 20 14 13 2 13 18 -3 4 10 17 0 19 7 
7 -2 18 14 1 7 2 13 12 -16 19 2 3 -3 3 8 7 12 20 -1 
-7 11 1 16 20 -20 0 13 16 -20 -17 -10 -3 17 -16 20 4 11 6 1 
1 6 11 4 20 -16 17 -3 -10 -17 -20 16 13 0 -20 20 16 1 11 -7 
-1 20 12 7 8 3 -3 3 2 19 -16 12 13 2 7 1 14 18 -2 7 
7 19 0 17 10 4 -3 18 13 2 13 14 20 20 2 14 5 -12 5 7 
6 11 1 -19 12 -9 11 19 -16 9 19 20 12 -4 18 13 3 19 11 4 
-10 2 -8 -13 16 4 9 20 -19 -10 1 19 10 1 19 14 6 14 20 15 
9 12 3 6 -5 10 6 6 -10 19 17 15 5 6 13 -5 14 1 17 0 
-17 1 1 18 20 10 8 -15 0 4 -10 18 -15 13 5 10 11 13 -10 4 
-20 7 0 3 5 17 4 12 -6 2 16 -1 5 4 1 8 11 -14 10 16 
4 4 12 12 -13 9 -18 -12 19 18 4 1 18 14 3 8 9 16 8 -13 
-19 1 -5 17 3 -11 10 -4 0 4 19 -20 -4 19 6 15 6 6 17 12 
30
1
5 19
14 0
0
0
