20 20
-7 1 -12 -7 6 13 8 6 1 10 15 5 15 -8 11 10 5 11 14 12 
9 -10 -13 14 6 15 1 15 15 15 2 6 4 -5 4 -6 2 11 14 13 
1 11 2 -10 12 3 -15 -5 14 13 8 14 2 12 10 -5 3 0 6 3 
-6 12 10 10 6 -9 2 -3 -15 0 3 2 0 7 4 -12 3 9 -15 -1 
3 15 13 -14 13 1 13 13 -10 -3 8 14 8 -10 -12 10 -3 -15 -11 9 
10 7 0 12 4 8 15 10 12 7 6 13 -5 3 -14 11 9 9 9 -12 
-15 -14 -4 -6 11 4 12 -4 5 -7 8 14 5 1 9 15 8 -9 -2 11 
-15 7 13 3 11 2 9 5 -7 9 15 10 1 -14 -4 9 -11 6 -10 -8 
-9 1 12 6 4 -3 1 1 -3 12 1 7 15 3 -7 0 -13 6 4 11 
12 -7 9 15 5 6 9 2 12 -9 4 -8 -11 15 5 3 14 12 13 7 
7 13 12 14 3 5 15 -11 -8 4 -9 12 2 9 6 5 15 9 -7 12 
11 4 6 -13 0 -7 3 15 7 1 12 -3 1 1 -3 4 6 12 1 -9 
-8 -10 6 -11 9 -4 -14 1 10 15 9 -7 5 9 2 11 3 13 7 -15 
11 -2 -9 8 15 9 1 5 14 8 -7 5 -4 12 4 11 -6 -4 -14 -15 
-12 9 9 9 11 -14 3 -5 13 6 7 12 10 15 8 4 12 0 7 10 
9 -11 -15 -3 10 -12 -10 8 14 8 -3 -10 13 13 1 13 -14 13 15 3 
-1 -15 9 3 -12 4 7 0 2 3 0 -15 -3 2 -9 6 10 10 12 -6 
3 6 0 3 -5 10 12 2 14 8 13 14 -5 -15 3 12 -10 2 11 1 
13 14 11 2 -6 4 -5 4 6 2 15 15 15 1 15 6 14 -13 -10 9 
12 14 11 5 10 11 -8 15 5 15 10 1 6 8 13 6 -7 -12 1 -7 
30
1
4 9
15 10
0
0
