20 20
0 3 3 2 0 10 7 -3 10 1 1 -7 10 -9 1 7 7 0 9 2 
8 5 10 9 -5 6 1 3 -10 6 6 5 2 1 -5 3 0 10 2 -4 
7 5 1 6 1 1 7 1 -9 8 9 2 9 -3 7 4 3 -6 5 -9 
9 9 5 -7 10 5 5 -2 3 3 -6 5 2 0 -6 4 9 6 4 6 
5 6 3 10 4 7 2 2 9 -6 1 5 3 3 4 -10 8 6 2 10 
9 1 0 5 6 -1 2 5 0 6 5 7 0 9 -2 2 0 6 4 4 
7 1 1 6 9 5 -1 9 10 5 -9 -5 4 -8 8 4 6 6 9 3 
0 9 -2 2 7 4 4 2 2 1 -4 7 10 8 7 -2 1 5 4 7 
3 0 9 1 8 7 -9 9 0 8 -8 5 1 3 0 2 -3 9 8 1 
3 8 8 1 5 4 2 -5 9 0 7 -4 -4 0 8 6 10 1 3 8 
8 3 1 10 6 8 0 -4 -4 7 0 9 -5 2 4 5 1 8 8 3 
1 8 9 -3 2 0 3 1 5 -8 8 0 9 -9 7 8 1 9 0 3 
7 4 5 1 -2 7 8 10 7 -4 1 2 2 4 4 7 2 -2 9 0 
3 9 6 6 4 8 -8 4 -5 -9 5 10 9 -1 5 9 6 1 1 7 
4 4 6 0 2 -2 9 0 7 5 6 0 5 2 -1 6 5 0 1 9 
10 2 6 8 -10 4 3 3 5 1 -6 9 2 2 7 4 10 3 6 5 
6 4 6 9 4 -6 0 2 5 -6 3 3 -2 5 5 10 -7 5 9 9 
-9 5 -6 3 4 7 -3 9 2 9 8 -9 1 7 1 1 6 1 5 7 
-4 2 10 0 3 -5 1 2 5 6 6 -10 3 1 6 -5 9 10 5 8 
2 9 0 7 7 1 -9 10 -7 1 1 10 -3 7 10 0 2 3 3 0 
30
1
5 2
14 17
0
0
