20 20
13 8 12 21 5 -8 -11 20 5 -5 20 4 4 9 -16 8 15 18 17 1 
3 -14 -21 1 18 19 8 17 2 8 13 7 19 12 -17 -10 5 18 7 -6 
9 -1 20 7 20 -10 9 6 12 0 -14 11 20 14 -4 3 10 16 10 6 
7 -13 2 -21 8 -6 8 10 20 10 -13 6 18 8 -21 5 20 12 16 3 
18 7 -5 17 20 3 5 12 19 17 9 4 19 -20 0 3 8 -10 2 6 
8 5 5 1 -1 13 16 12 1 13 -20 19 10 6 12 7 15 -7 -4 -14 
5 18 2 -9 6 11 11 4 -3 -17 15 9 -1 9 20 1 8 0 12 -20 
16 12 9 -14 9 19 20 7 19 10 10 4 10 -3 -9 10 21 11 17 -2 
17 18 -20 0 7 17 15 12 17 13 17 16 -4 21 12 2 10 6 -1 4 
13 18 -12 17 9 1 -11 12 13 15 17 13 13 -13 16 5 6 12 15 10 
10 15 12 6 5 16 -13 13 13 17 15 13 12 -11 1 9 17 -12 18 13 
4 -1 6 10 2 12 21 -4 16 17 13 17 12 15 17 7 0 -20 18 17 
-2 17 11 21 10 -9 -3 10 4 10 10 19 7 20 19 9 -14 9 12 16 
-20 12 0 8 1 20 9 -1 9 15 -17 -3 4 11 11 6 -9 2 18 5 
-14 -4 -7 15 7 12 6 10 19 -20 13 1 12 16 13 -1 1 5 5 8 
6 2 -10 8 3 0 -20 19 4 9 17 19 12 5 3 20 17 -5 7 18 
3 16 12 20 5 -21 8 18 6 -13 10 20 10 8 -6 8 -21 2 -13 7 
6 10 16 10 3 -4 14 20 11 -14 0 12 6 9 -10 20 7 20 -1 9 
-6 7 18 5 -10 -17 12 19 7 13 8 2 17 8 19 18 1 -21 -14 3 
1 17 18 15 8 -16 9 4 4 20 -5 5 20 -11 -8 5 21 12 8 13 
30
1
19 14
0 5
0
0
