20 20
-2 1 -8 -9 8 9 10 9 5 -9 11 6 -2 -4 -4 14 -1 1 -5 3 
-2 10 0 9 -14 6 14 8 13 7 -1 14 -2 6 9 -9 7 -3 11 7 
9 10 -13 8 14 -10 12 6 3 -8 5 -8 13 -13 -8 4 10 3 3 7 
5 5 10 -3 14 5 8 11 -6 -1 9 5 13 5 10 10 -1 10 9 -13 
4 0 11 6 4 11 8 -12 1 13 2 -14 11 1 2 8 4 -5 6 1 
9 1 6 12 8 12 7 7 10 14 8 -12 6 5 -6 10 6 -5 -2 1 
11 13 13 9 2 10 -4 13 -5 12 5 1 13 3 -10 5 14 13 -12 0 
1 10 7 13 5 -5 14 -8 9 -2 10 3 12 12 12 6 -5 -7 10 1 
13 0 10 4 12 11 11 -10 1 6 9 -11 2 5 4 6 -3 1 11 3 
4 6 0 4 5 -2 9 -6 -3 -11 -1 11 5 4 2 5 11 -3 -10 -6 
-6 -10 -3 11 5 2 4 5 11 -1 -11 -3 -6 9 -2 5 4 0 6 4 
3 11 1 -3 6 4 5 2 -11 9 6 1 -10 11 11 12 4 10 0 13 
1 10 -7 -5 6 12 12 12 3 10 -2 9 -8 14 -5 5 13 7 10 1 
0 -12 13 14 5 -10 3 13 1 5 12 -5 13 -4 10 2 9 13 13 11 
1 -2 -5 6 10 -6 5 6 -12 8 14 10 7 7 12 8 12 6 1 9 
1 6 -5 4 8 2 1 11 -14 2 13 1 -12 8 11 4 6 11 0 4 
-13 9 10 -1 10 10 5 13 5 9 -1 -6 11 8 5 14 -3 10 5 5 
7 3 3 10 4 -8 -13 13 -8 5 -8 3 6 12 -10 14 8 -13 10 9 
7 11 -3 7 -9 9 6 -2 14 -1 7 13 8 14 6 -14 9 0 10 -2 
3 -5 1 -1 14 -4 -4 -2 6 11 -9 5 9 10 9 8 -9 -8 1 -2 
30
1
11 0
8 19
0
0
