20 20
17 -14 13 12 -12 6 15 19 17 11 7 18 11 13 4 13 -13 6 16 -14 
6 6 15 -5 14 16 4 6 14 -4 16 6 -3 4 -15 17 -16 3 7 13 
-9 10 8 7 6 -10 -4 7 -10 13 -2 1 5 17 16 19 5 -15 19 1 
19 4 14 7 7 9 1 10 2 -18 0 -4 9 11 18 9 11 6 10 6 
6 9 -18 5 -17 12 6 4 7 19 -8 -7 -12 11 -10 -2 10 13 12 -10 
10 -6 -6 19 17 2 15 -18 1 17 -16 8 -17 1 -3 7 7 6 -8 15 
4 19 7 5 6 17 10 5 8 17 4 17 -4 -4 5 12 8 5 8 7 
15 14 3 1 12 18 10 10 5 18 9 12 1 -19 -3 6 -14 19 14 -18 
-10 0 10 -3 -14 4 18 17 12 18 0 6 0 -3 13 13 18 2 0 -19 
0 -17 12 8 -6 5 7 4 14 6 12 7 -17 -6 1 16 -19 5 10 11 
11 10 5 -19 16 1 -6 -17 7 12 6 14 4 7 5 -6 8 12 -17 0 
-19 0 2 18 13 13 -3 0 6 0 18 12 17 18 4 -14 -3 10 0 -10 
-18 14 19 -14 6 -3 -19 1 12 9 18 5 10 10 18 12 1 3 14 15 
7 8 5 8 12 5 -4 -4 17 4 17 8 5 10 17 6 5 7 19 4 
15 -8 6 7 7 -3 1 -17 8 -16 17 1 -18 15 2 17 19 -6 -6 10 
-10 12 13 10 -2 -10 11 -12 -7 -8 19 7 4 6 12 -17 5 -18 9 6 
6 10 6 11 9 18 11 9 -4 0 -18 2 10 1 9 7 7 14 4 19 
1 19 -15 5 19 16 17 5 1 -2 13 -10 7 -4 -10 6 7 8 10 -9 
13 7 3 -16 17 -15 4 -3 6 16 -4 14 6 4 16 14 -5 15 6 6 
-14 16 6 -13 13 4 13 11 18 7 11 17 19 15 6 -12 12 13 -14 17 
30
1
8 4
11 15
0
0
