20 20
13 17 24 -8 7 -20 -9 19 10 17 -24 27 8 -26 3 18 -7 10 17 7 
20 18 15 4 12 6 2 19 17 -26 13 3 5 10 -25 14 25 18 18 1 
25 18 9 27 16 4 6 10 1 -19 24 1 2 -16 -13 -13 6 4 17 -7 
-20 7 27 5 25 13 18 -2 -19 26 19 22 27 18 -1 25 21 7 5 20 
-20 -1 1 13 21 3 18 17 24 13 10 15 -9 26 -5 2 20 -20 18 25 
13 16 14 5 22 4 13 21 19 3 8 20 8 -23 2 3 16 14 5 10 
14 -7 14 2 8 17 3 -17 15 14 -17 19 17 3 -24 13 -9 13 21 15 
19 20 -20 -13 -12 10 8 -5 26 25 9 -4 16 12 25 23 25 15 8 -22 
6 12 2 17 20 1 12 8 -25 -9 4 18 13 22 5 -25 19 20 -14 9 
-27 26 18 17 10 5 6 15 22 9 11 4 9 17 26 15 21 6 -10 -5 
-5 -10 6 21 15 26 17 9 4 11 9 22 15 6 5 10 17 18 26 -27 
9 -14 20 19 -25 5 22 13 18 4 -9 -25 8 12 1 20 17 2 12 6 
-22 8 15 25 23 25 12 16 -4 9 25 26 -5 8 10 -12 -13 -20 20 19 
15 21 13 -9 13 -24 3 17 19 -17 14 15 -17 3 17 8 2 14 -7 14 
10 5 14 16 3 2 -23 8 20 8 3 19 21 13 4 22 5 14 16 13 
25 18 -20 20 2 -5 26 -9 15 10 13 24 17 18 3 21 13 1 -1 -20 
20 5 7 21 25 -1 18 27 22 19 26 -19 -2 18 13 25 5 27 7 -20 
-7 17 4 6 -13 -13 -16 2 1 24 -19 1 10 6 4 16 27 9 18 25 
1 18 18 25 14 -25 10 5 3 13 -26 17 19 2 6 12 4 15 18 20 
7 17 10 -7 18 3 -26 8 27 -24 17 10 19 -9 -20 7 -8 24 17 13 
30
1
3 6
16 13
0
0
