20 20
-9 -2 11 -5 -9 6 11 -8 -4 -1 5 8 12 9 6 12 8 5 8 -6 
6 12 3 2 2 0 13 6 9 7 2 9 10 10 -11 11 2 0 -9 12 
12 8 7 8 10 11 7 -5 5 0 5 12 -11 -7 -9 12 11 12 10 11 
10 6 -2 9 5 4 -12 3 -9 12 4 8 3 5 11 5 7 -12 8 4 
8 13 5 10 -12 6 -5 12 5 10 5 -1 8 1 10 13 7 -6 5 12 
12 6 4 -1 -5 8 3 9 8 11 12 1 6 12 0 1 5 4 5 13 
13 13 0 2 2 -4 7 0 -2 4 9 -2 8 -3 -10 -12 -5 -7 6 8 
10 2 11 0 7 -7 1 12 13 2 8 -9 2 6 1 13 10 3 9 6 
-12 4 -5 3 4 6 1 8 -4 4 12 -8 3 11 4 8 -3 -6 -8 -4 
7 1 -10 9 5 4 2 7 3 -3 8 5 -11 10 -5 1 0 -10 13 -11 
-11 13 -10 0 1 -5 10 -11 5 8 -3 3 7 2 4 5 9 -10 1 7 
-4 -8 -6 -3 8 4 11 3 -8 12 4 -4 8 1 6 4 3 -5 4 -12 
6 9 3 10 13 1 6 2 -9 8 2 13 12 1 -7 7 0 11 2 10 
8 6 -7 -5 -12 -10 -3 8 -2 9 4 -2 0 7 -4 2 2 0 13 13 
13 5 4 5 1 0 12 6 1 12 11 8 9 3 8 -5 -1 4 6 12 
12 5 -6 7 13 10 1 8 -1 5 10 5 12 -5 6 -12 10 5 13 8 
4 8 -12 7 5 11 5 3 8 4 12 -9 3 -12 4 5 9 -2 6 10 
11 10 12 11 12 -9 -7 -11 12 5 0 5 -5 7 11 10 8 7 8 12 
12 -9 0 2 11 -11 10 10 9 2 7 9 6 13 0 2 2 3 12 6 
-6 8 5 8 12 6 9 12 8 5 -1 -4 -8 11 6 -9 -5 11 -2 -9 
30
1
15 10
4 9
0
0
