20 20
5 29 28 19 15 21 -7 15 5 19 16 22 3 -24 14 -13 24 9 -16 -10 
7 6 24 20 -4 14 16 4 17 -21 -2 27 23 -7 -12 -5 15 14 26 17 
11 18 6 8 8 5 -12 26 22 -3 -18 9 -28 2 -26 -10 -16 -15 -23 28 
6 25 12 16 0 -20 -25 -4 3 4 9 26 -15 -27 -29 1 19 8 -20 5 
-21 13 20 24 -3 15 4 17 16 6 23 8 24 6 7 27 18 -6 21 24 
25 21 10 23 15 -12 11 9 19 10 21 -27 10 21 16 18 10 2 13 29 
15 29 6 21 27 3 17 -18 25 16 6 -15 21 14 25 24 10 20 6 -22 
-17 26 3 19 19 -25 7 -14 3 -5 -4 19 11 19 22 21 28 28 28 4 
28 -9 10 12 25 24 4 26 -21 8 1 -18 -25 29 -7 -12 29 11 16 24 
27 -18 4 27 19 -10 -24 3 -8 -6 1 22 18 9 22 3 7 6 3 28 
28 3 6 7 3 22 9 18 22 1 -6 -8 3 -24 -10 19 27 4 -18 27 
24 16 11 29 -12 -7 29 -25 -18 1 8 -21 26 4 24 25 12 10 -9 28 
4 28 28 28 21 22 19 11 19 -4 -5 3 -14 7 -25 19 19 3 26 -17 
-22 6 20 10 24 25 14 21 -15 6 16 25 -18 17 3 27 21 6 29 15 
29 13 2 10 18 16 21 10 -27 21 10 19 9 11 -12 15 23 10 21 25 
24 21 -6 18 27 7 6 24 8 23 6 16 17 4 15 -3 24 20 13 -21 
5 -20 8 19 1 -29 -27 -15 26 9 4 3 -4 -25 -20 0 16 12 25 6 
28 -23 -15 -16 -10 -26 2 -28 9 -18 -3 22 26 -12 5 8 8 6 18 11 
17 26 14 15 -5 -12 -7 23 27 -2 -21 17 4 16 14 -4 20 24 6 7 
-10 -16 9 24 -13 14 -24 3 22 16 19 5 15 -7 21 15 19 28 29 5 
30
1
12 5
7 14
0
0
