20 20
8 2 11 -2 0 18 13 6 6 -13 7 -16 -11 16 11 15 19 12 16 -18 
14 9 -21 -20 3 -18 5 3 2 18 12 7 13 -1 3 10 18 2 5 14 
5 0 0 17 12 10 -5 17 9 -2 1 13 20 4 2 15 17 13 10 1 
17 13 18 13 16 12 4 19 9 3 2 4 16 18 2 5 10 4 14 11 
13 19 -3 10 -2 -4 20 2 2 -11 -19 10 14 18 16 -7 -9 16 3 1 
15 -12 5 0 2 7 20 11 20 16 -5 5 -17 4 12 4 -5 7 6 8 
-8 19 -1 -13 3 6 6 8 1 -2 20 -18 15 11 -11 18 21 20 15 16 
2 9 13 -16 -4 3 4 13 5 15 3 10 9 9 12 15 9 -13 -6 7 
15 -19 1 10 17 12 11 13 16 8 20 5 2 1 17 3 2 21 7 19 
8 14 4 16 17 10 4 0 -18 -1 16 17 9 20 2 -19 13 6 -7 7 
7 -7 6 13 -19 2 20 9 17 16 -1 -18 0 4 10 17 16 4 14 8 
19 7 21 2 3 17 1 2 5 20 8 16 13 11 12 17 10 1 -19 15 
7 -6 -13 9 15 12 9 9 10 3 15 5 13 4 3 -4 -16 13 9 2 
16 15 20 21 18 -11 11 15 -18 20 -2 1 8 6 6 3 -13 -1 19 -8 
8 6 7 -5 4 12 4 -17 5 -5 16 20 11 20 7 2 0 5 -12 15 
1 3 16 -9 -7 16 18 14 10 -19 -11 2 2 20 -4 -2 10 -3 19 13 
11 14 4 10 5 2 18 16 4 2 3 9 19 4 12 16 13 18 13 17 
1 10 13 17 15 2 4 20 13 1 -2 9 17 -5 10 12 17 0 0 5 
14 5 2 18 10 3 -1 13 7 12 18 2 3 5 -18 3 -20 -21 9 14 
-18 16 12 19 15 11 16 -11 -16 7 -13 6 6 13 18 0 -2 11 2 8 
30
1
17 10
2 9
0
0
