20 20
-19 3 15 -15 16 11 4 9 9 4 6 8 14 4 -15 10 -18 3 11 1 
-16 12 15 15 -11 1 14 6 18 1 19 -1 17 3 5 16 0 -10 10 10 
10 10 15 1 -12 -2 -7 20 -13 3 5 16 15 1 2 12 -13 9 -7 -16 
19 1 -16 20 -16 3 15 -6 -3 9 -9 4 5 8 -4 11 -16 18 -7 16 
5 13 7 20 12 20 -17 5 -15 -17 4 5 2 8 8 -11 7 17 -16 13 
12 4 17 16 10 6 14 0 15 4 13 -10 7 -17 9 7 20 15 14 -7 
-19 3 -5 20 20 -15 -1 0 1 10 12 17 19 5 -4 -9 19 9 -6 11 
7 6 4 4 -20 4 13 16 -19 3 14 16 3 16 20 1 -16 -9 5 -11 
-10 9 10 -11 9 -3 -12 9 -15 11 17 2 -9 15 -18 -3 18 -18 8 12 
16 12 -14 12 15 7 10 17 -10 2 3 20 9 6 19 -17 -5 -6 20 -20 
-20 20 -6 -5 -17 19 6 9 20 3 2 -10 17 10 7 15 12 -14 12 16 
12 8 -18 18 -3 -18 15 -9 2 17 11 -15 9 -12 -3 9 -11 10 9 -10 
-11 5 -9 -16 1 20 16 3 16 14 3 -19 16 13 4 -20 4 4 6 7 
11 -6 9 19 -9 -4 5 19 17 12 10 1 0 -1 -15 20 20 -5 3 -19 
-7 14 15 20 7 9 -17 7 -10 13 4 15 0 14 6 10 16 17 4 12 
13 -16 17 7 -11 8 8 2 5 4 -17 -15 5 -17 20 12 20 7 13 5 
16 -7 18 -16 11 -4 8 5 4 -9 9 -3 -6 15 3 -16 20 -16 1 19 
-16 -7 9 -13 12 2 1 15 16 5 3 -13 20 -7 -2 -12 1 15 10 10 
10 10 -10 0 16 5 3 17 -1 19 1 18 6 14 1 -11 15 15 12 -16 
1 11 3 -18 10 -15 4 14 8 6 4 9 9 4 11 16 -15 15 3 -19 
30
1
15 4
4 15
0
0
