20 20
14 8 2 -23 -22 21 7 23 -10 19 19 8 -2 9 17 16 -24 -10 4 10 
12 19 10 20 1 4 2 -6 9 9 21 5 17 -18 23 17 3 17 22 24 
17 -22 23 -13 22 5 -4 -11 18 -10 -4 22 9 5 1 13 16 6 2 19 
-19 -20 -2 11 18 18 18 1 -18 17 23 3 18 24 14 13 0 2 3 2 
8 -16 17 2 12 1 16 17 4 10 13 9 -23 14 3 23 14 -21 10 4 
16 8 1 -17 13 18 3 15 15 8 7 11 2 23 21 19 23 10 3 19 
19 -1 24 19 3 -24 9 1 23 20 15 -15 23 -6 7 16 2 1 3 9 
11 -19 11 13 -3 8 -16 -10 21 15 -5 8 14 -12 20 4 9 12 6 13 
-11 22 -8 6 -14 9 24 6 1 -11 9 12 -16 15 -15 7 15 22 20 15 
14 23 5 1 23 10 21 15 13 12 23 10 5 21 -13 11 16 -24 22 -9 
-9 22 -24 16 11 -13 21 5 10 23 12 13 15 21 10 23 1 5 23 14 
15 20 22 15 7 -15 15 -16 12 9 -11 1 6 24 9 -14 6 -8 22 -11 
13 6 12 9 4 20 -12 14 8 -5 15 21 -10 -16 8 -3 13 11 -19 11 
9 3 1 2 16 7 -6 23 -15 15 20 23 1 9 -24 3 19 24 -1 19 
19 3 10 23 19 21 23 2 11 7 8 15 15 3 18 13 -17 1 8 16 
4 10 -21 14 23 3 14 -23 9 13 10 4 17 16 1 12 2 17 -16 8 
2 3 2 0 13 14 24 18 3 23 17 -18 1 18 18 18 11 -2 -20 -19 
19 2 6 16 13 1 5 9 22 -4 -10 18 -11 -4 5 22 -13 23 -22 17 
24 22 17 3 17 23 -18 17 5 21 9 9 -6 2 4 1 20 10 19 12 
10 4 -10 -24 16 17 9 -2 8 19 19 -10 23 7 21 -22 -23 2 8 14 
30
1
5 8
14 11
0
0
