20 20
7 -2 8 6 4 11 -18 16 24 2 11 3 -5 14 29 18 22 12 9 13 
-9 21 21 -19 28 29 19 5 -26 13 6 -7 15 -11 28 24 27 22 -21 22 
13 10 18 -18 15 24 13 24 5 12 5 -6 16 -29 14 -10 26 -11 -28 13 
20 17 -21 12 11 26 15 11 21 -13 11 28 20 5 25 6 23 9 26 29 
9 -17 -1 15 23 20 9 -14 -26 5 28 -16 7 10 11 1 -8 -7 18 29 
20 28 21 27 -22 13 18 -22 17 10 27 9 16 11 14 9 -26 7 10 -23 
29 2 22 -9 -3 10 -24 9 -3 5 5 15 12 25 0 1 7 10 12 -1 
-14 -8 27 7 23 -18 -21 -8 25 -8 29 9 20 8 -28 -6 23 19 24 -7 
-13 9 13 -26 23 14 -13 20 -14 -23 17 -18 28 15 -16 16 6 29 23 -11 
10 5 11 8 -17 -16 15 5 24 14 3 11 17 -16 13 -17 27 -14 -9 15 
15 -9 -14 27 -17 13 -16 17 11 3 14 24 5 15 -16 -17 8 11 5 10 
-11 23 29 6 16 -16 15 28 -18 17 -23 -14 20 -13 14 23 -26 13 9 -13 
-7 24 19 23 -6 -28 8 20 9 29 -8 25 -8 -21 -18 23 7 27 -8 -14 
-1 12 10 7 1 0 25 12 15 5 5 -3 9 -24 10 -3 -9 22 2 29 
-23 10 7 -26 9 14 11 16 9 27 10 17 -22 18 13 -22 27 21 28 20 
29 18 -7 -8 1 11 10 7 -16 28 5 -26 -14 9 20 23 15 -1 -17 9 
29 26 9 23 6 25 5 20 28 11 -13 21 11 15 26 11 12 -21 17 20 
13 -28 -11 26 -10 14 -29 16 -6 5 12 5 24 13 24 15 -18 18 10 13 
22 -21 22 27 24 28 -11 15 -7 6 13 -26 5 19 29 28 -19 21 21 -9 
13 9 12 22 18 29 14 -5 3 11 2 24 16 -18 11 4 6 8 -2 7 
30
1
16 8
3 11
0
0
