20 20
-25 18 -4 -6 -3 10 11 19 15 10 24 6 -4 26 11 -27 -5 4 -23 6 
0 12 22 1 5 10 19 25 10 -24 18 12 13 -19 7 9 7 25 -12 14 
-23 2 9 8 16 -23 1 23 9 -27 10 -25 24 -4 10 -17 26 -27 15 1 
2 -9 20 8 27 -11 25 0 15 12 -9 3 10 -3 14 3 14 -10 0 4 
19 20 -7 18 17 26 10 21 10 -7 6 -16 19 6 19 -10 -15 -1 23 -25 
2 8 27 22 -26 9 18 11 22 19 10 17 -11 17 7 27 5 4 14 -24 
1 16 11 10 1 21 25 -21 13 18 -13 28 11 20 11 23 19 26 19 1 
21 3 26 -21 -9 0 -21 -14 -7 15 13 14 8 28 22 23 -12 24 -7 26 
21 -13 -1 14 18 -17 13 10 0 0 26 2 25 29 -22 10 -15 19 21 -16 
19 29 15 1 -6 6 11 6 -15 -12 13 28 25 10 14 0 3 13 -4 -5 
-5 -4 13 3 0 14 10 25 28 13 -12 -15 6 11 6 -6 1 15 29 19 
-16 21 19 -15 10 -22 29 25 2 26 0 0 10 13 -17 18 14 -1 -13 21 
26 -7 24 -12 23 22 28 8 14 13 15 -7 -14 -21 0 -9 -21 26 3 21 
1 19 26 19 23 11 20 11 28 -13 18 13 -21 25 21 1 10 11 16 1 
-24 14 4 5 27 7 17 -11 17 10 19 22 11 18 9 -26 22 27 8 2 
-25 23 -1 -15 -10 19 6 19 -16 6 -7 10 21 10 26 17 18 -7 20 19 
4 0 -10 14 3 14 -3 10 3 -9 12 15 0 25 -11 27 8 20 -9 2 
1 15 -27 26 -17 10 -4 24 -25 10 -27 9 23 1 -23 16 8 9 2 -23 
14 -12 25 7 9 7 -19 13 12 18 -24 10 25 19 10 5 1 22 12 0 
6 -23 4 -5 -27 11 26 -4 6 24 10 15 19 11 10 -3 -6 -4 18 -25 
30
1
8 3
11 16
0
0
