20 20
12 0 -3 1 3 7 2 11 5 1 -9 -11 12 10 7 11 9 10 6 1 
2 -2 8 3 0 5 0 10 2 -1 11 5 10 7 10 9 6 -4 9 6 
5 8 1 9 -11 3 12 5 -4 12 3 9 -5 2 11 9 9 2 3 10 
9 9 1 10 -6 3 -3 5 6 2 0 4 5 -2 -2 -8 12 8 9 11 
2 11 -9 11 3 0 11 3 2 11 9 -2 12 5 -6 9 -9 2 -12 0 
-6 1 8 1 9 6 -10 11 1 9 8 7 2 -11 12 4 12 2 2 2 
8 7 -6 -4 1 -12 3 0 6 10 7 1 8 4 12 -12 6 10 4 2 
8 4 8 2 0 -2 1 8 12 7 3 6 7 -6 8 12 10 -1 7 10 
3 2 0 4 -1 0 12 1 10 4 -7 10 -9 12 3 -9 12 2 0 -1 
-6 10 9 9 6 -1 9 0 -12 2 10 9 12 9 8 8 10 -5 -12 -10 
-10 -12 -5 10 8 8 9 12 9 10 2 -12 0 9 -1 6 9 9 10 -6 
-1 0 2 12 -9 3 12 -9 10 -7 4 10 1 12 0 -1 4 0 2 3 
10 7 -1 10 12 8 -6 7 6 3 7 12 8 1 -2 0 2 8 4 8 
2 4 10 6 -12 12 4 8 1 7 10 6 0 3 -12 1 -4 -6 7 8 
2 2 2 12 4 12 -11 2 7 8 9 1 11 -10 6 9 1 8 1 -6 
0 -12 2 -9 9 -6 5 12 -2 9 11 2 3 11 0 3 11 -9 11 2 
11 9 8 12 -8 -2 -2 5 4 0 2 6 5 -3 3 -6 10 1 9 9 
10 3 2 9 9 11 2 -5 9 3 12 -4 5 12 3 -11 9 1 8 5 
6 9 -4 6 9 10 7 10 5 11 -1 2 10 0 5 0 3 8 -2 2 
1 6 10 9 11 7 10 12 -11 -9 1 5 11 2 7 3 1 -3 0 12 
30
1
1 4
18 15
0
0
