20 20
-16 8 6 5 -5 8 -8 -1 5 14 7 13 -7 -4 10 -15 3 6 6 1 
-16 -11 13 4 0 12 -3 10 3 17 17 -10 13 10 9 17 9 -17 8 8 
12 -1 -8 12 4 1 2 5 16 3 13 3 6 10 -11 -13 10 14 11 6 
10 4 15 -11 3 14 14 -8 8 17 2 10 15 -6 3 -5 14 9 11 9 
-2 13 -12 3 9 -5 6 -13 13 -16 10 8 14 2 -6 11 4 11 5 5 
13 -14 7 1 9 -11 12 4 -16 6 9 13 -12 13 -6 11 8 8 7 2 
1 16 3 7 6 4 -5 6 3 -1 5 13 -7 13 15 5 5 -1 -3 10 
-1 -11 15 -8 6 15 14 7 17 13 7 17 4 -6 7 8 8 11 7 -10 
-12 9 2 -11 -6 17 12 16 2 7 4 -1 9 -7 4 11 3 8 9 14 
17 -4 -5 4 1 1 14 1 11 7 12 -13 -10 10 12 17 16 1 -7 -8 
-8 -7 1 16 17 12 10 -10 -13 12 7 11 1 14 1 1 4 -5 -4 17 
14 9 8 3 11 4 -7 9 -1 4 7 2 16 12 17 -6 -11 2 9 -12 
-10 7 11 8 8 7 -6 4 17 7 13 17 7 14 15 6 -8 15 -11 -1 
10 -3 -1 5 5 15 13 -7 13 5 -1 3 6 -5 4 6 7 3 16 1 
2 7 8 8 11 -6 13 -12 13 9 6 -16 4 12 -11 9 1 7 -14 13 
5 5 11 4 11 -6 2 14 8 10 -16 13 -13 6 -5 9 3 -12 13 -2 
9 11 9 14 -5 3 -6 15 10 2 17 8 -8 14 14 3 -11 15 4 10 
6 11 14 10 -13 -11 10 6 3 13 3 16 5 2 1 4 12 -8 -1 12 
8 8 -17 9 17 9 10 13 -10 17 17 3 10 -3 12 0 4 13 -11 -16 
1 6 6 3 -15 10 -4 -7 13 7 14 5 -1 -8 8 -5 5 6 8 -16 
30
1
5 16
14 3
0
0
