20 20
9 1 20 -6 1 -9 7 8 9 22 25 14 -4 -5 -16 18 9 5 25 0 
19 1 16 -1 9 6 16 -20 3 24 -20 4 16 4 -11 -15 14 14 16 6 
19 9 14 5 6 22 23 4 21 2 19 -16 16 -1 10 20 19 -11 23 -22 
3 7 3 17 5 7 -21 -21 13 21 0 7 23 21 -1 23 15 2 9 7 
13 23 3 25 8 -23 10 11 8 -21 8 -24 25 8 12 18 5 -24 11 16 
8 23 23 7 25 17 2 -14 -12 21 12 18 2 -11 17 9 -24 22 2 16 
-17 17 14 -13 17 23 13 21 12 19 -13 2 9 7 -12 -17 18 12 -10 15 
21 -5 21 -13 7 16 15 1 -19 -11 19 -25 24 1 23 6 23 14 -10 24 
-21 -18 -9 1 -20 14 -17 18 4 12 11 6 7 -13 10 3 14 11 16 -20 
24 14 -18 24 25 5 8 10 19 -23 -3 10 6 9 17 -18 19 8 -19 6 
6 -19 8 19 -18 17 9 6 10 -3 -23 19 10 8 5 25 24 -18 14 24 
-20 16 11 14 3 10 -13 7 6 11 12 4 18 -17 14 -20 1 -9 -18 -21 
24 -10 14 23 6 23 1 24 -25 19 -11 -19 1 15 16 7 -13 21 -5 21 
15 -10 12 18 -17 -12 7 9 2 -13 19 12 21 13 23 17 -13 14 17 -17 
16 2 22 -24 9 17 -11 2 18 12 21 -12 -14 2 17 25 7 23 23 8 
16 11 -24 5 18 12 8 25 -24 8 -21 8 11 10 -23 8 25 3 23 13 
7 9 2 15 23 -1 21 23 7 0 21 13 -21 -21 7 5 17 3 7 3 
-22 23 -11 19 20 10 -1 16 -16 19 2 21 4 23 22 6 5 14 9 19 
6 16 14 14 -15 -11 4 16 4 -20 24 3 -20 16 6 9 -1 16 1 19 
0 25 5 9 18 -16 -5 -4 14 25 22 9 8 7 -9 1 -6 20 1 9 
30
1
8 7
11 12
0
0
