20 20
6 8 10 11 13 -10 1 11 10 8 13 -7 10 1 13 1 -9 7 -2 8 
11 10 14 5 11 8 0 -12 12 -1 13 5 0 16 10 4 7 10 17 3 
2 14 1 15 -15 15 12 8 3 1 5 -14 4 1 2 15 9 -1 9 -5 
-9 15 -13 4 10 7 -11 12 14 1 10 1 0 -2 11 -17 8 -7 -16 -5 
4 15 0 -7 -10 16 7 10 -17 2 15 6 10 10 2 17 -1 -4 12 -15 
-16 13 8 9 3 17 -15 8 12 4 9 5 1 1 9 -1 7 7 15 -7 
2 -4 7 4 -12 1 -5 0 3 17 9 13 12 13 2 9 4 10 1 11 
4 14 -16 16 9 11 14 12 13 14 11 15 8 -12 4 13 8 15 3 3 
-2 17 10 17 1 3 14 8 8 6 15 10 15 -17 12 -12 16 -3 7 -5 
0 1 4 5 -6 -9 8 9 -11 15 6 -2 -9 12 -12 15 -2 8 -17 6 
6 -17 8 -2 15 -12 12 -9 -2 6 15 -11 9 8 -9 -6 5 4 1 0 
-5 7 -3 16 -12 12 -17 15 10 15 6 8 8 14 3 1 17 10 17 -2 
3 3 15 8 13 4 -12 8 15 11 14 13 12 14 11 9 16 -16 14 4 
11 1 10 4 9 2 13 12 13 9 17 3 0 -5 1 -12 4 7 -4 2 
-7 15 7 7 -1 9 1 1 5 9 4 12 8 -15 17 3 9 8 13 -16 
-15 12 -4 -1 17 2 10 10 6 15 2 -17 10 7 16 -10 -7 0 15 4 
-5 -16 -7 8 -17 11 -2 0 1 10 1 14 12 -11 7 10 4 -13 15 -9 
-5 9 -1 9 15 2 1 4 -14 5 1 3 8 12 15 -15 15 1 14 2 
3 17 10 7 4 10 16 0 5 13 -1 12 -12 0 8 11 5 14 10 11 
8 -2 7 -9 1 13 1 10 -7 13 8 10 11 1 -10 13 11 10 8 6 
30
1
6 10
13 9
0
0
