20 20
0 -19 1 12 -17 -2 16 4 1 9 18 10 1 -16 4 5 9 5 -10 13 
8 1 -16 15 -9 3 19 10 7 9 4 11 6 4 6 13 1 -3 4 2 
0 17 7 14 -9 4 -3 18 12 4 -2 11 -5 -19 6 12 6 2 -9 17 
9 -5 -12 -9 8 -14 -2 -19 -15 -18 4 -14 8 11 11 1 -16 0 17 -7 
8 -15 7 16 11 4 6 -11 19 15 9 19 -13 8 5 11 -5 -16 -16 18 
13 19 3 5 -18 15 2 12 14 6 4 11 2 0 16 4 4 -3 1 8 
17 4 -4 15 10 14 7 13 3 4 2 17 13 18 -7 13 8 17 10 17 
16 -9 1 -4 17 -11 18 1 -1 7 18 10 -10 15 11 11 -11 15 17 6 
3 19 -6 13 -10 11 5 12 -8 -15 -9 13 -1 9 14 14 10 -12 15 -11 
8 8 7 12 19 -5 7 -17 5 0 -12 11 14 -15 15 10 0 17 3 3 
3 3 17 0 10 15 -15 14 11 -12 0 5 -17 7 -5 19 12 7 8 8 
-11 15 -12 10 14 14 9 -1 13 -9 -15 -8 12 5 11 -10 13 -6 19 3 
6 17 15 -11 11 11 15 -10 10 18 7 -1 1 18 -11 17 -4 1 -9 16 
17 10 17 8 13 -7 18 13 17 2 4 3 13 7 14 10 15 -4 4 17 
8 1 -3 4 4 16 0 2 11 4 6 14 12 2 15 -18 5 3 19 13 
18 -16 -16 -5 11 5 8 -13 19 9 15 19 -11 6 4 11 16 7 -15 8 
-7 17 0 -16 1 11 11 8 -14 4 -18 -15 -19 -2 -14 8 -9 -12 -5 9 
17 -9 2 6 12 6 -19 -5 11 -2 4 12 18 -3 4 -9 14 7 17 0 
2 4 -3 1 13 6 4 6 11 4 9 7 10 19 3 -9 15 -16 1 8 
13 -10 5 9 5 4 -16 1 10 18 9 1 4 16 -2 -17 12 1 -19 0 
30
1
19 10
0 9
0
0
