20 20
21 7 16 4 21 -10 12 1 -17 9 7 -6 2 8 8 20 18 -20 -10 -3 
-17 18 17 7 -5 8 9 13 12 16 11 17 4 20 -4 17 14 -6 21 21 
16 9 17 8 10 9 11 -13 -21 -15 8 20 13 -17 17 15 14 -17 18 -4 
15 9 4 16 9 -6 15 21 18 14 3 -12 6 12 10 16 20 8 15 -13 
12 13 -4 3 9 10 -10 10 -7 8 18 19 -1 7 -13 -10 -7 14 -10 -10 
-20 8 6 20 15 0 3 -3 -14 1 10 19 -8 -6 12 3 5 7 19 -5 
18 18 1 6 11 -12 7 -6 5 -5 21 17 11 -1 -2 10 10 6 17 3 
-9 5 -15 4 -19 -14 6 5 14 21 7 21 21 -7 2 7 1 -21 4 3 
-7 -18 15 -13 -14 -9 20 -7 20 1 -5 15 15 9 11 -2 9 1 16 9 
3 10 7 -7 12 16 7 -19 10 16 20 18 1 3 5 10 8 14 -1 18 
18 -1 14 8 10 5 3 1 18 20 16 10 -19 7 16 12 -7 7 10 3 
9 16 1 9 -2 11 9 15 15 -5 1 20 -7 20 -9 -14 -13 15 -18 -7 
3 4 -21 1 7 2 -7 21 21 7 21 14 5 6 -14 -19 4 -15 5 -9 
3 17 6 10 10 -2 -1 11 17 21 -5 5 -6 7 -12 11 6 1 18 18 
-5 19 7 5 3 12 -6 -8 19 10 1 -14 -3 3 0 15 20 6 8 -20 
-10 -10 14 -7 -10 -13 7 -1 19 18 8 -7 10 -10 10 9 3 -4 13 12 
-13 15 8 20 16 10 12 6 -12 3 14 18 21 15 -6 9 16 4 9 15 
-4 18 -17 14 15 17 -17 13 20 8 -15 -21 -13 11 9 10 8 17 9 16 
21 21 -6 14 17 -4 20 4 17 11 16 12 13 9 8 -5 7 17 18 -17 
-3 -10 -20 18 20 8 8 2 -6 7 9 -17 1 12 -10 21 4 16 7 21 
30
1
16 18
3 1
0
0
