20 20
1 5 7 13 14 -4 -16 7 -3 21 9 -23 23 -17 1 21 24 8 3 6 
20 16 5 22 21 4 17 -10 5 18 15 16 -19 20 4 11 24 13 17 -25 
12 9 16 10 19 8 21 8 3 16 -4 -4 -2 13 22 9 22 -9 14 7 
16 -23 16 -24 21 -19 24 4 5 14 -18 21 6 7 13 18 25 9 19 -23 
0 18 1 13 25 5 6 21 2 3 -16 11 1 5 9 18 23 8 24 15 
5 22 10 25 17 -21 -3 22 3 23 6 -11 12 24 14 -13 9 -25 1 -1 
15 13 12 17 -11 16 16 16 2 18 10 12 -4 9 24 -1 24 -17 21 -8 
25 9 23 21 7 17 -1 2 15 1 18 7 25 18 -24 25 9 4 0 4 
5 18 2 13 18 19 25 6 -1 24 14 -21 -24 24 25 23 25 5 -18 10 
-22 25 -10 4 3 16 -7 13 16 20 3 14 21 21 19 14 1 -16 7 -3 
-3 7 -16 1 14 19 21 21 14 3 20 16 13 -7 16 3 4 -10 25 -22 
10 -18 5 25 23 25 24 -24 -21 14 24 -1 6 25 19 18 13 2 18 5 
4 0 4 9 25 -24 18 25 7 18 1 15 2 -1 17 7 21 23 9 25 
-8 21 -17 24 -1 24 9 -4 12 10 18 2 16 16 16 -11 17 12 13 15 
-1 1 -25 9 -13 14 24 12 -11 6 23 3 22 -3 -21 17 25 10 22 5 
15 24 8 23 18 9 5 1 11 -16 3 2 21 6 5 25 13 1 18 0 
-23 19 9 25 18 13 7 6 21 -18 14 5 4 24 -19 21 -24 16 -23 16 
7 14 -9 22 9 22 13 -2 -4 -4 16 3 8 21 8 19 10 16 9 12 
-25 17 13 24 11 4 20 -19 16 15 18 5 -10 17 4 21 22 5 16 20 
6 3 8 24 21 1 -17 23 -23 9 21 -3 7 -16 -4 14 13 7 5 1 
30
1
15 14
4 5
0
0
