20 20
10 -2 4 12 1 5 13 4 3 18 13 7 6 -9 18 0 10 17 10 1 
15 9 -3 13 3 -9 10 12 3 13 4 1 17 -1 7 12 14 4 -11 6 
7 1 6 -1 14 5 6 -14 10 5 6 12 8 3 13 13 5 1 -18 -12 
-6 8 15 -4 6 -15 6 -1 9 -5 -18 0 14 6 10 -10 5 12 11 -4 
14 -18 13 13 -16 3 8 4 6 13 17 6 13 3 -2 7 -2 1 -3 3 
-6 3 8 1 -9 1 -11 16 5 10 13 1 1 5 15 -1 17 17 7 1 
18 13 -6 1 7 -14 10 0 -6 8 -2 15 10 -3 16 3 2 4 8 11 
10 16 14 -8 12 9 1 7 15 -17 -4 18 -17 -1 0 6 18 13 1 -16 
13 15 1 -10 15 9 2 13 18 4 -18 -12 -8 10 4 -17 11 10 -1 5 
-4 14 6 -11 4 8 9 -12 -6 -6 15 5 15 4 3 15 2 10 14 -8 
-8 14 10 2 15 3 4 15 5 15 -6 -6 -12 9 8 4 -11 6 14 -4 
5 -1 10 11 -17 4 10 -8 -12 -18 4 18 13 2 9 15 -10 1 15 13 
-16 1 13 18 6 0 -1 -17 18 -4 -17 15 7 1 9 12 -8 14 16 10 
11 8 4 2 3 16 -3 10 15 -2 8 -6 0 10 -14 7 1 -6 13 18 
1 7 17 17 -1 15 5 1 1 13 10 5 16 -11 1 -9 1 8 3 -6 
3 -3 1 -2 7 -2 3 13 6 17 13 6 4 8 3 -16 13 13 -18 14 
-4 11 12 5 -10 10 6 14 0 -18 -5 9 -1 6 -15 6 -4 15 8 -6 
-12 -18 1 5 13 13 3 8 12 6 5 10 -14 6 5 14 -1 6 1 7 
6 -11 4 14 12 7 -1 17 1 4 13 3 12 10 -9 3 13 -3 9 15 
1 10 17 10 0 18 -9 6 7 13 18 3 4 13 5 1 12 4 -2 10 
30
1
9 3
10 16
0
0
