20 20
18 19 5 19 12 17 15 -16 -13 7 -14 13 15 6 -18 9 11 9 9 2 
11 16 7 7 19 -1 5 -2 -14 3 -1 4 13 17 -7 2 5 4 15 5 
-12 12 3 7 5 3 10 13 3 8 -5 15 7 -5 -10 11 6 19 0 11 
4 14 -2 16 5 -5 -12 7 -4 1 10 18 0 0 5 19 19 6 -2 18 
-14 16 14 2 10 -11 14 9 6 12 -19 12 13 -15 -1 -7 -11 8 -10 7 
6 11 19 5 -12 19 16 -11 15 15 10 1 -18 19 7 12 6 5 12 2 
18 9 14 8 2 8 1 8 5 17 9 17 17 2 8 0 6 14 -15 3 
4 13 16 17 2 -5 2 -6 14 6 17 14 -3 14 13 11 15 15 17 19 
18 -9 12 -11 -17 16 8 11 3 -5 17 -11 -8 10 11 18 9 0 3 2 
7 -10 15 12 -3 1 -12 7 -8 16 9 2 1 13 -7 -17 -11 -1 -3 -19 
-19 -3 -1 -11 -17 -7 13 1 2 9 16 -8 7 -12 1 -3 12 15 -10 7 
2 3 0 9 18 11 10 -8 -11 17 -5 3 11 8 16 -17 -11 12 -9 18 
19 17 15 15 11 13 14 -3 14 17 6 14 -6 2 -5 2 17 16 13 4 
3 -15 14 6 0 8 2 17 17 9 17 5 8 1 8 2 8 14 9 18 
2 12 5 6 12 7 19 -18 1 10 15 15 -11 16 19 -12 5 19 11 6 
7 -10 8 -11 -7 -1 -15 13 12 -19 12 6 9 14 -11 10 2 14 16 -14 
18 -2 6 19 19 5 0 0 18 10 1 -4 7 -12 -5 5 16 -2 14 4 
11 0 19 6 11 -10 -5 7 15 -5 8 3 13 10 3 5 7 3 12 -12 
5 15 4 5 2 -7 17 13 4 -1 3 -14 -2 5 -1 19 7 7 16 11 
2 9 9 11 9 -18 6 15 13 -14 7 -13 -16 15 17 12 19 5 19 18 
30
1
13 14
6 5
0
0
