20 20
-3 -9 -3 11 8 9 13 1 -4 2 -12 8 8 12 10 4 13 -3 8 7 
5 -11 10 -11 1 1 -1 8 6 12 3 7 -6 2 10 4 10 10 3 -10 
2 -5 -7 7 6 0 4 -5 10 -11 -8 13 3 -2 8 4 12 13 8 -3 
13 -10 -8 2 9 -6 2 13 13 2 6 -13 10 11 10 9 7 10 5 -3 
1 2 10 6 -9 -7 1 5 9 11 3 9 9 7 1 3 5 7 11 4 
-7 7 0 13 13 -3 13 13 11 13 5 1 8 3 7 -10 -1 2 -12 9 
4 -11 9 -12 -10 5 12 -4 13 -10 12 5 5 11 -12 -10 12 0 9 12 
-5 11 9 10 12 5 13 4 12 0 -7 -3 5 5 6 0 -11 5 -4 11 
-13 11 8 2 -4 13 10 6 10 10 0 5 -6 5 4 1 2 3 2 11 
-5 10 2 8 5 8 12 4 1 6 8 -2 6 -10 6 1 8 1 6 1 
1 6 1 8 1 6 -10 6 -2 8 6 1 4 12 8 5 8 2 10 -5 
11 2 3 2 1 4 5 -6 5 0 10 10 6 10 13 -4 2 8 11 -13 
11 -4 5 -11 0 6 5 5 -3 -7 0 12 4 13 5 12 10 9 11 -5 
12 9 0 12 -10 -12 11 5 5 12 -10 13 -4 12 5 -10 -12 9 -11 4 
9 -12 2 -1 -10 7 3 8 1 5 13 11 13 13 -3 13 13 0 7 -7 
4 11 7 5 3 1 7 9 9 3 11 9 5 1 -7 -9 6 10 2 1 
-3 5 10 7 9 10 11 10 -13 6 2 13 13 2 -6 9 2 -8 -10 13 
-3 8 13 12 4 8 -2 3 13 -8 -11 10 -5 4 0 6 7 -7 -5 2 
-10 3 10 10 4 10 2 -6 7 3 12 6 8 -1 1 1 -11 10 -11 5 
7 8 -3 13 4 10 12 8 8 -12 2 -4 1 13 9 8 11 -3 -9 -3 
30
1
7 0
12 19
0
0
