20 20
3 -8 10 6 4 -3 5 9 7 -16 -1 2 7 7 6 7 14 8 12 1 
-2 -12 15 -8 16 -2 12 16 18 5 12 5 11 11 11 -6 -6 -8 1 7 
14 -11 2 12 -9 -15 -8 12 6 -8 18 13 3 7 -7 14 -5 -15 -13 3 
16 17 -10 13 10 10 7 14 -15 13 11 10 17 10 17 18 10 6 13 9 
1 -14 1 7 13 12 10 4 18 -16 6 2 -15 -10 6 -2 -17 -7 8 3 
4 7 8 1 0 -8 -14 9 5 13 14 -5 -9 11 18 16 0 6 2 11 
2 6 4 18 1 13 -7 15 -6 -2 3 9 14 11 -7 0 -8 13 0 -3 
-2 6 8 -17 15 7 -4 17 -11 3 -15 14 12 18 14 14 -8 -3 12 14 
7 12 8 11 1 -6 -1 14 -6 -7 17 -15 17 1 -13 -15 1 11 4 2 
5 2 -13 6 -9 6 17 4 1 13 -15 -15 4 4 14 17 16 10 4 3 
3 4 10 16 17 14 4 4 -15 -15 13 1 4 17 6 -9 6 -13 2 5 
2 4 11 1 -15 -13 1 17 -15 17 -7 -6 14 -1 -6 1 11 8 12 7 
14 12 -3 -8 14 14 18 12 14 -15 3 -11 17 -4 7 15 -17 8 6 -2 
-3 0 13 -8 0 -7 11 14 9 3 -2 -6 15 -7 13 1 18 4 6 2 
11 2 6 0 16 18 11 -9 -5 14 13 5 9 -14 -8 0 1 8 7 4 
3 8 -7 -17 -2 6 -10 -15 2 6 -16 18 4 10 12 13 7 1 -14 1 
9 13 6 10 18 17 10 17 10 11 13 -15 14 7 10 10 13 -10 17 16 
3 -13 -15 -5 14 -7 7 3 13 18 -8 6 12 -8 -15 -9 12 2 -11 14 
7 1 -8 -6 -6 11 11 11 5 12 5 18 16 12 -2 16 -8 15 -12 -2 
1 12 8 14 7 6 7 7 2 -1 -16 7 9 5 -3 4 6 10 -8 3 
30
1
5 17
14 2
0
0
