20 20
-18 23 3 9 23 20 -22 20 -2 6 5 -10 17 10 14 3 12 23 14 6 
13 -12 -6 -10 5 23 16 14 15 3 20 6 -5 10 -17 5 17 5 21 7 
8 -17 8 -23 -1 -5 -20 20 -6 15 -1 4 14 4 20 -18 -5 0 19 15 
-9 8 6 20 23 14 6 -19 4 2 17 9 17 21 14 6 22 9 19 4 
-14 -2 14 3 3 20 -3 20 6 -3 1 15 16 15 -4 7 2 -22 -11 -9 
1 13 6 7 -9 16 -22 12 -22 5 3 19 -21 7 17 20 19 16 3 12 
-6 -14 -21 2 -8 7 8 15 -20 13 12 14 23 0 16 3 3 14 21 5 
2 10 16 -23 -12 -11 0 8 16 19 16 -11 2 -6 15 18 -2 10 -12 17 
23 18 11 -23 5 -18 10 20 3 23 18 15 -23 -2 19 14 11 12 13 14 
15 -15 9 14 4 -19 1 14 -23 -15 8 16 -5 8 8 23 3 16 6 1 
1 6 16 3 23 8 8 -5 16 8 -15 -23 14 1 -19 4 14 9 -15 15 
14 13 12 11 14 19 -2 -23 15 18 23 3 20 10 -18 5 -23 11 18 23 
17 -12 10 -2 18 15 -6 2 -11 16 19 16 8 0 -11 -12 -23 16 10 2 
5 21 14 3 3 16 0 23 14 12 13 -20 15 8 7 -8 2 -21 -14 -6 
12 3 16 19 20 17 7 -21 19 3 5 -22 12 -22 16 -9 7 6 13 1 
-9 -11 -22 2 7 -4 15 16 15 1 -3 6 20 -3 20 3 3 14 -2 -14 
4 19 9 22 6 14 21 17 9 17 2 4 -19 6 14 23 20 6 8 -9 
15 19 0 -5 -18 20 4 14 4 -1 15 -6 20 -20 -5 -1 -23 8 -17 8 
7 21 5 17 5 -17 10 -5 6 20 3 15 14 16 23 5 -10 -6 -12 13 
6 14 23 12 3 14 10 17 -10 5 6 -2 20 -22 20 23 9 3 23 -18 
30
1
6 8
13 11
0
0
