20 20
4 18 25 7 -5 3 6 21 5 17 22 10 18 9 -13 11 17 -12 -2 4 
20 17 15 24 -18 24 10 21 12 14 -25 21 1 23 9 6 16 -13 -9 24 
22 -16 18 1 15 5 6 -18 1 11 -3 1 19 -6 19 15 -25 3 17 -23 
-3 6 13 2 5 20 14 8 -24 -20 12 0 20 6 9 13 6 13 11 8 
-21 -16 -4 -21 1 15 9 -12 19 18 -23 25 16 12 22 1 25 13 16 10 
15 -12 17 -18 -2 4 0 -11 16 10 23 17 0 20 3 -1 12 5 -7 2 
19 13 5 9 19 24 11 -3 3 -10 -22 6 2 16 -3 -12 6 -1 20 16 
0 18 10 14 3 22 -5 -21 18 -9 17 19 -24 1 16 0 8 8 2 23 
23 22 8 14 24 21 10 23 12 21 -23 -24 14 20 11 -23 21 21 7 11 
-22 21 1 13 24 21 -16 5 9 -4 -13 22 5 -15 2 10 -25 -5 18 20 
20 18 -5 -25 10 2 -15 5 22 -13 -4 9 5 -16 21 24 13 1 21 -22 
11 7 21 21 -23 11 20 14 -24 -23 21 12 23 10 21 24 14 8 22 23 
23 2 8 8 0 16 1 -24 19 17 -9 18 -21 -5 22 3 14 10 18 0 
16 20 -1 6 -12 -3 16 2 6 -22 -10 3 -3 11 24 19 9 5 13 19 
2 -7 5 12 -1 3 20 0 17 23 10 16 -11 0 4 -2 -18 17 -12 15 
10 16 13 25 1 22 12 16 25 -23 18 19 -12 9 15 1 -21 -4 -16 -21 
8 11 13 6 13 9 6 20 0 12 -20 -24 8 14 20 5 2 13 6 -3 
-23 17 3 -25 15 19 -6 19 1 -3 11 1 -18 6 5 15 1 18 -16 22 
24 -9 -13 16 6 9 23 1 21 -25 14 12 21 10 24 -18 24 15 17 20 
4 -2 -12 17 11 -13 9 18 10 22 17 5 21 6 3 -5 7 25 18 4 
30
1
12 6
7 13
0
0
