20 20
14 12 -25 24 27 -8 9 25 10 5 22 4 24 -21 17 -15 24 27 21 7 
23 15 5 7 -17 14 -24 8 18 9 12 9 -2 17 24 -23 -16 -8 -21 5 
0 1 3 -13 -13 19 17 21 -17 2 27 14 16 7 -15 9 18 27 -16 13 
17 15 2 -16 23 -6 15 6 21 8 13 10 2 8 14 7 22 26 2 24 
25 21 27 20 17 0 -17 27 23 4 5 21 -8 13 5 -25 2 7 16 22 
12 -27 4 0 14 13 -19 17 -5 24 12 -5 27 8 15 12 3 4 10 -3 
6 11 9 -20 4 14 18 -22 -15 8 27 13 -5 13 2 -4 10 14 -7 2 
2 15 4 16 25 13 -4 1 -27 -11 10 4 18 12 3 -9 17 14 0 16 
24 21 16 6 20 12 22 9 4 15 -5 4 -20 4 5 17 2 17 16 11 
-14 -16 14 7 2 8 0 17 0 22 13 -21 21 -14 -13 17 20 19 8 3 
3 8 19 20 17 -13 -14 21 -21 13 22 0 17 0 8 2 7 14 -16 -14 
11 16 17 2 17 5 4 -20 4 -5 15 4 9 22 12 20 6 16 21 24 
16 0 14 17 -9 3 12 18 4 10 -11 -27 1 -4 13 25 16 4 15 2 
2 -7 14 10 -4 2 13 -5 13 27 8 -15 -22 18 14 4 -20 9 11 6 
-3 10 4 3 12 15 8 27 -5 12 24 -5 17 -19 13 14 0 4 -27 12 
22 16 7 2 -25 5 13 -8 21 5 4 23 27 -17 0 17 20 27 21 25 
24 2 26 22 7 14 8 2 10 13 8 21 6 15 -6 23 -16 2 15 17 
13 -16 27 18 9 -15 7 16 14 27 2 -17 21 17 19 -13 -13 3 1 0 
5 -21 -8 -16 -23 24 17 -2 9 12 9 18 8 -24 14 -17 7 5 15 23 
7 21 27 24 -15 17 -21 24 4 22 5 10 25 9 -8 27 24 -25 12 14 
30
1
7 12
12 7
0
0
