20 20
-3 -2 2 1 -3 4 -3 -6 2 6 1 2 4 11 9 3 13 -5 -9 -4 
12 2 5 7 5 13 -3 8 -3 3 -9 9 13 8 -5 8 11 3 8 10 
1 2 13 5 -4 11 11 -2 -11 -10 10 8 8 12 -7 6 3 11 12 8 
7 -1 -9 1 -5 -9 0 3 -7 8 1 9 1 -6 -4 1 12 5 12 -4 
-4 7 11 -3 7 2 2 9 -3 -2 1 7 12 5 -1 2 12 13 13 4 
4 8 -1 4 3 -11 2 12 5 -6 9 -8 4 10 9 8 3 6 6 11 
1 7 1 3 -7 -7 1 10 -13 11 1 10 8 2 10 9 6 12 -5 -5 
-13 3 -5 4 2 -10 4 -1 12 10 4 11 -7 1 13 9 4 2 12 6 
9 5 9 6 11 3 4 4 11 6 -12 4 -11 5 -4 6 11 10 5 -2 
-4 -5 5 -12 7 13 3 12 -11 0 5 4 -6 -3 -10 -3 -5 -11 2 8 
8 2 -11 -5 -3 -10 -3 -6 4 5 0 -11 12 3 13 7 -12 5 -5 -4 
-2 5 10 11 6 -4 5 -11 4 -12 6 11 4 4 3 11 6 9 5 9 
6 12 2 4 9 13 1 -7 11 4 10 12 -1 4 -10 2 4 -5 3 -13 
-5 -5 12 6 9 10 2 8 10 1 11 -13 10 1 -7 -7 3 1 7 1 
11 6 6 3 8 9 10 4 -8 9 -6 5 12 2 -11 3 4 -1 8 4 
4 13 13 12 2 -1 5 12 7 1 -2 -3 9 2 2 7 -3 11 7 -4 
-4 12 5 12 1 -4 -6 1 9 1 8 -7 3 0 -9 -5 1 -9 -1 7 
8 12 11 3 6 -7 12 8 8 10 -10 -11 -2 11 11 -4 5 13 2 1 
10 8 3 11 8 -5 8 13 9 -9 3 -3 8 -3 13 5 7 5 2 12 
-4 -9 -5 13 3 9 11 4 2 1 6 2 -6 -3 4 -3 1 2 -2 -3 
30
1
19 15
0 4
0
0
