20 20
1 4 5 9 11 0 -11 7 7 -11 -7 -9 -4 5 6 -3 -4 1 5 -4 
10 8 9 -11 -10 -10 4 11 6 5 4 -4 5 0 -3 10 0 2 3 11 
4 5 7 0 4 6 4 -10 6 3 1 9 7 -7 6 7 11 6 1 9 
-1 6 -11 10 -2 5 9 -1 2 11 -5 4 7 1 7 4 -11 8 9 -4 
5 8 4 2 3 0 10 5 -11 11 7 -3 7 11 10 -4 5 8 0 4 
-7 3 11 7 1 4 0 1 5 6 6 4 -6 3 0 8 1 -9 11 11 
3 2 8 6 11 1 6 -6 0 2 1 -3 0 5 1 3 8 9 -10 10 
1 6 -1 -11 1 2 -5 -10 11 2 5 -3 7 7 1 7 3 -8 6 2 
5 6 -11 11 11 8 2 -11 9 11 9 0 8 3 -11 7 -9 7 8 9 
-4 -11 5 3 -8 -9 -11 -11 6 5 2 11 9 8 -5 -3 -5 0 1 -1 
-1 1 0 -5 -3 -5 8 9 11 2 5 6 -11 -11 -9 -8 3 5 -11 -4 
9 8 7 -9 7 -11 3 8 0 9 11 9 -11 2 8 11 11 -11 6 5 
2 6 -8 3 7 1 7 7 -3 5 2 11 -10 -5 2 1 -11 -1 6 1 
10 -10 9 8 3 1 5 0 -3 1 2 0 -6 6 1 11 6 8 2 3 
11 11 -9 1 8 0 3 -6 4 6 6 5 1 0 4 1 7 11 3 -7 
4 0 8 5 -4 10 11 7 -3 7 11 -11 5 10 0 3 2 4 8 5 
-4 9 8 -11 4 7 1 7 4 -5 11 2 -1 9 5 -2 10 -11 6 -1 
9 1 6 11 7 6 -7 7 9 1 3 6 -10 4 6 4 0 7 5 4 
11 3 2 0 10 -3 0 5 -4 4 5 6 11 4 -10 -10 -11 9 8 10 
-4 5 1 -4 -3 6 5 -4 -9 -7 -11 7 7 -11 0 11 9 5 4 1 
30
1
11 3
8 16
0
0
