20 20
4 -11 1 21 22 -15 3 20 25 21 -10 -13 -26 14 5 25 -22 -11 8 1 
-8 11 -4 -15 12 0 1 -23 2 5 9 8 23 15 14 -21 -9 5 14 -10 
9 16 6 -3 14 4 18 14 1 17 24 18 22 24 -23 0 23 -7 3 7 
-13 -22 3 -16 -22 5 -7 8 -9 4 -16 14 5 6 1 9 13 19 12 11 
11 26 23 12 14 -21 -13 -12 15 23 24 18 14 13 5 19 5 1 12 25 
20 13 3 9 -5 6 22 12 12 -4 24 12 25 -8 0 9 -24 -21 -24 13 
15 26 7 24 -4 25 21 19 24 -4 16 4 -26 17 20 18 13 18 0 9 
20 -6 5 18 5 26 -22 12 -9 -8 12 5 19 8 -14 13 18 24 7 9 
-10 16 18 16 18 -14 11 13 23 25 22 25 8 11 22 -10 16 26 -19 10 
-12 -21 16 -20 5 6 13 -14 21 7 10 16 -8 25 6 13 13 2 -15 8 
8 -15 2 13 13 6 25 -8 16 10 7 21 -14 13 6 5 -20 16 -21 -12 
10 -19 26 16 -10 22 11 8 25 22 25 23 13 11 -14 18 16 18 16 -10 
9 7 24 18 13 -14 8 19 5 12 -8 -9 12 -22 26 5 18 5 -6 20 
9 0 18 13 18 20 17 -26 4 16 -4 24 19 21 25 -4 24 7 26 15 
13 -24 -21 -24 9 0 -8 25 12 24 -4 12 12 22 6 -5 9 3 13 20 
25 12 1 5 19 5 13 14 18 24 23 15 -12 -13 -21 14 12 23 26 11 
11 12 19 13 9 1 6 5 14 -16 4 -9 8 -7 5 -22 -16 3 -22 -13 
7 3 -7 23 0 -23 24 22 18 24 17 1 14 18 4 14 -3 6 16 9 
-10 14 5 -9 -21 14 15 23 8 9 5 2 -23 1 0 12 -15 -4 11 -8 
1 8 -11 -22 25 5 14 -26 -13 -10 21 25 20 3 -15 22 21 1 -11 4 
30
1
19 18
0 1
0
0
