20 20
-20 15 18 -24 18 22 21 -1 9 18 3 1 1 -4 -2 0 -19 5 2 17 
-3 -3 -19 -5 14 16 6 19 15 11 15 20 21 15 15 13 18 -1 2 24 
16 3 3 4 -1 20 -2 18 3 7 6 4 -19 2 15 9 12 23 11 5 
17 0 18 20 16 -21 -9 -11 19 10 -13 10 -23 11 11 23 -23 -23 -7 -17 
14 21 3 14 6 -13 9 6 20 -7 7 19 -10 5 14 3 23 3 1 24 
15 5 -8 19 15 1 -9 8 1 9 -8 3 7 14 9 -13 13 -4 -9 1 
2 9 14 8 22 -19 19 10 10 -24 -13 2 23 -19 6 16 -1 15 23 -2 
-23 23 3 6 -4 12 -22 8 6 -11 -1 8 11 -7 -14 -3 19 7 15 -10 
-11 23 6 19 18 3 12 -8 -16 16 -9 -9 7 -17 2 7 21 7 -10 -18 
7 5 24 2 8 8 2 -12 2 4 19 10 -3 7 3 18 13 22 -14 18 
18 -14 22 13 18 3 7 -3 10 19 4 2 -12 2 8 8 2 24 5 7 
-18 -10 7 21 7 2 -17 7 -9 -9 16 -16 -8 12 3 18 19 6 23 -11 
-10 15 7 19 -3 -14 -7 11 8 -1 -11 6 8 -22 12 -4 6 3 23 -23 
-2 23 15 -1 16 6 -19 23 2 -13 -24 10 10 19 -19 22 8 14 9 2 
1 -9 -4 13 -13 9 14 7 3 -8 9 1 8 -9 1 15 19 -8 5 15 
24 1 3 23 3 14 5 -10 19 7 -7 20 6 9 -13 6 14 3 21 14 
-17 -7 -23 -23 23 11 11 -23 10 -13 10 19 -11 -9 -21 16 20 18 0 17 
5 11 23 12 9 15 2 -19 4 6 7 3 18 -2 20 -1 4 3 3 16 
24 2 -1 18 13 15 15 21 20 15 11 15 19 6 16 14 -5 -19 -3 -3 
17 2 5 -19 0 -2 -4 1 1 3 18 9 -1 21 22 18 -24 18 15 -20 
30
1
8 0
11 19
0
0
