20 20
28 -18 11 8 2 2 -21 15 2 17 16 2 7 3 9 -3 6 11 28 24 
21 11 16 16 25 21 -6 22 10 0 1 -13 -29 17 25 23 11 23 -25 5 
11 -25 16 12 21 21 25 13 1 29 29 -15 23 11 -12 18 3 14 -7 8 
-21 2 -3 14 21 2 1 -4 2 6 18 2 28 3 3 11 6 4 4 -9 
25 -12 -28 17 9 3 9 -9 6 24 18 2 -10 -5 4 13 27 18 28 19 
23 11 -11 16 7 11 6 10 2 14 17 15 29 -28 1 19 -3 29 6 24 
-25 14 8 -13 29 -18 -21 -27 20 19 -11 -2 -21 -29 22 21 9 19 20 5 
-23 4 -21 24 13 25 4 -11 20 -27 22 6 -24 11 -14 0 -10 25 12 19 
7 2 9 26 19 18 -3 14 9 13 25 2 1 -5 -4 -12 7 -3 2 -7 
10 20 26 27 5 9 13 26 -2 21 -20 0 29 -5 14 20 6 27 -27 9 
9 -27 27 6 20 14 -5 29 0 -20 21 -2 26 13 9 5 27 26 20 10 
-7 2 -3 7 -12 -4 -5 1 2 25 13 9 14 -3 18 19 26 9 2 7 
19 12 25 -10 0 -14 11 -24 6 22 -27 20 -11 4 25 13 24 -21 4 -23 
5 20 19 9 21 22 -29 -21 -2 -11 19 20 -27 -21 -18 29 -13 8 14 -25 
24 6 29 -3 19 1 -28 29 15 17 14 2 10 6 11 7 16 -11 11 23 
19 28 18 27 13 4 -5 -10 2 18 24 6 -9 9 3 9 17 -28 -12 25 
-9 4 4 6 11 3 3 28 2 18 6 2 -4 1 2 21 14 -3 2 -21 
8 -7 14 3 18 -12 11 23 -15 29 29 1 13 25 21 21 12 16 -25 11 
5 -25 23 11 23 25 17 -29 -13 1 0 10 22 -6 21 25 16 16 11 21 
24 28 11 6 -3 9 3 7 2 16 17 2 15 -21 2 2 8 11 -18 28 
30
1
12 0
7 19
0
0
