20 20
-25 16 23 -24 19 -9 -14 11 8 -17 23 6 -13 20 19 -5 -24 15 -5 24 
6 25 0 26 24 -18 21 18 16 22 16 -21 20 21 -2 24 18 2 7 8 
-20 -25 10 -8 2 16 9 17 6 -8 14 17 -20 27 16 -22 -21 12 3 7 
24 24 18 -24 -20 1 8 8 15 22 0 -24 -11 9 -16 6 18 20 27 7 
-13 -12 12 4 -7 24 9 16 22 14 -1 11 3 6 27 20 4 -19 -16 12 
1 -12 20 -2 4 -18 25 17 8 -3 4 24 11 18 6 5 4 4 7 23 
-20 -5 23 12 23 23 21 9 18 19 3 18 27 14 -26 13 17 19 20 6 
9 -7 9 -15 14 23 27 21 -4 19 12 -4 25 22 17 4 -19 7 14 12 
17 19 9 -19 8 -23 -25 12 18 9 25 -11 6 -16 26 5 -14 25 23 -11 
24 26 4 -19 5 -14 8 24 -4 -14 26 -8 -19 14 22 24 -15 16 9 -5 
-5 9 16 -15 24 22 14 -19 -8 26 -14 -4 24 8 -14 5 -19 4 26 24 
-11 23 25 -14 5 26 -16 6 -11 25 9 18 12 -25 -23 8 -19 9 19 17 
12 14 7 -19 4 17 22 25 -4 12 19 -4 21 27 23 14 -15 9 -7 9 
6 20 19 17 13 -26 14 27 18 3 19 18 9 21 23 23 12 23 -5 -20 
23 7 4 4 5 6 18 11 24 4 -3 8 17 25 -18 4 -2 20 -12 1 
12 -16 -19 4 20 27 6 3 11 -1 14 22 16 9 24 -7 4 12 -12 -13 
7 27 20 18 6 -16 9 -11 -24 0 22 15 8 8 1 -20 -24 18 24 24 
7 3 12 -21 -22 16 27 -20 17 14 -8 6 17 9 16 2 -8 10 -25 -20 
8 7 2 18 24 -2 21 20 -21 16 22 16 18 21 -18 24 26 0 25 6 
24 -5 15 -24 -5 19 20 -13 6 23 -17 8 11 -14 -9 19 -24 23 16 -25 
30
1
10 17
9 2
0
0
