20 20
12 2 9 9 23 4 -14 21 5 20 11 14 9 13 24 25 -19 7 5 10 
-10 -2 24 7 16 13 -7 4 11 6 14 11 2 4 16 7 23 19 15 0 
13 25 4 20 14 13 7 1 24 21 -12 20 10 0 7 -23 0 -15 8 9 
5 22 -20 5 22 11 -1 15 3 21 13 16 9 -20 -16 8 2 8 14 4 
24 5 16 24 22 23 13 18 12 25 16 14 -25 7 7 22 -13 5 -15 12 
24 24 14 4 18 24 15 8 8 13 15 15 8 20 1 21 0 17 12 16 
2 12 -24 4 0 14 -24 -5 21 4 12 14 23 -19 24 8 -9 -18 19 16 
18 -17 25 1 10 12 16 9 18 -8 5 18 -10 16 13 -17 17 23 5 3 
3 21 3 8 16 -9 15 -14 8 16 -18 -21 22 -22 -18 -22 20 7 4 -7 
5 2 9 23 21 24 -6 9 10 16 20 6 16 -13 4 17 8 -13 -2 9 
9 -2 -13 8 17 4 -13 16 6 20 16 10 9 -6 24 21 23 9 2 5 
-7 4 7 20 -22 -18 -22 22 -21 -18 16 8 -14 15 -9 16 8 3 21 3 
3 5 23 17 -17 13 16 -10 18 5 -8 18 9 16 12 10 1 25 -17 18 
16 19 -18 -9 8 24 -19 23 14 12 4 21 -5 -24 14 0 4 -24 12 2 
16 12 17 0 21 1 20 8 15 15 13 8 8 15 24 18 4 14 24 24 
12 -15 5 -13 22 7 7 -25 14 16 25 12 18 13 23 22 24 16 5 24 
4 14 8 2 8 -16 -20 9 16 13 21 3 15 -1 11 22 5 -20 22 5 
9 8 -15 0 -23 7 0 10 20 -12 21 24 1 7 13 14 20 4 25 13 
0 15 19 23 7 16 4 2 11 14 6 11 4 -7 13 16 7 24 -2 -10 
10 5 7 -19 25 24 13 9 14 11 20 5 21 -14 4 23 9 9 2 12 
30
1
17 7
2 12
0
0
