20 20
13 1 13 10 3 -16 16 11 11 10 -12 10 17 10 -3 0 -11 -3 -14 -10 
-2 -8 -3 -2 6 -12 -8 17 4 12 -13 10 9 -13 6 4 11 1 12 11 
15 17 14 3 15 4 2 -13 12 6 9 4 -7 5 -8 11 -16 10 4 -4 
2 10 2 5 17 8 -14 -1 1 9 14 -11 -17 16 0 12 16 -13 -7 6 
15 -7 -10 7 2 12 -17 2 7 -5 13 6 13 1 -15 -13 15 14 4 14 
12 16 6 -11 -10 11 13 8 17 9 8 13 15 11 16 8 16 8 17 1 
-8 12 -3 16 11 -13 14 10 -9 3 8 2 2 10 -15 3 11 9 1 17 
15 6 17 1 8 8 17 8 12 -11 -13 12 1 5 2 14 7 16 -7 2 
17 4 -12 -5 8 -15 1 11 -3 6 9 12 13 16 8 -3 3 10 -16 17 
-15 1 -14 4 -11 -8 2 6 7 7 15 14 4 12 7 15 -2 11 5 15 
15 5 11 -2 15 7 12 4 14 15 7 7 6 2 -8 -11 4 -14 1 -15 
17 -16 10 3 -3 8 16 13 12 9 6 -3 11 1 -15 8 -5 -12 4 17 
2 -7 16 7 14 2 5 1 12 -13 -11 12 8 17 8 8 1 17 6 15 
17 1 9 11 3 -15 10 2 2 8 3 -9 10 14 -13 11 16 -3 12 -8 
1 17 8 16 8 16 11 15 13 8 9 17 8 13 11 -10 -11 6 16 12 
14 4 14 15 -13 -15 1 13 6 13 -5 7 2 -17 12 2 7 -10 -7 15 
6 -7 -13 16 12 0 16 -17 -11 14 9 1 -1 -14 8 17 5 2 10 2 
-4 4 10 -16 11 -8 5 -7 4 9 6 12 -13 2 4 15 3 14 17 15 
11 12 1 11 4 6 -13 9 10 -13 12 4 17 -8 -12 6 -2 -3 -8 -2 
-10 -14 -3 -11 0 -3 10 17 10 -12 10 11 11 16 -16 3 10 13 1 13 
30
1
12 1
7 18
0
0
