20 20
18 24 18 -6 18 4 26 -25 -27 20 12 16 2 0 11 22 -21 23 11 3 
-13 5 2 12 25 23 -11 -6 13 13 -5 -17 6 23 -15 -7 9 0 4 14 
24 -15 4 7 23 8 4 18 16 20 16 10 17 -3 26 -15 19 -9 -1 -17 
1 4 -15 3 -10 24 11 25 9 27 27 20 0 27 23 25 19 26 -10 4 
23 -24 9 19 11 -14 22 18 27 19 20 18 1 18 -10 8 5 10 13 0 
-5 -8 27 -6 26 -8 25 -20 -3 6 16 -17 27 10 23 23 7 3 -18 7 
18 -1 22 -18 -15 -25 19 21 5 22 4 7 14 -21 27 17 1 10 17 7 
20 2 27 15 12 20 21 -8 21 5 0 9 26 -2 8 16 20 -18 15 11 
-3 23 7 5 15 9 9 -21 11 10 19 18 -14 17 -27 8 16 10 16 16 
-14 -1 4 27 21 7 18 -9 2 -9 -23 4 11 13 26 5 -25 18 -26 2 
2 -26 18 -25 5 26 13 11 4 -23 -9 2 -9 18 7 21 27 4 -1 -14 
16 16 10 16 8 -27 17 -14 18 19 10 11 -21 9 9 15 5 7 23 -3 
11 15 -18 20 16 8 -2 26 9 0 5 21 -8 21 20 12 15 27 2 20 
7 17 10 1 17 27 -21 14 7 4 22 5 21 19 -25 -15 -18 22 -1 18 
7 -18 3 7 23 23 10 27 -17 16 6 -3 -20 25 -8 26 -6 27 -8 -5 
0 13 10 5 8 -10 18 1 18 20 19 27 18 22 -14 11 19 9 -24 23 
4 -10 26 19 25 23 27 0 20 27 27 9 25 11 24 -10 3 -15 4 1 
-17 -1 -9 19 -15 26 -3 17 10 16 20 16 18 4 8 23 7 4 -15 24 
14 4 0 9 -7 -15 23 6 -17 -5 13 13 -6 -11 23 25 12 2 5 -13 
3 11 23 -21 22 11 0 2 16 12 20 -27 -25 26 4 18 -6 18 24 18 
30
1
0 9
19 10
0
0
