20 20
-4 1 8 -18 24 -2 20 -19 -13 12 12 3 13 -17 14 5 13 -1 1 -10 
11 5 -1 16 -5 5 18 11 16 -5 -25 21 4 11 10 13 16 2 5 8 
1 25 15 -12 10 19 11 21 22 15 12 -5 13 -6 -7 11 11 22 9 21 
16 14 19 -11 11 19 8 8 19 4 2 24 -5 -22 14 21 9 -14 1 19 
13 9 -4 13 8 2 22 0 9 -16 18 25 -17 15 -13 -2 23 14 15 10 
22 5 -8 4 2 9 1 -14 5 17 15 -2 -11 -23 24 20 14 8 23 10 
23 -4 6 -11 9 7 8 7 25 12 -22 7 -14 7 10 15 23 22 6 -5 
6 12 22 9 3 13 19 -2 1 -21 -19 8 19 15 14 7 -20 -5 2 -14 
0 12 14 21 -13 2 2 6 11 12 18 4 10 -6 -15 24 24 -6 6 22 
3 12 2 1 8 18 5 19 22 19 0 9 3 17 -10 24 12 3 16 11 
11 16 3 12 24 -10 17 3 9 0 19 22 19 5 18 8 1 2 12 3 
22 6 -6 24 24 -15 -6 10 4 18 12 11 6 2 2 -13 21 14 12 0 
-14 2 -5 -20 7 14 15 19 8 -19 -21 1 -2 19 13 3 9 22 12 6 
-5 6 22 23 15 10 7 -14 7 -22 12 25 7 8 7 9 -11 6 -4 23 
10 23 8 14 20 24 -23 -11 -2 15 17 5 -14 1 9 2 4 -8 5 22 
10 15 14 23 -2 -13 15 -17 25 18 -16 9 0 22 2 8 13 -4 9 13 
19 1 -14 9 21 14 -22 -5 24 2 4 19 8 8 19 11 -11 19 14 16 
21 9 22 11 11 -7 -6 13 -5 12 15 22 21 11 19 10 -12 15 25 1 
8 5 2 16 13 10 11 4 21 -25 -5 16 11 18 5 -5 16 -1 5 11 
-10 1 -1 13 5 14 -17 13 3 12 12 -13 -19 20 -2 24 -18 8 1 -4 
30
1
11 7
8 12
0
0
