20 20
7 3 9 8 4 4 -11 0 15 8 6 14 14 4 4 14 15 13 -12 14 
-8 10 1 -10 5 4 -2 5 -11 7 -12 2 14 4 13 5 -1 -12 11 0 
9 3 2 12 -15 -11 12 13 15 3 -3 13 15 -9 -10 14 13 2 -14 8 
-11 3 14 -9 3 -14 13 -15 11 10 8 -6 -7 14 6 5 11 7 6 1 
-14 1 3 2 -4 9 3 2 11 11 -10 13 -8 15 9 8 10 13 9 2 
14 9 -9 6 9 11 4 6 5 -6 -8 12 14 -7 4 4 -12 13 7 15 
-6 11 1 -10 13 12 1 4 8 2 14 10 15 -7 2 -15 -5 -9 6 3 
14 6 -10 15 -14 6 10 12 5 13 7 -13 7 7 9 13 14 7 6 -4 
2 6 -13 -1 5 9 9 -3 9 12 -3 3 -15 12 -8 10 2 12 5 3 
-14 6 0 8 -11 6 10 10 -6 4 -11 -4 2 3 1 11 8 6 -3 -4 
-4 -3 6 8 11 1 3 2 -4 -11 4 -6 10 10 6 -11 8 0 6 -14 
3 5 12 2 10 -8 12 -15 3 -3 12 9 -3 9 9 5 -1 -13 6 2 
-4 6 7 14 13 9 7 7 -13 7 13 5 12 10 6 -14 15 -10 6 14 
3 6 -9 -5 -15 2 -7 15 10 14 2 8 4 1 12 13 -10 1 11 -6 
15 7 13 -12 4 4 -7 14 12 -8 -6 5 6 4 11 9 6 -9 9 14 
2 9 13 10 8 9 15 -8 13 -10 11 11 2 3 9 -4 2 3 1 -14 
1 6 7 11 5 6 14 -7 -6 8 10 11 -15 13 -14 3 -9 14 3 -11 
8 -14 2 13 14 -10 -9 15 13 -3 3 15 13 12 -11 -15 12 2 3 9 
0 11 -12 -1 5 13 4 14 2 -12 7 -11 5 -2 4 5 -10 1 10 -8 
14 -12 13 15 14 4 4 14 14 6 8 15 0 -11 4 4 8 9 3 7 
30
1
11 18
8 1
0
0
