20 20
-9 4 13 8 -1 -5 11 -2 12 1 -9 2 4 -4 0 2 10 1 1 3 
5 12 -2 -10 6 9 5 6 3 1 4 2 1 8 11 11 6 -10 10 12 
-9 12 13 7 -3 13 1 8 -4 -1 -8 -4 -11 5 3 5 -7 8 -7 11 
11 9 4 13 9 -13 2 -12 9 4 12 11 6 -4 6 0 11 8 2 6 
2 5 10 4 9 -12 3 -12 8 8 1 3 10 11 13 9 9 -3 9 -10 
3 -6 -5 3 -12 8 -3 -12 -4 -7 2 -1 -13 2 -12 10 -5 7 12 1 
1 11 4 0 1 0 -12 9 -6 -11 6 5 -9 5 9 4 -4 6 8 -6 
2 12 3 8 -13 12 11 12 7 11 6 9 3 12 10 8 -4 4 11 3 
3 11 0 6 8 8 -11 6 5 -2 5 11 8 13 11 7 -11 -5 3 4 
9 -9 9 6 12 3 -2 2 7 10 -2 2 7 -10 5 11 1 3 0 3 
3 0 3 1 11 5 -10 7 2 -2 10 7 2 -2 3 12 6 9 -9 9 
4 3 -5 -11 7 11 13 8 11 5 -2 5 6 -11 8 8 6 0 11 3 
3 11 4 -4 8 10 12 3 9 6 11 7 12 11 12 -13 8 3 12 2 
-6 8 6 -4 4 9 5 -9 5 6 -11 -6 9 -12 0 1 0 4 11 1 
1 12 7 -5 10 -12 2 -13 -1 2 -7 -4 -12 -3 8 -12 3 -5 -6 3 
-10 9 -3 9 9 13 11 10 3 1 8 8 -12 3 -12 9 4 10 5 2 
6 2 8 11 0 6 -4 6 11 12 4 9 -12 2 -13 9 13 4 9 11 
11 -7 8 -7 5 3 5 -11 -4 -8 -1 -4 8 1 13 -3 7 13 12 -9 
12 10 -10 6 11 11 8 1 2 4 1 3 6 5 9 6 -10 -2 12 5 
3 1 1 10 2 0 -4 4 2 -9 1 12 -2 11 -5 -1 8 13 4 -9 
30
1
0 8
19 11
0
0
