20 20
-4 6 2 10 4 0 10 4 11 -12 10 1 5 5 -12 12 4 6 11 2 
7 12 10 -10 3 10 3 3 3 12 -12 -1 1 8 -9 1 9 8 -10 2 
-2 7 5 2 9 0 1 13 9 2 7 12 13 -6 10 13 -11 13 5 2 
13 10 8 6 -9 -8 -2 8 -6 6 11 10 -12 2 -10 -13 2 6 10 5 
-9 -10 1 -6 10 10 4 9 -7 -1 -2 5 -4 10 10 8 3 6 -8 -3 
2 3 12 5 2 8 8 4 13 11 10 9 -11 -13 0 7 -8 11 5 10 
-2 3 -12 6 3 -10 7 4 -10 4 -12 4 10 -2 2 5 11 -13 11 2 
9 -9 5 4 10 9 -3 8 4 11 -4 6 -3 2 -11 6 2 8 4 4 
3 11 2 0 -7 -13 -13 1 7 -12 11 9 8 -7 13 7 2 7 11 9 
7 -11 8 9 -6 7 -12 11 -10 -3 2 12 6 4 6 -5 12 0 -8 1 
1 -8 0 12 -5 6 4 6 12 2 -3 -10 11 -12 7 -6 9 8 -11 7 
9 11 7 2 7 13 -7 8 9 11 -12 7 1 -13 -13 -7 0 2 11 3 
4 4 8 2 6 -11 2 -3 6 -4 11 4 8 -3 9 10 4 5 -9 9 
2 11 -13 11 5 2 -2 10 4 -12 4 -10 4 7 -10 3 6 -12 3 -2 
10 5 11 -8 7 0 -13 -11 9 10 11 13 4 8 8 2 5 12 3 2 
-3 -8 6 3 8 10 10 -4 5 -2 -1 -7 9 4 10 10 -6 1 -10 -9 
5 10 6 2 -13 -10 2 -12 10 11 6 -6 8 -2 -8 -9 6 8 10 13 
2 5 13 -11 13 10 -6 13 12 7 2 9 13 1 0 9 2 5 7 -2 
2 -10 8 9 1 -9 8 1 -1 -12 12 3 3 3 10 3 -10 10 12 7 
2 11 6 4 12 -12 5 5 1 10 -12 11 4 10 0 4 10 2 6 -4 
30
1
1 13
18 6
0
0
