20 20
-3 0 9 8 -5 4 2 -10 7 4 -2 -9 10 13 9 -5 11 1 11 14 
13 13 7 2 -5 10 -5 13 12 2 9 -12 12 3 -7 -9 4 5 2 7 
4 0 9 6 9 13 -12 -1 8 5 -1 8 -3 -13 10 4 10 5 10 8 
-11 -7 1 12 8 2 -6 10 -14 14 6 14 -11 -7 10 7 5 -8 11 2 
5 10 8 -13 2 10 -13 -3 2 6 -5 7 12 -5 7 4 1 10 13 8 
9 1 -1 5 6 13 12 5 -3 12 -10 3 5 5 2 -5 11 -6 14 6 
3 13 11 -14 -8 14 13 4 7 -10 1 9 -6 3 10 14 -2 9 6 13 
-5 -10 4 9 6 6 11 14 -9 5 3 0 2 10 1 5 0 12 8 12 
2 10 14 2 -5 -5 10 6 7 -7 9 6 2 2 0 9 8 2 -12 -8 
3 2 2 14 0 8 10 8 3 -11 -5 -1 -9 13 4 9 6 -6 8 1 
1 8 -6 6 9 4 13 -9 -1 -5 -11 3 8 10 8 0 14 2 2 3 
-8 -12 2 8 9 0 2 2 6 9 -7 7 6 10 -5 -5 2 14 10 2 
12 8 12 0 5 1 10 2 0 3 5 -9 14 11 6 6 9 4 -10 -5 
13 6 9 -2 14 10 3 -6 9 1 -10 7 4 13 14 -8 -14 11 13 3 
6 14 -6 11 -5 2 5 5 3 -10 12 -3 5 12 13 6 5 -1 1 9 
8 13 10 1 4 7 -5 12 7 -5 6 2 -3 -13 10 2 -13 8 10 5 
2 11 -8 5 7 10 -7 -11 14 6 14 -14 10 -6 2 8 12 1 -7 -11 
8 10 5 10 4 10 -13 -3 8 -1 5 8 -1 -12 13 9 6 9 0 4 
7 2 5 4 -9 -7 3 12 -12 9 2 12 13 -5 10 -5 2 7 13 13 
14 11 1 11 -5 9 13 10 -9 -2 4 7 -10 2 4 -5 8 9 0 -3 
30
1
0 2
19 17
0
0
