20 20
14 20 6 6 21 -3 18 7 24 19 28 9 -26 22 -26 6 -25 27 10 2 
7 8 10 28 -24 7 13 24 0 24 -28 24 2 27 15 23 6 21 18 20 
7 3 13 26 28 11 25 9 17 2 29 6 -22 16 16 -14 7 -4 -25 11 
24 -4 4 27 -7 8 26 12 8 24 -4 27 -10 25 10 10 0 26 11 14 
22 0 11 10 6 5 28 18 22 0 0 5 12 -21 12 21 8 26 29 -7 
9 10 23 16 5 12 -11 27 13 -5 27 0 -28 2 7 11 -23 29 17 21 
28 24 7 13 8 7 -23 17 -14 11 1 10 4 20 -21 21 29 1 12 5 
-29 -13 15 5 17 11 26 14 24 11 26 12 -16 -29 21 24 23 19 -15 26 
6 18 1 23 26 -6 26 9 15 1 11 -8 -12 -21 7 24 6 22 25 24 
15 24 9 1 -4 -21 7 23 -10 29 7 15 -24 -18 0 1 -3 25 6 3 
3 6 25 -3 1 0 -18 -24 15 7 29 -10 23 7 -21 -4 1 9 24 15 
24 25 22 6 24 7 -21 -12 -8 11 1 15 9 26 -6 26 23 1 18 6 
26 -15 19 23 24 21 -29 -16 12 26 11 24 14 26 11 17 5 15 -13 -29 
5 12 1 29 21 -21 20 4 10 1 11 -14 17 -23 7 8 13 7 24 28 
21 17 29 -23 11 7 2 -28 0 27 -5 13 27 -11 12 5 16 23 10 9 
-7 29 26 8 21 12 -21 12 5 0 0 22 18 28 5 6 10 11 0 22 
14 11 26 0 10 10 25 -10 27 -4 24 8 12 26 8 -7 27 4 -4 24 
11 -25 -4 7 -14 16 16 -22 6 29 2 17 9 25 11 28 26 13 3 7 
20 18 21 6 23 15 27 2 24 -28 24 0 24 13 7 -24 28 10 8 7 
2 10 27 -25 6 -26 22 -26 9 28 19 24 7 18 -3 21 6 6 20 14 
30
1
5 17
14 2
0
0
