20 20
18 21 8 18 -2 -1 8 3 15 5 10 13 16 6 17 -17 -7 3 -16 2 
19 13 7 18 6 11 21 19 -12 8 16 2 12 21 -8 -14 -15 19 8 7 
1 -3 12 0 2 21 9 19 11 18 9 21 20 1 10 8 -11 -5 21 4 
-6 15 1 9 -7 7 9 3 -15 21 15 -20 3 17 -20 0 3 5 3 -19 
-16 7 16 7 -11 8 -3 -17 14 8 10 -3 -20 9 16 16 -6 -21 10 -13 
9 -7 -5 -6 -18 -5 1 -12 17 13 19 14 -11 17 -12 1 21 -16 9 13 
-1 15 -12 -7 12 21 -2 14 -19 2 2 18 -16 -9 3 2 8 -18 15 5 
-17 4 20 20 20 2 -15 6 21 -3 15 9 12 -15 13 0 11 9 -11 14 
-7 -2 5 20 15 19 -21 -6 1 -10 -2 -17 -14 -8 8 1 9 19 19 9 
6 21 14 0 9 5 -3 18 5 11 4 -21 13 -15 2 4 18 13 -15 3 
3 -15 13 18 4 2 -15 13 -21 4 11 5 18 -3 5 9 0 14 21 6 
9 19 19 9 1 8 -8 -14 -17 -2 -10 1 -6 -21 19 15 20 5 -2 -7 
14 -11 9 11 0 13 -15 12 9 15 -3 21 6 -15 2 20 20 20 4 -17 
5 15 -18 8 2 3 -9 -16 18 2 2 -19 14 -2 21 12 -7 -12 15 -1 
13 9 -16 21 1 -12 17 -11 14 19 13 17 -12 1 -5 -18 -6 -5 -7 9 
-13 10 -21 -6 16 16 9 -20 -3 10 8 14 -17 -3 8 -11 7 16 7 -16 
-19 3 5 3 0 -20 17 3 -20 15 21 -15 3 9 7 -7 9 1 15 -6 
4 21 -5 -11 8 10 1 20 21 9 18 11 19 9 21 2 0 12 -3 1 
7 8 19 -15 -14 -8 21 12 2 16 8 -12 19 21 11 6 18 7 13 19 
2 -16 3 -7 -17 17 6 16 13 10 5 15 3 8 -1 -2 18 8 21 18 
30
1
12 16
7 3
0
0
