20 20
18 0 17 23 0 4 11 12 -22 8 -9 20 6 10 16 17 1 0 5 13 
18 6 -21 20 21 1 7 5 5 14 -10 -22 8 22 18 12 20 6 16 20 
-9 19 21 -4 22 4 18 -9 6 19 -8 -8 6 3 4 9 12 8 2 -22 
2 19 19 -4 11 -21 20 18 19 0 20 19 11 1 -4 -14 5 22 22 13 
17 16 0 -4 8 -17 -8 22 4 3 9 14 9 6 17 8 1 4 1 2 
-8 4 10 -4 17 -18 24 -8 -10 21 5 -2 6 24 -19 23 -19 -7 18 -22 
16 20 19 7 -14 -24 12 -23 4 -8 8 -7 9 -12 16 11 -2 22 21 21 
20 -1 -17 1 4 2 19 12 -16 17 -14 8 19 6 -12 -16 -22 3 16 12 
-22 4 13 15 20 13 -12 22 23 -2 13 12 7 9 5 -14 -15 19 21 20 
-14 3 -7 6 -10 -22 14 -13 -24 3 22 -11 21 14 -4 10 14 19 10 0 
0 10 19 14 10 -4 14 21 -11 22 3 -24 -13 14 -22 -10 6 -7 3 -14 
20 21 19 -15 -14 5 9 7 12 13 -2 23 22 -12 13 20 15 13 4 -22 
12 16 3 -22 -16 -12 6 19 8 -14 17 -16 12 19 2 4 1 -17 -1 20 
21 21 22 -2 11 16 -12 9 -7 8 -8 4 -23 12 -24 -14 7 19 20 16 
-22 18 -7 -19 23 -19 24 6 -2 5 21 -10 -8 24 -18 17 -4 10 4 -8 
2 1 4 1 8 17 6 9 14 9 3 4 22 -8 -17 8 -4 0 16 17 
13 22 22 5 -14 -4 1 11 19 20 0 19 18 20 -21 11 -4 19 19 2 
-22 2 8 12 9 4 3 6 -8 -8 19 6 -9 18 4 22 -4 21 19 -9 
20 16 6 20 12 18 22 8 -22 -10 14 5 5 7 1 21 20 -21 6 18 
13 5 0 1 17 16 10 6 20 -9 8 -22 12 11 4 0 23 17 0 18 
30
1
19 8
0 11
0
0
