20 20
0 2 0 17 5 7 9 -2 18 16 3 12 -8 2 -23 0 0 14 11 19 
-10 0 20 9 20 3 -18 11 8 -2 20 -8 -7 11 -11 25 -3 16 16 16 
-9 -2 10 13 19 3 7 23 16 3 20 26 18 6 8 1 18 -7 1 15 
-17 -18 3 1 16 4 -24 15 25 13 21 17 -4 16 15 -18 1 19 -16 9 
23 -2 -24 -7 25 1 21 12 21 19 4 -4 -25 -19 20 24 -6 -16 16 23 
3 21 12 20 22 2 -5 13 5 18 11 25 -5 17 -24 27 19 20 -14 -1 
-27 18 9 12 10 18 21 -17 -7 12 3 16 -7 17 4 -1 9 3 0 -5 
9 7 5 24 12 24 12 -9 8 -26 -16 -11 -16 15 11 7 -3 14 -23 22 
17 20 4 24 -11 0 18 9 7 2 14 18 0 10 25 20 22 -15 14 7 
12 -23 6 -23 -14 7 10 7 11 7 25 20 -23 7 -3 -12 12 3 18 17 
17 18 3 12 -12 -3 7 -23 20 25 7 11 7 10 7 -14 -23 6 -23 12 
7 14 -15 22 20 25 10 0 18 14 2 7 9 18 0 -11 24 4 20 17 
22 -23 14 -3 7 11 15 -16 -11 -16 -26 8 -9 12 24 12 24 5 7 9 
-5 0 3 9 -1 4 17 -7 16 3 12 -7 -17 21 18 10 12 9 18 -27 
-1 -14 20 19 27 -24 17 -5 25 11 18 5 13 -5 2 22 20 12 21 3 
23 16 -16 -6 24 20 -19 -25 -4 4 19 21 12 21 1 25 -7 -24 -2 23 
9 -16 19 1 -18 15 16 -4 17 21 13 25 15 -24 4 16 1 3 -18 -17 
15 1 -7 18 1 8 6 18 26 20 3 16 23 7 3 19 13 10 -2 -9 
16 16 16 -3 25 -11 11 -7 -8 20 -2 8 11 -18 3 20 9 20 0 -10 
19 11 14 0 0 -23 2 -8 12 3 16 18 -2 9 7 5 17 0 2 0 
30
1
10 14
9 5
0
0
