20 20
15 18 10 8 -21 -15 -10 4 0 11 19 14 15 -21 -7 18 -11 3 11 2 
17 16 11 11 -8 6 11 16 0 -11 9 21 16 6 -8 0 11 1 17 -9 
-4 5 11 9 17 -6 11 11 -17 -14 10 17 18 8 9 6 17 18 13 4 
-1 3 -3 5 -14 -3 -4 19 -6 -9 12 5 11 19 7 1 -15 21 19 2 
8 -5 0 17 18 -14 5 7 12 3 -11 18 -6 15 6 21 12 -20 3 -21 
-7 1 17 19 5 -12 1 1 11 12 2 17 2 2 15 -10 9 -1 21 18 
21 -14 16 -12 -3 20 16 13 16 11 18 6 9 9 10 21 13 21 12 8 
9 0 19 10 19 9 -20 16 17 20 -21 18 3 19 -9 -7 21 17 21 18 
14 21 4 0 21 11 15 16 8 -21 2 -14 1 5 21 -5 16 -18 19 10 
7 17 1 15 4 5 -4 21 15 7 10 8 12 21 4 -13 20 -2 16 2 
2 16 -2 20 -13 4 21 12 8 10 7 15 21 -4 5 4 15 1 17 7 
10 19 -18 16 -5 21 5 1 -14 2 -21 8 16 15 11 21 0 4 21 14 
18 21 17 21 -7 -9 19 3 18 -21 20 17 16 -20 9 19 10 19 0 9 
8 12 21 13 21 10 9 9 6 18 11 16 13 16 20 -3 -12 16 -14 21 
18 21 -1 9 -10 15 2 2 17 2 12 11 1 1 -12 5 19 17 1 -7 
-21 3 -20 12 21 6 15 -6 18 -11 3 12 7 5 -14 18 17 0 -5 8 
2 19 21 -15 1 7 19 11 5 12 -9 -6 19 -4 -3 -14 5 -3 3 -1 
4 13 18 17 6 9 8 18 17 10 -14 -17 11 11 -6 17 9 11 5 -4 
-9 17 1 11 0 -8 6 16 21 9 -11 0 16 11 6 -8 11 11 16 17 
2 11 3 -11 18 -7 -21 15 14 19 11 0 4 -10 -15 -21 8 10 18 15 
30
1
15 1
4 18
0
0
