20 20
-10 -1 -14 12 -15 1 4 12 11 10 15 2 9 0 -14 13 16 -3 14 -9 
6 -16 1 14 14 14 3 1 -13 12 7 8 -16 6 12 6 8 5 6 8 
0 6 -13 7 5 3 9 -12 14 -14 12 8 -6 -16 12 4 12 2 16 3 
11 -9 11 -11 -2 9 9 -5 6 9 14 13 -4 14 12 2 -14 5 9 11 
16 1 12 5 9 -5 3 15 9 -16 -7 6 9 15 8 -6 4 -7 10 0 
11 0 1 11 7 6 11 4 6 5 4 -11 13 9 10 -1 -8 -6 7 -16 
14 10 -8 7 12 5 8 4 12 -2 1 -15 2 2 15 -7 11 8 15 6 
16 -12 10 14 5 12 1 5 8 5 8 3 8 14 10 -13 3 -3 -6 3 
3 6 4 -4 -10 -10 3 -11 -12 13 1 8 8 2 1 12 5 16 1 16 
13 7 4 14 10 -12 2 16 -14 2 2 3 13 12 14 11 7 -14 14 16 
16 14 -14 7 11 14 12 13 3 2 2 -14 16 2 -12 10 14 4 7 13 
16 1 16 5 12 1 2 8 8 1 13 -12 -11 3 -10 -10 -4 4 6 3 
3 -6 -3 3 -13 10 14 8 3 8 5 8 5 1 12 5 14 10 -12 16 
6 15 8 11 -7 15 2 2 -15 1 -2 12 4 8 5 12 7 -8 10 14 
-16 7 -6 -8 -1 10 9 13 -11 4 5 6 4 11 6 7 11 1 0 11 
0 10 -7 4 -6 8 15 9 6 -7 -16 9 15 3 -5 9 5 12 1 16 
11 9 5 -14 2 12 14 -4 13 14 9 6 -5 9 9 -2 -11 11 -9 11 
3 16 2 12 4 12 -16 -6 8 12 -14 14 -12 9 3 5 7 -13 6 0 
8 6 5 8 6 12 6 -16 8 7 12 -13 1 3 14 14 14 1 -16 6 
-9 14 -3 16 13 -14 0 9 2 15 10 11 12 4 1 -15 12 -14 -1 -10 
30
1
1 9
18 10
0
0
