20 20
11 13 0 6 8 12 3 -10 2 13 3 4 -9 5 10 4 5 3 13 7 
13 10 2 13 -9 2 7 9 5 -3 9 8 3 0 1 11 11 3 1 6 
4 13 14 11 3 5 8 2 2 6 2 8 11 -14 6 7 -9 13 4 2 
6 0 11 10 9 13 7 7 4 10 -7 1 3 14 4 9 12 1 5 -4 
11 1 7 14 4 6 10 5 -8 -4 -14 -13 6 -10 7 -12 1 8 4 5 
-4 3 1 6 -10 5 9 8 -11 12 -14 -3 2 1 1 0 10 6 13 4 
1 -10 8 4 4 10 0 0 13 -13 11 12 7 -13 -12 -14 6 -5 2 13 
10 13 -13 14 4 -11 -10 13 3 5 -6 4 8 5 5 6 6 5 12 8 
1 -14 8 3 0 4 3 -4 1 11 10 2 -11 12 -1 7 13 13 -13 1 
-5 -13 1 1 4 14 5 12 9 9 12 -8 -3 -9 -9 -5 2 0 -4 -2 
-2 -4 0 2 -5 -9 -9 -3 -8 12 9 9 12 5 14 4 1 1 -13 -5 
1 -13 13 13 7 -1 12 -11 2 10 11 1 -4 3 4 0 3 8 -14 1 
8 12 5 6 6 5 5 8 4 -6 5 3 13 -10 -11 4 14 -13 13 10 
13 2 -5 6 -14 -12 -13 7 12 11 -13 13 0 0 10 4 4 8 -10 1 
4 13 6 10 0 1 1 2 -3 -14 12 -11 8 9 5 -10 6 1 3 -4 
5 4 8 1 -12 7 -10 6 -13 -14 -4 -8 5 10 6 4 14 7 1 11 
-4 5 1 12 9 4 14 3 1 -7 10 4 7 7 13 9 10 11 0 6 
2 4 13 -9 7 6 -14 11 8 2 6 2 2 8 5 3 11 14 13 4 
6 1 3 11 11 1 0 3 8 9 -3 5 9 7 2 -9 13 2 10 13 
7 13 3 5 4 10 5 -9 4 3 13 2 -10 3 12 8 6 0 13 11 
30
1
6 7
13 12
0
0
