20 20
-27 24 3 -24 21 9 -5 -6 6 24 20 20 12 -1 17 27 15 7 9 28 
9 9 4 -26 28 26 19 -26 23 14 15 25 22 23 6 -5 19 -29 -9 5 
-28 -28 20 18 11 5 1 23 23 22 8 -25 22 4 1 2 23 5 28 11 
15 9 -24 9 13 18 9 26 -7 14 22 28 20 19 22 -9 20 19 1 -15 
3 14 29 17 7 27 1 -24 18 19 7 -23 -1 17 -16 4 12 26 -10 22 
18 -25 0 -16 11 9 7 15 8 27 4 25 5 8 5 6 23 4 25 12 
2 10 15 29 8 -28 8 22 26 24 23 4 16 23 -29 18 17 9 15 -2 
11 5 15 22 -19 27 -15 14 18 -12 -25 -14 19 6 22 7 11 15 15 21 
12 6 24 4 0 -22 -6 28 18 13 1 26 21 2 -17 11 -21 29 16 4 
5 22 16 0 -15 -19 8 13 11 17 13 10 29 10 0 -13 -23 18 20 11 
11 20 18 -23 -13 0 10 29 10 13 17 11 13 8 -19 -15 0 16 22 5 
4 16 29 -21 11 -17 2 21 26 1 13 18 28 -6 -22 0 4 24 6 12 
21 15 15 11 7 22 6 19 -14 -25 -12 18 14 -15 27 -19 22 15 5 11 
-2 15 9 17 18 -29 23 16 4 23 24 26 22 8 -28 8 29 15 10 2 
12 25 4 23 6 5 8 5 25 4 27 8 15 7 9 11 -16 0 -25 18 
22 -10 26 12 4 -16 17 -1 -23 7 19 18 -24 1 27 7 17 29 14 3 
-15 1 19 20 -9 22 19 20 28 22 14 -7 26 9 18 13 9 -24 9 15 
11 28 5 23 2 1 4 22 -25 8 22 23 23 1 5 11 18 20 -28 -28 
5 -9 -29 19 -5 6 23 22 25 15 14 23 -26 19 26 28 -26 4 9 9 
28 9 7 15 27 17 -1 12 20 20 24 6 -6 -5 9 21 -24 3 24 -27 
30
1
17 1
2 18
0
0
