20 20
19 12 14 0 -27 26 19 19 -23 19 19 12 11 16 7 14 -3 13 19 22 
-24 5 12 -26 21 23 20 6 -15 19 7 23 19 -11 13 14 -11 20 19 27 
21 5 12 20 -10 24 -21 0 -11 24 26 -26 3 -9 23 26 17 8 25 17 
7 -14 0 -7 25 24 17 16 19 17 4 19 9 25 1 -15 19 4 23 12 
5 14 9 -6 19 9 -6 -20 11 -9 10 -3 11 15 3 2 23 19 -26 23 
-24 18 3 0 23 -25 16 21 24 -9 5 25 2 8 -8 19 -15 -20 2 -22 
2 -17 13 27 26 3 24 -16 -7 18 22 6 26 26 14 23 2 13 -6 16 
1 3 20 20 3 22 9 13 8 7 -17 -22 -13 14 16 -5 7 19 3 21 
23 12 3 -8 -17 11 21 12 -4 14 -8 2 -14 3 8 -12 12 -11 -20 -3 
-24 -27 9 -16 13 -7 10 -26 9 -14 14 -9 -23 -19 22 -3 11 26 -8 -1 
-1 -8 26 11 -3 22 -19 -23 -9 14 -14 9 -26 10 -7 13 -16 9 -27 -24 
-3 -20 -11 12 -12 8 3 -14 2 -8 14 -4 12 21 11 -17 -8 3 12 23 
21 3 19 7 -5 16 14 -13 -22 -17 7 8 13 9 22 3 20 20 3 1 
16 -6 13 2 23 14 26 26 6 22 18 -7 -16 24 3 26 27 13 -17 2 
-22 2 -20 -15 19 -8 8 2 25 5 -9 24 21 16 -25 23 0 3 18 -24 
23 -26 19 23 2 3 15 11 -3 10 -9 11 -20 -6 9 19 -6 9 14 5 
12 23 4 19 -15 1 25 9 19 4 17 19 16 17 24 25 -7 0 -14 7 
17 25 8 17 26 23 -9 3 -26 26 24 -11 0 -21 24 -10 20 12 5 21 
27 19 20 -11 14 13 -11 19 23 7 19 -15 6 20 23 21 -26 12 5 -24 
22 19 13 -3 14 7 16 11 12 19 19 -23 19 19 26 -27 0 14 12 19 
30
1
7 6
12 13
0
0
