20 20
-3 16 -13 7 11 7 2 11 1 9 11 14 8 -15 11 10 12 6 14 13 
16 -5 14 12 1 -9 12 1 -6 10 -3 13 12 4 -11 12 2 16 15 3 
5 7 -4 13 -10 11 15 16 6 15 -8 3 -1 13 -14 14 4 -6 0 -12 
-9 -11 16 3 9 2 -4 11 11 16 4 -5 0 5 3 6 1 14 5 6 
-15 16 16 1 3 4 8 14 3 15 10 -3 -15 -14 2 8 -12 12 6 1 
8 -2 -2 -5 11 15 14 4 -15 -5 9 -4 -10 -11 12 1 1 8 1 9 
16 2 -12 8 16 12 4 2 2 1 2 -9 3 9 2 7 -2 8 -10 0 
14 -8 -16 15 13 -12 1 7 9 16 -8 13 -2 -3 -3 -15 2 -15 2 3 
-3 9 12 14 1 -13 11 2 3 -8 3 7 1 6 -9 5 13 0 9 10 
-11 11 0 12 3 1 8 5 2 2 0 9 12 3 3 -15 6 -11 -8 2 
2 -8 -11 6 -15 3 3 12 9 0 2 2 5 8 1 3 12 0 11 -11 
10 9 0 13 5 -9 6 1 7 3 -8 3 2 11 -13 1 14 12 9 -3 
3 2 -15 2 -15 -3 -3 -2 13 -8 16 9 7 1 -12 13 15 -16 -8 14 
0 -10 8 -2 7 2 9 3 -9 2 1 2 2 4 12 16 8 -12 2 16 
9 1 8 1 1 12 -11 -10 -4 9 -5 -15 4 14 15 11 -5 -2 -2 8 
1 6 12 -12 8 2 -14 -15 -3 10 15 3 14 8 4 3 1 16 16 -15 
6 5 14 1 6 3 5 0 -5 4 16 11 11 -4 2 9 3 16 -11 -9 
-12 0 -6 4 14 -14 13 -1 3 -8 15 6 16 15 11 -10 13 -4 7 5 
3 15 16 2 12 -11 4 12 13 -3 10 -6 1 12 -9 1 12 14 -5 16 
13 14 6 12 10 11 -15 8 14 11 9 1 11 2 7 11 7 -13 16 -3 
30
1
7 13
12 6
0
0
