20 20
-23 6 23 4 4 2 5 -26 -22 27 18 2 9 -16 7 1 26 22 12 28 
14 23 -7 1 5 8 26 5 23 6 21 -15 21 -17 28 14 8 28 12 -26 
3 -24 4 25 -21 10 5 -26 28 -1 -21 26 1 6 2 -22 24 8 -5 27 
26 4 24 28 12 -6 1 -6 19 8 15 26 12 3 -23 -26 -15 -6 16 9 
8 28 12 21 21 15 0 14 13 27 2 26 27 -2 2 6 19 -23 21 14 
-27 21 -8 3 12 13 4 -8 6 21 5 19 5 24 25 15 16 5 2 15 
10 2 23 16 -26 -13 21 9 15 19 28 18 7 19 -23 28 0 -15 22 23 
10 17 14 16 2 18 -25 12 1 24 1 12 22 6 26 4 18 19 -28 -15 
23 17 -6 19 22 11 2 -27 -3 19 27 6 18 -1 18 0 8 1 24 23 
-8 22 5 14 20 12 0 17 3 14 20 16 -21 2 4 -1 1 -7 23 13 
13 23 -7 1 -1 4 2 -21 16 20 14 3 17 0 12 20 14 5 22 -8 
23 24 1 8 0 18 -1 18 6 27 19 -3 -27 2 11 22 19 -6 17 23 
-15 -28 19 18 4 26 6 22 12 1 24 1 12 -25 18 2 16 14 17 10 
23 22 -15 0 28 -23 19 7 18 28 19 15 9 21 -13 -26 16 23 2 10 
15 2 5 16 15 25 24 5 19 5 21 6 -8 4 13 12 3 -8 21 -27 
14 21 -23 19 6 2 -2 27 26 2 27 13 14 0 15 21 21 12 28 8 
9 16 -6 -15 -26 -23 3 12 26 15 8 19 -6 1 -6 12 28 24 4 26 
27 -5 8 24 -22 2 6 1 26 -21 -1 28 -26 5 10 -21 25 4 -24 3 
-26 12 28 8 14 28 -17 21 -15 21 6 23 5 26 8 5 1 -7 23 14 
28 12 22 26 1 7 -16 9 2 18 27 -22 -26 5 2 4 4 23 6 -23 
30
1
1 18
18 1
0
0
