20 20
15 9 9 -17 -5 9 22 7 21 -23 16 17 -16 -12 6 21 9 1 1 -8 
17 -14 -8 18 8 15 -16 21 7 20 -20 -10 23 21 5 4 8 6 9 9 
-3 -17 6 23 6 15 9 -12 -1 22 -14 5 2 13 12 0 3 -1 22 10 
18 0 12 21 8 21 10 11 12 12 -8 -13 12 -10 -16 1 6 11 12 5 
-9 17 22 5 4 22 16 8 11 -14 18 13 -21 -11 11 -19 7 7 12 13 
14 -8 7 -15 23 16 -18 -23 18 6 6 13 5 11 21 12 14 7 8 7 
18 10 -3 7 15 -13 8 -12 9 6 1 10 12 15 11 -14 4 17 3 12 
-23 15 11 -9 -2 13 15 -17 16 5 9 21 10 6 13 18 -6 -17 13 17 
13 8 17 20 3 19 14 21 13 -5 19 -16 8 5 6 20 15 17 4 19 
-6 1 7 -5 -18 4 13 0 14 16 18 17 10 3 -8 9 13 2 13 22 
22 13 2 13 9 -8 3 10 17 18 16 14 0 13 4 -18 -5 7 1 -6 
19 4 17 15 20 6 5 8 -16 19 -5 13 21 14 19 3 20 17 8 13 
17 13 -17 -6 18 13 6 10 21 9 5 16 -17 15 13 -2 -9 11 15 -23 
12 3 17 4 -14 11 15 12 10 1 6 9 -12 8 -13 15 7 -3 10 18 
7 8 7 14 12 21 11 5 13 6 6 18 -23 -18 16 23 -15 7 -8 14 
13 12 7 7 -19 11 -11 -21 13 18 -14 11 8 16 22 4 5 22 17 -9 
5 12 11 6 1 -16 -10 12 -13 -8 12 12 11 10 21 8 21 12 0 18 
10 22 -1 3 0 12 13 2 5 -14 22 -1 -12 9 15 6 23 6 -17 -3 
9 9 6 8 4 5 21 23 -10 -20 20 7 21 -16 15 8 18 -8 -14 17 
-8 1 1 9 21 6 -12 -16 17 16 -23 21 7 22 9 -5 -17 9 9 15 
30
1
11 15
8 4
0
0
