20 20
5 -1 0 22 14 18 20 19 0 2 1 23 7 16 -7 13 23 21 22 4 
19 -18 -6 22 -12 16 19 -21 7 5 23 20 -7 -22 23 13 8 -8 22 19 
-11 4 2 11 -12 10 19 16 18 -21 21 1 7 -22 3 22 15 23 17 11 
0 7 2 -23 19 11 9 18 0 -1 16 -19 18 18 12 -20 -18 8 7 1 
10 13 -1 14 15 16 15 0 -4 -13 22 18 -9 19 7 16 22 -16 22 -21 
6 -23 21 -21 23 -10 9 -2 6 23 20 -20 -16 -20 12 12 10 17 3 -1 
2 23 4 19 4 10 10 16 7 16 4 -22 3 -15 2 9 -19 12 -10 5 
23 -15 8 -23 7 -10 -3 19 22 0 16 -15 13 17 9 -5 22 12 -6 15 
-12 12 -22 10 0 -17 14 16 22 -17 -16 -17 3 20 -1 23 23 16 17 3 
-11 3 23 -21 10 4 0 10 -4 15 22 -21 -13 -4 -14 -1 0 -21 12 14 
14 12 -21 0 -1 -14 -4 -13 -21 22 15 -4 10 0 4 10 -21 23 3 -11 
3 17 16 23 23 -1 20 3 -17 -16 -17 22 16 14 -17 0 10 -22 12 -12 
15 -6 12 22 -5 9 17 13 -15 16 0 22 19 -3 -10 7 -23 8 -15 23 
5 -10 12 -19 9 2 -15 3 -22 4 16 7 16 10 10 4 19 4 23 2 
-1 3 17 10 12 12 -20 -16 -20 20 23 6 -2 9 -10 23 -21 21 -23 6 
-21 22 -16 22 16 7 19 -9 18 22 -13 -4 0 15 16 15 14 -1 13 10 
1 7 8 -18 -20 12 18 18 -19 16 -1 0 18 9 11 19 -23 2 7 0 
11 17 23 15 22 3 -22 7 1 21 -21 18 16 19 10 -12 11 2 4 -11 
19 22 -8 8 13 23 -22 -7 20 23 5 7 -21 19 16 -12 22 -6 -18 19 
4 22 21 23 13 -7 16 7 23 1 2 0 19 20 18 14 22 0 -1 5 
30
1
12 8
7 11
0
0
