20 20
7 -4 8 6 -13 8 11 -10 -11 8 9 -7 12 3 8 12 12 5 -11 13 
2 13 12 8 2 11 11 8 0 4 3 9 1 10 3 13 -11 10 6 10 
9 7 7 12 -2 0 12 0 11 8 8 1 8 4 3 5 12 -1 11 -9 
2 -13 4 6 11 7 3 -9 13 12 2 -6 -1 10 6 10 6 3 2 5 
4 -4 1 -9 6 5 2 -12 9 4 -9 3 12 4 1 9 6 9 1 -13 
5 9 10 12 13 0 13 13 -4 13 5 -3 2 2 -10 3 4 4 13 -8 
12 10 1 7 6 9 13 9 10 -9 2 7 10 -8 13 2 3 13 10 -9 
-8 -3 7 6 6 6 0 8 3 3 9 -12 -6 -9 6 1 -2 8 8 -4 
12 -2 8 7 -2 6 3 2 10 10 0 8 -6 10 9 -13 11 2 -8 -2 
4 9 9 6 -1 13 11 -13 -12 9 6 13 10 10 8 -10 7 -1 -10 -10 
-10 -10 -1 7 -10 8 10 10 13 6 9 -12 -13 11 13 -1 6 9 9 4 
-2 -8 2 11 -13 9 10 -6 8 0 10 10 2 3 6 -2 7 8 -2 12 
-4 8 8 -2 1 6 -9 -6 -12 9 3 3 8 0 6 6 6 7 -3 -8 
-9 10 13 3 2 13 -8 10 7 2 -9 10 9 13 9 6 7 1 10 12 
-8 13 4 4 3 -10 2 2 -3 5 13 -4 13 13 0 13 12 10 9 5 
-13 1 9 6 9 1 4 12 3 -9 4 9 -12 2 5 6 -9 1 -4 4 
5 2 3 6 10 6 10 -1 -6 2 12 13 -9 3 7 11 6 4 -13 2 
-9 11 -1 12 5 3 4 8 1 8 8 11 0 12 0 -2 12 7 7 9 
10 6 10 -11 13 3 10 1 9 3 4 0 8 11 11 2 8 12 13 2 
13 -11 5 12 12 8 3 12 -7 9 8 -11 -10 11 8 -13 6 8 -4 7 
30
1
5 9
14 10
0
0
