20 20
14 18 22 -6 21 23 -20 -27 0 -13 27 16 -24 20 4 23 -2 -19 -6 4 
3 -22 22 4 28 -13 18 2 -5 10 20 18 9 23 14 4 8 -8 1 -24 
4 4 12 29 24 -16 7 16 1 24 8 16 24 16 20 16 20 26 -6 -8 
23 20 25 22 -22 5 -5 -15 16 14 5 18 -4 -3 -22 17 16 12 20 27 
9 18 2 27 10 25 8 21 28 -23 8 23 15 27 28 19 25 23 13 -6 
14 14 29 26 9 7 -14 29 12 23 4 21 -26 -18 19 10 15 16 -21 4 
28 -11 13 -7 27 7 3 -7 12 14 -13 7 10 -26 23 -14 -15 28 0 -22 
17 -8 26 19 15 13 -8 -24 -19 9 22 -19 16 22 26 -28 28 21 -3 -1 
-7 27 19 -12 19 10 29 4 0 -12 5 12 29 11 1 15 12 6 5 3 
27 13 5 13 9 11 23 29 8 7 21 14 0 -23 12 11 5 -18 0 -15 
-15 0 -18 5 11 12 -23 0 14 21 7 8 29 23 11 9 13 5 13 27 
3 5 6 12 15 1 11 29 12 5 -12 0 4 29 10 19 -12 19 27 -7 
-1 -3 21 28 -28 26 22 16 -19 22 9 -19 -24 -8 13 15 19 26 -8 17 
-22 0 28 -15 -14 23 -26 10 7 -13 14 12 -7 3 7 27 -7 13 -11 28 
4 -21 16 15 10 19 -18 -26 21 4 23 12 29 -14 7 9 26 29 14 14 
-6 13 23 25 19 28 27 15 23 8 -23 28 21 8 25 10 27 2 18 9 
27 20 12 16 17 -22 -3 -4 18 5 14 16 -15 -5 5 -22 22 25 20 23 
-8 -6 26 20 16 20 16 24 16 8 24 1 16 7 -16 24 29 12 4 4 
-24 1 -8 8 4 14 23 9 18 20 10 -5 2 18 -13 28 4 22 -22 3 
4 -6 -19 -2 23 4 20 -24 16 27 -13 0 -27 -20 23 21 -6 22 18 14 
30
1
5 10
14 9
0
0
