20 20
9 11 -3 6 9 12 9 9 -8 12 0 3 2 2 3 3 2 7 4 5 
11 9 10 7 -10 3 8 -6 7 13 1 7 11 -10 10 1 10 1 10 -1 
-13 1 7 13 4 10 10 1 13 13 13 -13 6 1 1 12 12 1 13 3 
-2 9 -11 -5 -4 -3 9 -13 4 2 8 -3 -5 2 11 11 11 -12 2 -11 
4 1 4 1 -10 5 11 9 -4 2 12 3 -12 -4 -7 6 1 -5 -3 7 
-7 -11 -12 13 8 10 10 1 4 5 2 7 4 2 12 10 1 1 -5 0 
13 7 12 3 6 10 9 1 11 11 2 5 11 -11 11 4 9 4 -9 4 
0 8 2 10 -4 -2 13 -10 1 2 11 7 -4 13 -6 2 -3 2 9 -6 
4 -1 3 7 7 6 3 2 -4 -9 10 -12 9 10 6 2 5 10 -3 -5 
6 4 -8 8 3 4 8 -11 -12 -12 -1 10 10 -2 6 13 -1 -6 11 2 
2 11 -6 -1 13 6 -2 10 10 -1 -12 -12 -11 8 4 3 8 -8 4 6 
-5 -3 10 5 2 6 10 9 -12 10 -9 -4 2 3 6 7 7 3 -1 4 
-6 9 2 -3 2 -6 13 -4 7 11 2 1 -10 13 -2 -4 10 2 8 0 
4 -9 4 9 4 11 -11 11 5 2 11 11 1 9 10 6 3 12 7 13 
0 -5 1 1 10 12 2 4 7 2 5 4 1 10 10 8 13 -12 -11 -7 
7 -3 -5 1 6 -7 -4 -12 3 12 2 -4 9 11 5 -10 1 4 1 4 
-11 2 -12 11 11 11 2 -5 -3 8 2 4 -13 9 -3 -4 -5 -11 9 -2 
3 13 1 12 12 1 1 6 -13 13 13 13 1 10 10 4 13 7 1 -13 
-1 10 1 10 1 10 -10 11 7 1 13 7 -6 8 3 -10 7 10 9 11 
5 4 7 2 3 3 2 2 3 0 12 -8 9 9 12 9 6 -3 11 9 
30
1
9 3
10 16
0
0
