20 20
1 -1 16 5 6 -1 16 16 12 2 11 13 8 15 5 1 14 1 -11 -2 
-9 6 3 1 11 -2 12 4 15 2 -11 -16 2 15 2 1 11 4 15 -12 
1 8 0 5 14 14 13 10 12 -12 -12 1 8 3 -3 5 7 -1 2 -2 
-3 9 16 5 3 16 14 -9 10 13 5 16 14 -16 14 12 14 1 -8 -15 
0 10 7 2 12 13 9 12 14 13 -16 11 13 -8 -15 -8 16 -4 1 2 
-7 -2 16 5 15 10 3 5 10 2 1 4 -1 5 3 13 10 -14 10 5 
2 13 6 10 7 -13 4 -11 -13 -4 -6 10 9 6 2 4 -4 11 2 16 
0 3 9 11 -3 -14 1 -11 -13 16 1 -4 7 6 -7 11 -10 6 9 3 
10 8 13 3 0 -1 6 13 7 -1 12 2 -5 2 -8 14 8 12 15 -13 
-7 14 13 11 15 -16 3 1 14 12 6 -2 -7 14 4 4 14 -13 16 2 
2 16 -13 14 4 4 14 -7 -2 6 12 14 1 3 -16 15 11 13 14 -7 
-13 15 12 8 14 -8 2 -5 2 12 -1 7 13 6 -1 0 3 13 8 10 
3 9 6 -10 11 -7 6 7 -4 1 16 -13 -11 1 -14 -3 11 9 3 0 
16 2 11 -4 4 2 6 9 10 -6 -4 -13 -11 4 -13 7 10 6 13 2 
5 10 -14 10 13 3 5 -1 4 1 2 10 5 3 10 15 5 16 -2 -7 
2 1 -4 16 -8 -15 -8 13 11 -16 13 14 12 9 13 12 2 7 10 0 
-15 -8 1 14 12 14 -16 14 16 5 13 10 -9 14 16 3 5 16 9 -3 
-2 2 -1 7 5 -3 3 8 1 -12 -12 12 10 13 14 14 5 0 8 1 
-12 15 4 11 1 2 15 2 -16 -11 2 15 4 12 -2 11 1 3 6 -9 
-2 -11 1 14 1 5 15 8 13 11 2 12 16 16 -1 6 5 16 -1 1 
30
1
4 2
15 17
0
0
