20 20
23 -27 -22 -16 20 8 6 15 26 8 -14 16 11 0 -11 11 -12 -4 -13 15 
12 0 -11 11 -13 -9 16 -26 19 25 13 16 14 -3 -26 21 10 10 18 -8 
17 25 -9 10 -12 -1 21 25 -19 16 5 16 14 19 17 14 9 27 2 16 
1 22 -1 21 10 13 25 -17 18 10 25 23 8 23 21 14 19 16 3 -6 
26 3 25 -7 -3 3 5 3 -27 22 26 13 -18 -4 2 -5 26 -11 27 21 
23 20 -19 13 -17 23 22 3 12 -27 22 4 4 17 7 20 4 18 2 5 
-20 11 -5 11 25 14 17 24 22 1 27 -3 10 14 16 16 -17 -24 2 12 
8 -18 18 25 -10 26 -8 -27 20 17 14 -17 11 13 19 6 6 21 8 -26 
21 10 27 26 -22 15 20 9 3 20 26 16 8 24 0 -26 8 0 -9 14 
18 -23 19 13 -3 -15 3 12 11 24 0 4 19 -20 8 8 -6 20 17 16 
16 17 20 -6 8 8 -20 19 4 0 24 11 12 3 -15 -3 13 19 -23 18 
14 -9 0 8 -26 0 24 8 16 26 20 3 9 20 15 -22 26 27 10 21 
-26 8 21 6 6 19 13 11 -17 14 17 20 -27 -8 26 -10 25 18 -18 8 
12 2 -24 -17 16 16 14 10 -3 27 1 22 24 17 14 25 11 -5 11 -20 
5 2 18 4 20 7 17 4 4 22 -27 12 3 22 23 -17 13 -19 20 23 
21 27 -11 26 -5 2 -4 -18 13 26 22 -27 3 5 3 -3 -7 25 3 26 
-6 3 16 19 14 21 23 8 23 25 10 18 -17 25 13 10 21 -1 22 1 
16 2 27 9 14 17 19 14 16 5 16 -19 25 21 -1 -12 10 -9 25 17 
-8 18 10 10 21 -26 -3 14 16 13 25 19 -26 16 -9 -13 11 -11 0 12 
15 -13 -4 -12 11 -11 0 11 16 -14 8 26 15 6 8 20 -16 -22 -27 23 
30
1
5 13
14 6
0
0
