20 20
8 -8 13 8 11 -21 18 13 14 -16 12 16 4 18 -22 -15 13 10 21 -17 
9 13 12 6 19 9 23 -2 23 -19 -3 11 10 7 18 5 21 8 4 -25 
13 17 17 20 25 23 25 24 6 -4 -3 2 20 -1 17 25 -7 19 25 22 
3 -5 20 -10 21 -1 21 -17 -21 10 12 6 1 11 20 20 22 12 2 20 
-16 12 19 21 17 14 -8 12 11 17 18 -22 24 4 -7 20 -5 5 18 13 
22 2 13 23 -15 17 8 -21 10 -15 2 13 -11 12 13 -15 11 -7 8 12 
5 1 21 18 21 9 9 14 -22 -19 18 -18 -15 -21 17 -13 -22 21 -8 2 
-17 -20 12 -1 -6 19 4 8 20 23 -15 14 18 22 9 -22 4 2 19 22 
7 9 16 10 22 -10 9 -13 25 15 2 19 25 -4 14 3 3 -16 0 -1 
10 23 10 -21 10 15 -20 20 -21 3 25 4 -24 20 9 10 6 16 5 23 
23 5 16 6 10 9 20 -24 4 25 3 -21 20 -20 15 10 -21 10 23 10 
-1 0 -16 3 3 14 -4 25 19 2 15 25 -13 9 -10 22 10 16 9 7 
22 19 2 4 -22 9 22 18 14 -15 23 20 8 4 19 -6 -1 12 -20 -17 
2 -8 21 -22 -13 17 -21 -15 -18 18 -19 -22 14 9 9 21 18 21 1 5 
12 8 -7 11 -15 13 12 -11 13 2 -15 10 -21 8 17 -15 23 13 2 22 
13 18 5 -5 20 -7 4 24 -22 18 17 11 12 -8 14 17 21 19 12 -16 
20 2 12 22 20 20 11 1 6 12 10 -21 -17 21 -1 21 -10 20 -5 3 
22 25 19 -7 25 17 -1 20 2 -3 -4 6 24 25 23 25 20 17 17 13 
-25 4 8 21 5 18 7 10 11 -3 -19 23 -2 23 9 19 6 12 13 9 
-17 21 10 13 -15 -22 18 4 16 12 -16 14 13 18 -21 11 8 13 -8 8 
30
1
6 0
13 19
0
0
