20 20
-14 22 24 23 12 8 13 -17 26 -10 4 17 9 15 -15 21 16 6 -18 -14 
13 2 23 12 19 -5 -24 18 25 24 8 2 13 19 -21 26 8 15 8 15 
-12 10 -11 5 17 18 18 22 18 1 4 -22 3 6 -7 10 25 -9 4 22 
26 12 -9 -1 4 5 12 7 12 14 26 -24 16 9 1 -16 25 6 -19 1 
-3 -15 8 15 20 -1 -5 8 1 23 2 -22 8 -16 3 10 14 12 25 -8 
14 18 25 3 5 10 4 -15 16 2 25 -9 21 11 2 17 16 16 18 25 
6 26 -10 8 17 25 18 22 -23 2 8 5 26 16 -18 1 15 23 13 24 
21 -26 6 -5 6 26 15 10 15 6 19 1 26 -13 15 18 21 -26 7 20 
2 18 22 11 -6 0 -10 -20 22 12 3 -15 6 -18 22 -9 15 11 7 -8 
21 4 19 5 2 17 -3 -6 2 5 5 24 -16 4 18 20 14 -19 8 5 
5 8 -19 14 20 18 4 -16 24 5 5 2 -6 -3 17 2 5 19 4 21 
-8 7 11 15 -9 22 -18 6 -15 3 12 22 -20 -10 0 -6 11 22 18 2 
20 7 -26 21 18 15 -13 26 1 19 6 15 10 15 26 6 -5 6 -26 21 
24 13 23 15 1 -18 16 26 5 8 2 -23 22 18 25 17 8 -10 26 6 
25 18 16 16 17 2 11 21 -9 25 2 16 -15 4 10 5 3 25 18 14 
-8 25 12 14 10 3 -16 8 -22 2 23 1 8 -5 -1 20 15 8 -15 -3 
1 -19 6 25 -16 1 9 16 -24 26 14 12 7 12 5 4 -1 -9 12 26 
22 4 -9 25 10 -7 6 3 -22 4 1 18 22 18 18 17 5 -11 10 -12 
15 8 15 8 26 -21 19 13 2 8 24 25 18 -24 -5 19 12 23 2 13 
-14 -18 6 16 21 -15 15 9 17 4 -10 26 -17 13 8 12 23 24 22 -14 
30
1
10 14
9 5
0
0
