20 20
22 15 15 -25 25 20 17 20 0 1 18 14 -9 -1 19 -14 -2 15 -3 12 
0 3 18 24 1 11 23 19 20 13 15 -9 -19 22 -4 1 -21 18 -24 14 
14 19 -6 25 17 12 -17 22 -25 9 1 10 -19 15 11 11 -7 -12 4 25 
10 -10 -13 11 24 18 -15 10 11 7 -24 8 9 -20 14 19 16 9 6 -22 
20 14 6 1 -1 23 13 9 12 21 20 16 21 -20 11 9 -23 15 6 0 
11 8 21 9 8 11 -1 18 6 15 -2 24 -25 10 9 11 10 16 0 -16 
10 4 15 -23 24 1 12 24 11 25 17 21 -18 -5 -7 -6 3 5 22 -13 
-4 18 15 25 -14 -23 16 1 -5 18 -1 -6 12 4 13 20 4 11 23 13 
10 23 -3 1 4 23 -25 5 21 22 -6 21 16 0 -1 4 8 18 10 4 
18 14 20 -2 1 18 -19 22 6 9 4 -22 15 18 13 3 16 20 15 5 
5 15 20 16 3 13 18 15 -22 4 9 6 22 -19 18 1 -2 20 14 18 
4 10 18 8 4 -1 0 16 21 -6 22 21 5 -25 23 4 1 -3 23 10 
13 23 11 4 20 13 4 12 -6 -1 18 -5 1 16 -23 -14 25 15 18 -4 
-13 22 5 3 -6 -7 -5 -18 21 17 25 11 24 12 1 24 -23 15 4 10 
-16 0 16 10 11 9 10 -25 24 -2 15 6 18 -1 11 8 9 21 8 11 
0 6 15 -23 9 11 -20 21 16 20 21 12 9 13 23 -1 1 6 14 20 
-22 6 9 16 19 14 -20 9 8 -24 7 11 10 -15 18 24 11 -13 -10 10 
25 4 -12 -7 11 11 15 -19 10 1 9 -25 22 -17 12 17 25 -6 19 14 
14 -24 18 -21 1 -4 22 -19 -9 15 13 20 19 23 11 1 24 18 3 0 
12 -3 15 -2 -14 19 -1 -9 14 18 1 0 20 17 20 25 -25 15 15 22 
30
1
2 0
17 19
0
0
