20 20
11 11 5 13 -9 21 7 13 -6 18 8 6 13 -13 2 10 5 -8 2 9 
-19 2 -1 12 20 -18 11 7 12 -2 19 4 -3 7 -20 -7 7 16 13 10 
-19 15 18 -6 14 8 12 2 16 16 -4 18 9 4 -20 -3 13 18 17 -3 
-3 -3 -16 15 8 18 7 0 17 7 -17 3 -4 17 -20 0 14 19 -20 21 
6 20 0 9 8 10 19 16 -3 -11 5 -17 4 3 9 19 11 19 3 11 
3 20 15 17 13 21 17 2 16 -12 6 2 19 19 8 -8 4 2 16 6 
2 6 15 10 19 10 21 -19 5 2 5 14 21 21 -3 6 20 7 20 16 
5 6 3 9 8 14 1 -2 4 11 -19 -12 11 -18 21 -20 2 -7 17 -10 
11 -19 19 10 -17 6 0 18 7 6 -20 17 4 16 19 -4 11 20 12 17 
1 12 9 17 14 19 14 19 18 12 4 11 12 9 -18 21 -4 -9 21 -9 
-9 21 -9 -4 21 -18 9 12 11 4 12 18 19 14 19 14 17 9 12 1 
17 12 20 11 -4 19 16 4 17 -20 6 7 18 0 6 -17 10 19 -19 11 
-10 17 -7 2 -20 21 -18 11 -12 -19 11 4 -2 1 14 8 9 3 6 5 
16 20 7 20 6 -3 21 21 14 5 2 5 -19 21 10 19 10 15 6 2 
6 16 2 4 -8 8 19 19 2 6 -12 16 2 17 21 13 17 15 20 3 
11 3 19 11 19 9 3 4 -17 5 -11 -3 16 19 10 8 9 0 20 6 
21 -20 19 14 0 -20 17 -4 3 -17 7 17 0 7 18 8 15 -16 -3 -3 
-3 17 18 13 -3 -20 4 9 18 -4 16 16 2 12 8 14 -6 18 15 -19 
10 13 16 7 -7 -20 7 -3 4 19 -2 12 7 11 -18 20 12 -1 2 -19 
9 2 -8 5 10 2 -13 13 6 8 18 -6 13 7 21 -9 13 5 11 11 
30
1
16 10
3 9
0
0
