20 20
5 4 10 10 2 4 4 7 2 8 4 -9 6 2 -2 0 4 9 -6 10 
-4 3 -2 11 -6 5 5 -7 8 4 7 9 0 5 1 -1 4 7 11 -10 
5 4 5 -10 11 4 8 7 6 -7 11 7 -4 9 10 10 7 8 6 2 
11 1 3 -2 -3 7 8 -6 1 -4 3 -11 1 5 -1 9 -1 10 -7 1 
-8 0 4 -10 -11 11 1 4 6 4 10 11 0 10 3 4 7 11 4 0 
11 4 4 10 9 -2 3 6 6 -10 8 6 3 -3 8 -10 -8 7 -9 4 
6 -8 8 9 11 7 10 -3 1 11 9 -7 -2 0 10 1 -5 -11 2 7 
10 -3 -3 5 8 10 7 -9 6 1 2 9 4 9 1 7 -2 -10 -5 2 
3 -3 2 -9 -4 8 7 -2 11 9 3 -1 -4 6 -3 -5 8 11 1 1 
8 6 -3 5 6 8 0 2 -4 7 4 3 10 1 3 -10 7 0 11 9 
9 11 0 7 -10 3 1 10 3 4 7 -4 2 0 8 6 5 -3 6 8 
1 1 11 8 -5 -3 6 -4 -1 3 9 11 -2 7 8 -4 -9 2 -3 3 
2 -5 -10 -2 7 1 9 4 9 2 1 6 -9 7 10 8 5 -3 -3 10 
7 2 -11 -5 1 10 0 -2 -7 9 11 1 -3 10 7 11 9 8 -8 6 
4 -9 7 -8 -10 8 -3 3 6 8 -10 6 6 3 -2 9 10 4 4 11 
0 4 11 7 4 3 10 0 11 10 4 6 4 1 11 -11 -10 4 0 -8 
1 -7 10 -1 9 -1 5 1 -11 3 -4 1 -6 8 7 -3 -2 3 1 11 
2 6 8 7 10 10 9 -4 7 11 -7 6 7 8 4 11 -10 5 4 5 
-10 11 7 4 -1 1 5 0 9 7 4 8 -7 5 5 -6 11 -2 3 -4 
10 -6 9 4 0 -2 2 6 -9 4 8 2 7 4 4 2 10 10 4 5 
30
1
11 19
8 0
0
0
