20 20
7 5 21 -13 20 1 2 12 7 -22 21 23 15 -15 -18 -5 10 19 14 14 
17 -19 20 17 1 21 -7 12 19 -8 5 0 15 14 9 5 8 -20 13 21 
10 8 20 -22 -15 21 2 17 10 11 -19 -6 -10 -5 20 21 6 5 19 4 
13 -5 23 -19 -11 3 21 12 -22 11 -18 15 19 -19 23 -10 14 19 14 -3 
11 19 18 -9 8 -13 19 7 18 -6 -3 16 15 -8 15 -17 2 2 -5 20 
4 4 11 9 10 3 -20 -5 19 -11 -1 2 10 1 22 22 0 9 3 -12 
23 20 23 -6 -1 -15 6 8 11 23 22 2 5 -14 -19 10 11 14 5 6 
9 14 13 15 13 18 -5 7 9 18 13 6 5 11 8 -15 1 18 -20 1 
2 23 8 2 -13 15 6 8 2 -17 20 4 7 10 16 21 19 9 19 15 
7 5 -23 -8 4 15 0 21 21 -14 7 10 -9 4 14 -20 8 8 6 21 
21 6 8 8 -20 14 4 -9 10 7 -14 21 21 0 15 4 -8 -23 5 7 
15 19 9 19 21 16 10 7 4 20 -17 2 8 6 15 -13 2 8 23 2 
1 -20 18 1 -15 8 11 5 6 13 18 9 7 -5 18 13 15 13 14 9 
6 5 14 11 10 -19 -14 5 2 22 23 11 8 6 -15 -1 -6 23 20 23 
-12 3 9 0 22 22 1 10 2 -1 -11 19 -5 -20 3 10 9 11 4 4 
20 -5 2 2 -17 15 -8 15 16 -3 -6 18 7 19 -13 8 -9 18 19 11 
-3 14 19 14 -10 23 -19 19 15 -18 11 -22 12 21 3 -11 -19 23 -5 13 
4 19 5 6 21 20 -5 -10 -6 -19 11 10 17 2 21 -15 -22 20 8 10 
21 13 -20 8 5 9 14 15 0 5 -8 19 12 -7 21 1 17 20 -19 17 
14 14 19 10 -5 -18 -15 15 23 21 -22 7 12 2 1 20 -13 21 5 7 
30
1
9 1
10 18
0
0
