20 20
1 -15 -13 5 16 3 2 10 -7 9 16 7 -14 12 11 -6 5 10 10 -11 
-8 -10 11 3 5 -16 6 -1 -7 16 -5 16 10 13 1 13 5 12 -11 15 
-16 6 14 16 3 14 8 8 12 3 8 9 3 4 -3 3 4 12 -5 12 
8 14 9 12 9 -13 12 5 2 6 -14 2 3 13 9 -1 16 16 -8 4 
12 14 13 12 -5 9 4 -2 14 2 15 4 11 3 4 10 9 -14 -6 12 
8 0 -9 -3 -15 3 -5 -11 12 10 15 -3 4 8 8 -4 11 1 -6 -2 
10 16 11 -10 15 12 10 14 -16 8 -4 -16 3 2 -15 8 13 16 5 13 
11 13 -9 3 9 -1 0 13 -15 5 13 5 6 -13 11 9 14 -11 10 3 
7 -6 1 7 2 -1 9 16 5 13 -16 15 13 9 6 -3 0 9 1 2 
7 6 12 12 10 13 12 3 0 4 16 -15 -11 -10 7 7 8 -3 8 11 
11 8 -3 8 7 7 -10 -11 -15 16 4 0 3 12 13 10 12 12 6 7 
2 1 9 0 -3 6 9 13 15 -16 13 5 16 9 -1 2 7 1 -6 7 
3 10 -11 14 9 11 -13 6 5 13 5 -15 13 0 -1 9 3 -9 13 11 
13 5 16 13 8 -15 2 3 -16 -4 8 -16 14 10 12 15 -10 11 16 10 
-2 -6 1 11 -4 8 8 4 -3 15 10 12 -11 -5 3 -15 -3 -9 0 8 
12 -6 -14 9 10 4 3 11 4 15 2 14 -2 4 9 -5 12 13 14 12 
4 -8 16 16 -1 9 13 3 2 -14 6 2 5 12 -13 9 12 9 14 8 
12 -5 12 4 3 -3 4 3 9 8 3 12 8 8 14 3 16 14 6 -16 
15 -11 12 5 13 1 13 10 16 -5 16 -7 -1 6 -16 5 3 11 -10 -8 
-11 10 10 5 -6 11 12 -14 7 16 9 -7 10 2 3 16 5 -13 -15 1 
30
1
15 11
4 8
0
0
