20 20
-26 20 -9 -9 -17 6 7 3 13 25 25 11 -21 1 14 10 21 6 7 18 
8 -15 8 -13 -24 -20 7 6 -22 16 -1 15 22 -26 6 23 4 -1 1 21 
20 25 19 20 1 2 1 -11 0 8 19 18 7 26 15 5 16 6 15 4 
-8 15 15 15 13 -3 -10 17 8 21 24 5 23 23 7 25 10 13 16 0 
25 6 22 -5 -17 -12 2 20 6 3 14 10 16 -24 -25 2 5 -20 13 10 
-21 26 22 0 20 -7 6 10 -8 11 17 23 20 18 20 23 20 11 2 -8 
19 22 10 12 -24 6 16 10 22 17 -16 20 4 22 -19 16 25 5 -2 -5 
25 15 5 6 1 16 14 -10 -6 4 -20 -5 20 13 7 22 -20 4 4 11 
23 16 0 14 -25 13 7 10 12 -18 -7 9 16 20 11 25 0 15 23 24 
-18 -16 6 1 -2 20 4 15 -22 9 19 24 12 26 12 -18 23 17 9 -17 
-17 9 17 23 -18 12 26 12 24 19 9 -22 15 4 20 -2 1 6 -16 -18 
24 23 15 0 25 11 20 16 9 -7 -18 12 10 7 13 -25 14 0 16 23 
11 4 4 -20 22 7 13 20 -5 -20 4 -6 -10 14 16 1 6 5 15 25 
-5 -2 5 25 16 -19 22 4 20 -16 17 22 10 16 6 -24 12 10 22 19 
-8 2 11 20 23 20 18 20 23 17 11 -8 10 6 -7 20 0 22 26 -21 
10 13 -20 5 2 -25 -24 16 10 14 3 6 20 2 -12 -17 -5 22 6 25 
0 16 13 10 25 7 23 23 5 24 21 8 17 -10 -3 13 15 15 15 -8 
4 15 6 16 5 15 26 7 18 19 8 0 -11 1 2 1 20 19 25 20 
21 1 -1 4 23 6 -26 22 15 -1 16 -22 6 7 -20 -24 -13 8 -15 8 
18 7 6 21 10 14 1 -21 11 25 25 13 3 7 6 -17 -9 -9 20 -26 
30
1
17 5
2 14
0
0
