20 20
20 9 17 20 14 13 2 -5 4 -5 12 5 -7 2 -17 -2 -13 15 -18 -11 
19 -19 5 1 14 17 6 15 -1 4 18 9 3 -5 20 19 3 16 5 -2 
10 -7 -6 -16 16 20 17 13 15 12 14 11 -18 1 18 14 10 9 6 13 
11 20 2 16 11 -19 5 -2 16 11 19 2 18 16 14 -12 15 3 14 -7 
-20 10 8 7 19 5 20 19 1 9 -8 -15 -3 4 14 -8 -18 11 15 20 
-10 15 15 6 -7 3 12 0 -9 -15 16 11 6 12 -3 20 9 1 17 6 
5 15 -4 17 14 20 13 -7 20 11 3 3 10 -8 9 9 8 -2 6 9 
-11 13 2 1 19 8 18 4 12 7 14 6 14 8 3 19 11 17 9 0 
-5 7 13 11 -1 9 15 12 20 11 20 -2 4 8 4 16 7 -18 1 7 
-13 0 8 19 6 6 9 -16 3 -12 4 19 -10 14 18 17 10 13 15 7 
7 15 13 10 17 18 14 -10 19 4 -12 3 -16 9 6 6 19 8 0 -13 
7 1 -18 7 16 4 8 4 -2 20 11 20 12 15 9 -1 11 13 7 -5 
0 9 17 11 19 3 8 14 6 14 7 12 4 18 8 19 1 2 13 -11 
9 6 -2 8 9 9 -8 10 3 3 11 20 -7 13 20 14 17 -4 15 5 
6 17 1 9 20 -3 12 6 11 16 -15 -9 0 12 3 -7 6 15 15 -10 
20 15 11 -18 -8 14 4 -3 -15 -8 9 1 19 20 5 19 7 8 10 -20 
-7 14 3 15 -12 14 16 18 2 19 11 16 -2 5 -19 11 16 2 20 11 
13 6 9 10 14 18 1 -18 11 14 12 15 13 17 20 16 -16 -6 -7 10 
-2 5 16 3 19 20 -5 3 9 18 4 -1 15 6 17 14 1 5 -19 19 
-11 -18 15 -13 -2 -17 2 -7 5 12 -5 4 -5 2 13 14 20 17 9 20 
30
1
13 2
6 17
0
0
