20 20
11 2 16 -5 -25 12 3 6 12 9 13 3 9 9 3 23 22 17 -14 5 
1 18 19 -18 -21 7 5 19 5 25 -4 25 -13 2 0 3 25 15 16 25 
-18 14 9 -25 19 7 11 8 3 2 6 25 18 -3 19 13 25 4 -20 2 
25 -5 22 10 -20 12 -12 6 1 10 0 15 1 14 21 22 17 22 5 15 
13 20 19 5 19 12 7 3 23 6 -20 24 -19 -19 6 21 24 10 -9 6 
21 3 -21 -12 -25 13 6 11 10 1 17 17 17 -23 19 -22 3 -18 20 21 
2 -19 23 11 10 -9 -17 18 15 -21 8 5 17 1 18 8 -7 7 25 8 
-23 18 3 -24 16 8 25 18 14 2 5 23 23 13 13 -16 12 14 23 1 
14 21 0 11 10 16 7 21 20 20 12 7 4 23 23 7 9 -11 -6 21 
14 -22 7 -23 22 -19 -22 4 16 -7 21 10 -12 -6 11 -17 25 6 16 -22 
-22 16 6 25 -17 11 -6 -12 10 21 -7 16 4 -22 -19 22 -23 7 -22 14 
21 -6 -11 9 7 23 23 4 7 12 20 20 21 7 16 10 11 0 21 14 
1 23 14 12 -16 13 13 23 23 5 2 14 18 25 8 16 -24 3 18 -23 
8 25 7 -7 8 18 1 17 5 8 -21 15 18 -17 -9 10 11 23 -19 2 
21 20 -18 3 -22 19 -23 17 17 17 1 10 11 6 13 -25 -12 -21 3 21 
6 -9 10 24 21 6 -19 -19 24 -20 6 23 3 7 12 19 5 19 20 13 
15 5 22 17 22 21 14 1 15 0 10 1 6 -12 12 -20 10 22 -5 25 
2 -20 4 25 13 19 -3 18 25 6 2 3 8 11 7 19 -25 9 14 -18 
25 16 15 25 3 0 2 -13 25 -4 25 5 19 5 7 -21 -18 19 18 1 
5 -14 17 22 23 3 9 9 3 13 9 12 6 3 12 -25 -5 16 2 11 
30
1
16 5
3 14
0
0
