20 20
8 13 16 -15 -12 1 8 -3 4 15 1 15 3 9 14 3 1 -17 8 -6 
1 10 7 15 10 18 -15 9 16 16 8 -6 14 -6 -4 -6 14 19 -18 15 
0 12 -16 -1 0 8 -8 16 3 8 -6 5 11 14 -11 8 -10 6 -7 0 
7 -10 14 -4 -10 8 12 5 -10 19 -14 17 18 1 13 7 8 16 18 -19 
-17 6 19 2 1 1 -19 7 2 0 19 8 2 9 2 1 -9 9 -10 1 
11 -7 6 14 19 4 4 9 16 17 17 15 -3 14 4 19 -17 7 19 6 
5 6 1 -2 2 19 9 13 7 -12 5 19 19 -3 1 -14 -6 12 -2 13 
12 19 11 10 16 4 -1 5 13 12 7 12 6 16 12 19 18 8 7 0 
15 12 16 15 3 -11 12 10 12 -11 5 14 1 19 2 12 -8 11 0 -6 
15 -16 -11 17 7 18 15 6 4 2 -18 -3 18 17 -7 16 1 -18 14 18 
18 14 -18 1 16 -7 17 18 -3 -18 2 4 6 15 18 7 17 -11 -16 15 
-6 0 11 -8 12 2 19 1 14 5 -11 12 10 12 -11 3 15 16 12 15 
0 7 8 18 19 12 16 6 12 7 12 13 5 -1 4 16 10 11 19 12 
13 -2 12 -6 -14 1 -3 19 19 5 -12 7 13 9 19 2 -2 1 6 5 
6 19 7 -17 19 4 14 -3 15 17 17 16 9 4 4 19 14 6 -7 11 
1 -10 9 -9 1 2 9 2 8 19 0 2 7 -19 1 1 2 19 6 -17 
-19 18 16 8 7 13 1 18 17 -14 19 -10 5 12 8 -10 -4 14 -10 7 
0 -7 6 -10 8 -11 14 11 5 -6 8 3 16 -8 8 0 -1 -16 12 0 
15 -18 19 14 -6 -4 -6 14 -6 8 16 16 9 -15 18 10 15 7 10 1 
-6 8 -17 1 3 14 9 3 15 1 15 4 -3 8 1 -12 -15 16 13 8 
30
1
13 18
6 1
0
0
