20 20
10 -16 10 6 -17 -2 3 11 16 -1 9 -10 -6 2 5 14 17 -7 13 4 
-13 -11 2 -17 1 1 14 1 13 11 13 11 -4 -16 -12 16 -5 9 5 16 
9 -4 -15 -17 7 2 13 14 1 7 12 -13 0 -10 12 17 4 10 2 -8 
3 11 18 3 10 8 11 12 18 18 4 4 -15 8 16 8 -1 9 7 -5 
-17 13 9 8 6 1 -13 -1 8 -13 7 18 10 1 14 0 10 -7 -8 12 
-2 6 -2 10 18 16 -18 17 -11 7 -5 2 8 14 11 -11 13 12 3 -11 
8 -10 15 -16 10 4 -12 -16 -13 -18 5 6 -10 16 18 7 6 8 11 6 
-11 3 -7 2 10 2 8 16 12 -4 6 -7 13 10 -16 14 -3 4 0 18 
14 9 18 4 17 1 8 -4 -1 -13 9 -8 4 5 5 14 4 18 18 6 
-8 -6 16 5 16 16 6 12 -2 12 17 6 14 2 12 5 13 4 -13 7 
7 -13 4 13 5 12 2 14 6 17 12 -2 12 6 16 16 5 16 -6 -8 
6 18 18 4 14 5 5 4 -8 9 -13 -1 -4 8 1 17 4 18 9 14 
18 0 4 -3 14 -16 10 13 -7 6 -4 12 16 8 2 10 2 -7 3 -11 
6 11 8 6 7 18 16 -10 6 5 -18 -13 -16 -12 4 10 -16 15 -10 8 
-11 3 12 13 -11 11 14 8 2 -5 7 -11 17 -18 16 18 10 -2 6 -2 
12 -8 -7 10 0 14 1 10 18 7 -13 8 -1 -13 1 6 8 9 13 -17 
-5 7 9 -1 8 16 8 -15 4 4 18 18 12 11 8 10 3 18 11 3 
-8 2 10 4 17 12 -10 0 -13 12 7 1 14 13 2 7 -17 -15 -4 9 
16 5 9 -5 16 -12 -16 -4 11 13 11 13 1 14 1 1 -17 2 -11 -13 
4 13 -7 17 14 5 2 -6 -10 9 -1 16 11 3 -2 -17 6 10 -16 10 
30
1
5 1
14 18
0
0
