20 20
28 -16 16 7 16 -13 5 11 -14 17 23 6 -16 1 24 -3 10 25 4 8 
4 18 3 13 15 0 15 4 24 12 -28 17 10 21 4 26 -14 5 12 -13 
-24 3 7 -16 9 29 6 14 17 -4 12 -17 20 -26 23 -19 29 -27 16 -13 
20 -10 -20 29 11 7 12 22 11 23 27 12 2 22 23 13 3 9 7 -24 
24 -25 -25 20 20 27 18 24 -22 -21 6 26 -28 15 18 10 3 20 20 14 
14 -27 15 18 13 9 21 25 8 -29 3 -23 21 -22 -21 27 23 14 24 14 
25 9 4 11 15 -24 14 26 2 18 18 3 -15 1 16 14 1 16 20 25 
0 2 2 -7 14 15 15 16 -5 -15 21 29 18 20 20 12 2 19 5 9 
25 -29 15 6 15 16 12 15 -8 11 -22 -12 11 -23 29 26 12 -4 13 -18 
-1 2 16 19 17 23 -8 2 -20 8 26 -27 17 -22 14 9 -4 6 21 17 
17 21 6 -4 9 14 -22 17 -27 26 8 -20 2 -8 23 17 19 16 2 -1 
-18 13 -4 12 26 29 -23 11 -12 -22 11 -8 15 12 16 15 6 15 -29 25 
9 5 19 2 12 20 20 18 29 21 -15 -5 16 15 15 14 -7 2 2 0 
25 20 16 1 14 16 1 -15 3 18 18 2 26 14 -24 15 11 4 9 25 
14 24 14 23 27 -21 -22 21 -23 3 -29 8 25 21 9 13 18 15 -27 14 
14 20 20 3 10 18 15 -28 26 6 -21 -22 24 18 27 20 20 -25 -25 24 
-24 7 9 3 13 23 22 2 12 27 23 11 22 12 7 11 29 -20 -10 20 
-13 16 -27 29 -19 23 -26 20 -17 12 -4 17 14 6 29 9 -16 7 3 -24 
-13 12 5 -14 26 4 21 10 17 -28 12 24 4 15 0 15 13 3 18 4 
8 4 25 10 -3 24 1 -16 6 23 17 -14 11 5 -13 16 7 16 -16 28 
30
1
17 10
2 9
0
0
