20 20
3 -8 18 14 7 13 18 20 3 3 11 8 -23 17 19 5 3 18 0 4 
22 15 13 10 3 16 5 17 -20 -14 13 -22 14 -12 22 20 8 18 19 21 
13 -10 -21 6 -1 20 -19 6 8 20 20 16 -17 -8 0 0 9 8 21 1 
18 -14 4 0 20 12 -1 15 21 12 -16 9 21 -23 2 -22 16 15 14 9 
11 9 16 23 6 -4 18 18 12 -23 20 23 7 8 -11 -14 17 0 19 3 
8 4 2 19 -15 13 13 5 6 14 15 9 -6 14 13 -5 14 22 -2 4 
13 6 14 -4 15 1 14 -11 23 -8 4 -8 15 22 4 22 -5 -2 -22 -23 
4 -16 17 8 17 9 12 -14 -6 -6 -20 16 3 -20 5 6 -12 -19 -9 5 
0 18 9 5 23 2 14 11 3 12 1 11 21 -4 12 10 6 6 14 14 
6 -4 -16 4 5 5 -13 22 21 9 -13 1 10 11 2 5 18 8 9 14 
14 9 8 18 5 2 11 10 1 -13 9 21 22 -13 5 5 4 -16 -4 6 
14 14 6 6 10 12 -4 21 11 1 12 3 11 14 2 23 5 9 18 0 
5 -9 -19 -12 6 5 -20 3 16 -20 -6 -6 -14 12 9 17 8 17 -16 4 
-23 -22 -2 -5 22 4 22 15 -8 4 -8 23 -11 14 1 15 -4 14 6 13 
4 -2 22 14 -5 13 14 -6 9 15 14 6 5 13 13 -15 19 2 4 8 
3 19 0 17 -14 -11 8 7 23 20 -23 12 18 18 -4 6 23 16 9 11 
9 14 15 16 -22 2 -23 21 9 -16 12 21 15 -1 12 20 0 4 -14 18 
1 21 8 9 0 0 -8 -17 16 20 20 8 6 -19 20 -1 6 -21 -10 13 
21 19 18 8 20 22 -12 14 -22 13 -14 -20 17 5 16 3 10 13 15 22 
4 0 18 3 5 19 17 -23 8 11 3 3 20 18 13 7 14 18 -8 3 
30
1
4 2
15 17
0
0
