20 20
7 2 -2 8 -26 23 25 20 3 23 -6 10 23 15 6 23 16 14 7 -14 
20 -1 23 21 8 -9 20 23 14 3 -7 -15 6 21 -17 16 -15 12 10 -17 
15 20 -24 10 -8 15 23 17 12 9 9 10 26 -12 1 21 20 18 11 20 
-21 10 24 -24 -17 12 3 19 -6 -21 -23 7 6 26 16 26 11 -13 11 13 
-12 14 -3 20 6 7 10 15 -9 14 14 20 4 17 -18 12 -10 25 0 -15 
19 -11 2 12 12 6 24 5 12 20 10 25 18 4 23 12 6 -4 19 11 
18 -23 -13 12 14 2 -1 12 -24 25 4 20 13 7 -4 3 16 2 -13 -2 
20 22 4 7 25 15 15 -11 1 15 12 20 11 14 3 22 19 -19 8 1 
-23 11 13 10 -9 1 8 7 1 23 2 1 25 19 17 -25 4 -16 17 15 
21 14 -21 15 3 9 8 19 2 -7 24 13 1 13 13 -18 15 -7 25 9 
9 25 -7 15 -18 13 13 1 13 24 -7 2 19 8 9 3 15 -21 14 21 
15 17 -16 4 -25 17 19 25 1 2 23 1 7 8 1 -9 10 13 11 -23 
1 8 -19 19 22 3 14 11 20 12 15 1 -11 15 15 25 7 4 22 20 
-2 -13 2 16 3 -4 7 13 20 4 25 -24 12 -1 2 14 12 -13 -23 18 
11 19 -4 6 12 23 4 18 25 10 20 12 5 24 6 12 12 2 -11 19 
-15 0 25 -10 12 -18 17 4 20 14 14 -9 15 10 7 6 20 -3 14 -12 
13 11 -13 11 26 16 26 6 7 -23 -21 -6 19 3 12 -17 -24 24 10 -21 
20 11 18 20 21 1 -12 26 10 9 9 12 17 23 15 -8 10 -24 20 15 
-17 10 12 -15 16 -17 21 6 -15 -7 3 14 23 20 -9 8 21 23 -1 20 
-14 7 14 16 23 6 15 23 10 -6 23 3 20 25 23 -26 8 -2 2 7 
30
1
7 13
12 6
0
0
