20 20
0 9 2 -7 13 11 1 2 -14 13 7 12 -12 1 16 2 2 4 13 10 
8 2 -11 9 7 5 14 15 10 15 8 16 15 14 15 12 -9 -3 11 -5 
6 9 14 10 -4 10 -2 3 10 15 1 12 2 2 -9 1 0 -2 8 9 
-11 2 8 8 -1 -6 9 -3 15 8 14 -5 7 4 13 3 16 13 14 9 
-2 12 6 5 3 13 -7 12 2 1 12 5 12 4 12 9 6 -16 -11 7 
-11 3 1 5 7 16 -9 9 -8 -14 15 3 2 -15 13 8 3 2 2 7 
-1 7 -3 -15 12 3 12 9 4 7 -15 0 -5 11 3 6 -13 14 6 -11 
5 16 15 4 15 9 1 15 7 -4 8 2 9 2 2 14 -4 1 11 8 
-16 16 13 11 -13 -11 6 9 -1 10 -3 -9 -3 4 13 2 2 11 6 12 
3 13 9 4 7 4 5 7 8 7 14 15 6 2 0 9 10 15 -1 -14 
-14 -1 15 10 9 0 2 6 15 14 7 8 7 5 4 7 4 9 13 3 
12 6 11 2 2 13 4 -3 -9 -3 10 -1 9 6 -11 -13 11 13 16 -16 
8 11 1 -4 14 2 2 9 2 8 -4 7 15 1 9 15 4 15 16 5 
-11 6 14 -13 6 3 11 -5 0 -15 7 4 9 12 3 12 -15 -3 7 -1 
7 2 2 3 8 13 -15 2 3 15 -14 -8 9 -9 16 7 5 1 3 -11 
7 -11 -16 6 9 12 4 12 5 12 1 2 12 -7 13 3 5 6 12 -2 
9 14 13 16 3 13 4 7 -5 14 8 15 -3 9 -6 -1 8 8 2 -11 
9 8 -2 0 1 -9 2 2 12 1 15 10 3 -2 10 -4 10 14 9 6 
-5 11 -3 -9 12 15 14 15 16 8 15 10 15 14 5 7 9 -11 2 8 
10 13 4 2 2 16 1 -12 12 7 13 -14 2 1 11 13 -7 2 9 0 
30
1
13 15
6 4
0
0
