20 20
8 13 4 6 10 9 12 -3 -14 14 0 7 1 -10 8 8 -6 7 4 2 
-4 -14 4 3 4 14 -5 12 15 3 2 14 -8 13 17 -7 4 1 2 13 
4 5 17 6 5 -8 5 4 5 4 9 4 -8 -10 6 -11 4 15 -11 7 
4 -7 -8 4 -7 5 4 10 4 14 7 1 6 16 3 -3 16 -14 15 6 
15 3 -6 -4 6 17 4 13 6 12 -3 17 14 17 15 -15 17 12 14 15 
4 5 10 12 5 16 10 13 -7 7 2 3 -16 12 -12 16 17 1 -8 14 
9 -15 8 8 2 1 9 14 15 -10 3 1 10 2 0 3 7 -3 7 3 
9 7 -2 4 10 -5 -1 4 12 6 -5 16 -7 -17 -16 15 -16 13 7 5 
15 -4 1 -14 11 8 12 -8 15 2 5 16 -10 -1 8 9 17 4 7 3 
-2 8 16 16 -5 -4 4 6 10 -16 5 3 17 5 -12 -15 6 -11 7 -12 
-12 7 -11 6 -15 -12 5 17 3 5 -16 10 6 4 -4 -5 16 16 8 -2 
3 7 4 17 9 8 -1 -10 16 5 2 15 -8 12 8 11 -14 1 -4 15 
5 7 13 -16 15 -16 -17 -7 16 -5 6 12 4 -1 -5 10 4 -2 7 9 
3 7 -3 7 3 0 2 10 1 3 -10 15 14 9 1 2 8 8 -15 9 
14 -8 1 17 16 -12 12 -16 3 2 7 -7 13 10 16 5 12 10 5 4 
15 14 12 17 -15 15 17 14 17 -3 12 6 13 4 17 6 -4 -6 3 15 
6 15 -14 16 -3 3 16 6 1 7 14 4 10 4 5 -7 4 -8 -7 4 
7 -11 15 4 -11 6 -10 -8 4 9 4 5 4 5 -8 5 6 17 5 4 
13 2 1 4 -7 17 13 -8 14 2 3 15 12 -5 14 4 3 4 -14 -4 
2 4 7 -6 8 8 -10 1 7 0 14 -14 -3 12 9 10 6 4 13 8 
30
1
17 6
2 13
0
0
