20 20
-12 3 11 9 3 -10 10 9 6 8 -3 5 3 -13 -13 10 7 9 6 6 
8 13 6 4 -3 -8 4 4 -11 11 14 -5 13 4 13 4 -9 -5 10 -2 
10 10 6 11 -5 9 7 -14 8 8 -9 3 9 10 3 5 10 4 10 3 
12 0 -11 -4 -6 14 14 2 4 -7 5 11 13 0 13 7 -9 6 -7 11 
4 9 3 -2 0 14 0 14 14 10 14 4 -1 7 9 10 -2 12 4 -12 
-5 -1 0 5 2 -5 5 -6 14 4 9 -2 -14 3 -5 7 -4 5 6 -6 
9 -11 4 5 9 4 0 7 -1 6 6 -9 8 0 1 5 3 -8 3 13 
-9 5 2 7 5 6 9 10 6 -13 5 0 14 -8 -8 14 2 1 10 5 
-2 14 11 -5 -9 4 5 3 9 -13 11 5 3 14 7 7 3 11 14 3 
4 4 14 -5 -4 2 5 12 1 14 1 14 11 -12 -11 -6 8 -3 -1 8 
8 -1 -3 8 -6 -11 -12 11 14 1 14 1 12 5 2 -4 -5 14 4 4 
3 14 11 3 7 7 14 3 5 11 -13 9 3 5 4 -9 -5 11 14 -2 
5 10 1 2 14 -8 -8 14 0 5 -13 6 10 9 6 5 7 2 5 -9 
13 3 -8 3 5 1 0 8 -9 6 6 -1 7 0 4 9 5 4 -11 9 
-6 6 5 -4 7 -5 3 -14 -2 9 4 14 -6 5 -5 2 5 0 -1 -5 
-12 4 12 -2 10 9 7 -1 4 14 10 14 14 0 14 0 -2 3 9 4 
11 -7 6 -9 7 13 0 13 11 5 -7 4 2 14 14 -6 -4 -11 0 12 
3 10 4 10 5 3 10 9 3 -9 8 8 -14 7 9 -5 11 6 10 10 
-2 10 -5 -9 4 13 4 13 -5 14 11 -11 4 4 -8 -3 4 6 13 8 
6 6 9 7 10 -13 -13 3 5 -3 8 6 9 10 -10 3 9 11 3 -12 
30
1
16 15
3 4
0
0
