20 20
10 15 11 21 16 10 -3 5 9 13 18 15 8 7 18 5 12 6 19 -20 
10 15 -17 3 14 20 2 18 0 16 8 10 13 11 -10 1 17 7 -4 15 
18 17 -15 19 21 3 -7 -11 -17 14 -4 12 12 2 -5 14 14 20 -17 0 
-12 -14 1 13 15 13 -6 20 -1 15 11 -16 15 8 8 2 20 6 -5 12 
0 14 15 9 1 2 -16 7 -18 17 -7 19 11 11 21 16 4 15 10 -15 
12 2 2 11 -21 3 -18 3 5 4 -17 1 8 -2 -18 16 11 13 10 7 
-12 10 20 20 -7 15 4 5 14 -14 1 -17 -17 -8 4 3 11 1 4 -7 
13 6 0 3 -4 18 9 16 7 13 15 5 7 10 12 15 7 -16 -20 19 
-6 6 8 6 -8 8 -14 8 15 0 14 13 11 -18 17 17 17 -10 8 6 
21 7 16 6 21 17 3 13 -18 6 11 -3 0 1 19 8 6 14 6 -7 
-7 6 14 6 8 19 1 0 -3 11 6 -18 13 3 17 21 6 16 7 21 
6 8 -10 17 17 17 -18 11 13 14 0 15 8 -14 8 -8 6 8 6 -6 
19 -20 -16 7 15 12 10 7 5 15 13 7 16 9 18 -4 3 0 6 13 
-7 4 1 11 3 4 -8 -17 -17 1 -14 14 5 4 15 -7 20 20 10 -12 
7 10 13 11 16 -18 -2 8 1 -17 4 5 3 -18 3 -21 11 2 2 12 
-15 10 15 4 16 21 11 11 19 -7 17 -18 7 -16 2 1 9 15 14 0 
12 -5 6 20 2 8 8 15 -16 11 15 -1 20 -6 13 15 13 1 -14 -12 
0 -17 20 14 14 -5 2 12 12 -4 14 -17 -11 -7 3 21 19 -15 17 18 
15 -4 7 17 1 -10 11 13 10 8 16 0 18 2 20 14 3 -17 15 10 
-20 19 6 12 5 18 7 8 15 18 13 9 5 -3 10 16 21 11 15 10 
30
1
9 0
10 19
0
0
