20 20
2 10 -5 -7 13 0 9 5 -2 -6 -13 4 5 0 8 7 5 13 8 -1 
9 1 0 11 -3 4 6 0 5 13 -5 8 8 4 -4 13 -13 9 5 -11 
7 1 11 -3 2 9 12 4 -6 1 13 -5 3 6 -2 -4 13 -13 -10 5 
13 -8 13 13 13 5 -1 7 -10 -1 1 10 9 12 5 5 5 -7 11 10 
13 1 -3 4 0 7 12 -1 4 11 8 9 9 10 5 7 4 1 12 3 
12 7 6 -4 -13 -13 7 6 -11 -9 10 3 7 -1 2 5 5 6 -2 8 
9 4 -13 -1 9 7 6 13 13 11 13 12 2 4 3 3 13 3 -2 2 
12 10 -2 10 1 2 5 12 3 11 12 7 7 7 9 9 5 4 1 13 
11 -4 4 -12 6 -13 7 8 9 12 2 8 11 -9 12 10 -2 12 -2 10 
11 13 12 8 5 11 -12 12 2 13 3 5 -12 2 9 12 4 13 12 4 
4 12 13 4 12 9 2 -12 5 3 13 2 12 -12 11 5 8 12 13 11 
10 -2 12 -2 10 12 -9 11 8 2 12 9 8 7 -13 6 -12 4 -4 11 
13 1 4 5 9 9 7 7 7 12 11 3 12 5 2 1 10 -2 10 12 
2 -2 3 13 3 3 4 2 12 13 11 13 13 6 7 9 -1 -13 4 9 
8 -2 6 5 5 2 -1 7 3 10 -9 -11 6 7 -13 -13 -4 6 7 12 
3 12 1 4 7 5 10 9 9 8 11 4 -1 12 7 0 4 -3 1 13 
10 11 -7 5 5 5 12 9 10 1 -1 -10 7 -1 5 13 13 13 -8 13 
5 -10 -13 13 -4 -2 6 3 -5 13 1 -6 4 12 9 2 -3 11 1 7 
-11 5 9 -13 13 -4 4 8 8 -5 13 5 0 6 4 -3 11 0 1 9 
-1 8 13 5 7 8 0 5 4 -13 -6 -2 5 9 0 13 -7 -5 10 2 
30
1
0 6
19 13
0
0
