20 20
4 5 19 15 -3 0 12 11 0 2 -14 1 -11 0 17 12 10 -5 17 6 
-21 20 -6 -20 9 -12 18 21 19 10 -6 21 19 7 -15 -5 -17 2 -3 5 
-20 18 5 14 -17 -2 -19 14 -4 3 -16 5 0 -9 17 17 15 6 -17 -21 
-18 -17 -7 4 14 -19 5 15 8 21 -4 6 13 10 10 6 7 4 19 -16 
-7 10 6 12 6 2 -15 4 7 3 0 18 6 0 20 7 7 17 -15 0 
-4 19 0 2 2 15 0 16 -20 -4 -12 3 19 6 -2 10 4 2 0 -6 
0 -19 2 18 2 -17 6 15 -21 11 13 9 1 -20 21 2 7 16 13 15 
6 12 -19 1 10 17 4 21 -18 1 10 5 -13 4 0 -19 14 13 -4 -18 
14 -20 18 -17 -1 -3 15 2 2 8 11 4 9 10 3 15 1 8 1 13 
4 2 8 11 20 -16 3 -9 5 -4 -2 16 20 8 2 -11 -17 -10 -17 17 
17 -17 -10 -17 -11 2 8 20 16 -2 -4 5 -9 3 -16 20 11 8 2 4 
13 1 8 1 15 3 10 9 4 11 8 2 2 15 -3 -1 -17 18 -20 14 
-18 -4 13 14 -19 0 4 -13 5 10 1 -18 21 4 17 10 1 -19 12 6 
15 13 16 7 2 21 -20 1 9 13 11 -21 15 6 -17 2 18 2 -19 0 
-6 0 2 4 10 -2 6 19 3 -12 -4 -20 16 0 15 2 2 0 19 -4 
0 -15 17 7 7 20 0 6 18 0 3 7 4 -15 2 6 12 6 10 -7 
-16 19 4 7 6 10 10 13 6 -4 21 8 15 5 -19 14 4 -7 -17 -18 
-21 -17 6 15 17 17 -9 0 5 -16 3 -4 14 -19 -2 -17 14 5 18 -20 
5 -3 2 -17 -5 -15 7 19 21 -6 10 19 21 18 -12 9 -20 -6 20 -21 
6 17 -5 10 12 17 0 -11 1 -14 2 0 11 12 0 -3 15 19 5 4 
30
1
16 13
3 6
0
0
