20 20
12 -16 -16 -9 6 8 14 2 2 -8 -14 4 16 -4 9 16 18 14 17 6 
4 7 3 1 11 0 11 6 4 0 3 5 10 5 16 10 3 17 16 18 
16 17 8 19 3 12 17 1 9 16 -14 -2 3 8 12 4 16 -4 11 11 
1 12 4 10 17 -5 -18 4 2 17 9 10 17 -18 12 19 2 4 1 -3 
9 3 18 -19 -7 11 9 -13 5 -14 16 18 16 -12 19 11 0 -14 17 8 
12 15 -6 8 -8 13 -8 2 18 3 12 2 8 16 6 3 15 -15 2 14 
3 -8 -18 12 10 11 12 19 -9 -17 4 16 12 19 -16 8 17 15 14 1 
0 8 -6 16 -13 12 -11 5 6 17 -19 8 10 16 -11 -8 18 5 -12 4 
-16 5 -11 14 -15 8 -16 1 14 16 -1 7 11 5 3 2 10 19 3 15 
-16 -17 15 -2 15 10 11 2 9 -8 0 18 2 -16 -18 -4 19 7 19 1 
1 19 7 19 -4 -18 -16 2 18 0 -8 9 2 11 10 15 -2 15 -17 -16 
15 3 19 10 2 3 5 11 7 -1 16 14 1 -16 8 -15 14 -11 5 -16 
4 -12 5 18 -8 -11 16 10 8 -19 17 6 5 -11 12 -13 16 -6 8 0 
1 14 15 17 8 -16 19 12 16 4 -17 -9 19 12 11 10 12 -18 -8 3 
14 2 -15 15 3 6 16 8 2 12 3 18 2 -8 13 -8 8 -6 15 12 
8 17 -14 0 11 19 -12 16 18 16 -14 5 -13 9 11 -7 -19 18 3 9 
-3 1 4 2 19 12 -18 17 10 9 17 2 4 -18 -5 17 10 4 12 1 
11 11 -4 16 4 12 8 3 -2 -14 16 9 1 17 12 3 19 8 17 16 
18 16 17 3 10 16 5 10 5 3 0 4 6 11 0 11 1 3 7 4 
6 17 14 18 16 9 -4 16 4 -14 -8 2 2 14 8 6 -9 -16 -16 12 
30
1
4 17
15 2
0
0
