20 20
24 8 18 -9 7 -1 -2 7 24 9 -21 2 5 -24 -22 12 13 24 4 -30 
19 10 3 23 -14 18 -4 17 21 25 -13 1 25 10 2 8 10 11 3 13 
1 12 12 12 28 13 -6 6 22 22 14 -20 30 -11 9 23 20 11 27 1 
12 26 5 -27 23 12 -29 -7 18 14 22 -8 30 8 13 3 28 2 2 27 
9 15 5 19 13 -15 16 28 0 10 18 -29 29 27 10 9 17 -15 2 22 
8 -27 5 13 -6 19 -17 -5 17 22 20 2 -26 13 24 25 20 -18 5 19 
22 -16 22 14 29 6 5 25 -24 13 -20 -9 3 4 7 11 15 5 3 15 
17 13 1 -2 28 8 -27 30 -9 -8 9 -18 2 -23 24 3 -6 4 15 30 
10 24 -1 -15 3 -17 15 14 19 2 23 -4 29 29 21 7 15 27 10 27 
7 11 28 29 17 11 -28 21 29 0 24 15 22 20 8 3 -7 18 24 28 
28 24 18 -7 3 8 20 22 15 24 0 29 21 -28 11 17 29 28 11 7 
27 10 27 15 7 21 29 29 -4 23 2 19 14 15 -17 3 -15 -1 24 10 
30 15 4 -6 3 24 -23 2 -18 9 -8 -9 30 -27 8 28 -2 1 13 17 
15 3 5 15 11 7 4 3 -9 -20 13 -24 25 5 6 29 14 22 -16 22 
19 5 -18 20 25 24 13 -26 2 20 22 17 -5 -17 19 -6 13 5 -27 8 
22 2 -15 17 9 10 27 29 -29 18 10 0 28 16 -15 13 19 5 15 9 
27 2 2 28 3 13 8 30 -8 22 14 18 -7 -29 12 23 -27 5 26 12 
1 27 11 20 23 9 -11 30 -20 14 22 22 6 -6 13 28 12 12 12 1 
13 3 11 10 8 2 10 25 1 -13 25 21 17 -4 18 -14 23 3 10 19 
-30 4 24 13 12 -22 -24 5 2 -21 9 24 7 -2 -1 7 -9 18 8 24 
30
1
16 10
3 9
0
0
