20 20
4 16 1 -7 -16 18 -11 9 -16 19 0 -15 8 5 0 18 1 14 18 12 
15 19 7 5 -13 7 -12 7 15 6 16 3 9 9 17 3 4 6 -5 5 
13 12 14 1 15 7 6 12 -14 11 12 12 2 -10 5 9 11 5 19 5 
10 13 3 6 -11 2 13 8 0 14 12 8 11 2 13 13 10 6 1 16 
9 -11 13 18 9 8 -2 12 -17 -5 12 16 -15 -10 1 19 16 7 3 15 
13 14 5 10 -13 -5 2 12 10 -6 8 19 -12 16 17 17 16 12 4 -17 
11 4 1 7 19 14 9 0 9 6 7 -7 -13 16 17 1 7 18 -9 -9 
-15 -10 10 15 19 4 7 15 4 4 3 -6 16 2 11 7 -2 10 -5 9 
3 19 1 3 9 11 19 2 -2 -8 3 -7 15 11 1 3 10 19 9 3 
0 18 0 7 8 7 -3 -8 -8 15 2 11 17 1 -8 14 -13 5 -14 8 
8 -14 5 -13 14 -8 1 17 11 2 15 -8 -8 -3 7 8 7 0 18 0 
3 9 19 10 3 1 11 15 -7 3 -8 -2 2 19 11 9 3 1 19 3 
9 -5 10 -2 7 11 2 16 -6 3 4 4 15 7 4 19 15 10 -10 -15 
-9 -9 18 7 1 17 16 -13 -7 7 6 9 0 9 14 19 7 1 4 11 
-17 4 12 16 17 17 16 -12 19 8 -6 10 12 2 -5 -13 10 5 14 13 
15 3 7 16 19 1 -10 -15 16 12 -5 -17 12 -2 8 9 18 13 -11 9 
16 1 6 10 13 13 2 11 8 12 14 0 8 13 2 -11 6 3 13 10 
5 19 5 11 9 5 -10 2 12 12 11 -14 12 6 7 15 1 14 12 13 
5 -5 6 4 3 17 9 9 3 16 6 15 7 -12 7 -13 5 7 19 15 
12 18 14 1 18 0 5 8 -15 0 19 -16 9 -11 18 -16 -7 1 16 4 
30
1
3 9
16 10
0
0
