20 20
-13 15 12 16 -11 16 -2 7 2 17 -5 14 11 8 3 16 10 -6 4 -11 
2 8 -17 6 14 2 0 9 2 12 6 14 1 4 12 -6 15 13 9 11 
-13 13 16 17 10 6 5 13 9 -16 17 8 8 -15 5 4 2 5 2 8 
9 7 -17 -6 -2 -10 14 2 7 -12 0 -10 13 -3 12 14 14 11 2 5 
5 6 -15 9 12 -8 6 17 3 1 -2 14 15 2 5 4 17 -17 1 17 
8 9 5 1 16 3 -11 8 1 15 3 11 -3 5 -16 8 17 -11 3 1 
-17 8 7 3 8 -6 -6 14 3 17 12 2 -11 17 -5 5 -5 -4 10 3 
-15 11 -7 2 15 15 14 16 -3 10 -16 16 3 3 9 16 4 15 12 -5 
16 2 7 14 -16 15 15 9 -8 9 3 7 6 8 12 0 4 -2 0 11 
1 13 17 -11 15 8 6 7 11 1 -3 5 1 14 16 3 8 -16 16 14 
14 16 -16 8 3 16 14 1 5 -3 1 11 7 6 8 15 -11 17 13 1 
11 0 -2 4 0 12 8 6 7 3 9 -8 9 15 15 -16 14 7 2 16 
-5 12 15 4 16 9 3 3 16 -16 10 -3 16 14 15 15 2 -7 11 -15 
3 10 -4 -5 5 -5 17 -11 2 12 17 3 14 -6 -6 8 3 7 8 -17 
1 3 -11 17 8 -16 5 -3 11 3 15 1 8 -11 3 16 1 5 9 8 
17 1 -17 17 4 5 2 15 14 -2 1 3 17 6 -8 12 9 -15 6 5 
5 2 11 14 14 12 -3 13 -10 0 -12 7 2 14 -10 -2 -6 -17 7 9 
8 2 5 2 4 5 -15 8 8 17 -16 9 13 5 6 10 17 16 13 -13 
11 9 13 15 -6 12 4 1 14 6 12 2 9 0 2 14 6 -17 8 2 
-11 4 -6 10 16 3 8 11 14 -5 17 2 7 -2 16 -11 16 12 15 -13 
30
1
5 10
14 9
0
0
