20 20
8 10 -14 16 -7 8 4 6 13 3 15 12 -17 3 8 18 -9 11 15 3 
18 6 16 15 18 9 9 10 0 2 -13 11 7 1 0 19 -4 17 -12 6 
-12 3 9 7 11 8 17 1 3 18 10 12 -9 15 15 -3 14 -12 -6 4 
13 -10 5 -13 10 14 -11 -9 15 14 19 13 1 14 17 -14 17 7 8 17 
-5 7 19 18 9 11 -5 -3 5 -12 16 11 5 -7 9 6 3 6 5 3 
1 6 -5 8 13 4 13 -6 10 18 -1 3 -10 3 -9 3 -12 6 18 2 
13 14 -4 6 17 15 16 16 -15 9 9 2 -3 11 -4 16 11 0 10 16 
-11 17 2 -4 14 19 -17 16 15 19 2 9 8 9 7 10 10 9 10 13 
9 10 17 18 13 9 16 11 2 -14 15 7 5 18 5 16 0 8 7 4 
3 19 -12 9 2 10 10 11 6 12 0 10 0 1 19 12 -9 5 2 13 
13 2 5 -9 12 19 1 0 10 0 12 6 11 10 10 2 9 -12 19 3 
4 7 8 0 16 5 18 5 7 15 -14 2 11 16 9 13 18 17 10 9 
13 10 9 10 10 7 9 8 9 2 19 15 16 -17 19 14 -4 2 17 -11 
16 10 0 11 16 -4 11 -3 2 9 9 -15 16 16 15 17 6 -4 14 13 
2 18 6 -12 3 -9 3 -10 3 -1 18 10 -6 13 4 13 8 -5 6 1 
3 5 6 3 6 9 -7 5 11 16 -12 5 -3 -5 11 9 18 19 7 -5 
17 8 7 17 -14 17 14 1 13 19 14 15 -9 -11 14 10 -13 5 -10 13 
4 -6 -12 14 -3 15 15 -9 12 10 18 3 1 17 8 11 7 9 3 -12 
6 -12 17 -4 19 0 1 7 11 -13 2 0 10 9 9 18 15 16 6 18 
3 15 11 -9 18 8 3 -17 12 15 3 13 6 4 8 -7 16 -14 10 8 
30
1
3 19
16 0
0
0
