20 20
6 5 13 11 6 -11 3 -12 7 10 3 13 12 -13 8 11 5 3 1 3 
-6 -2 -4 12 14 8 8 7 3 1 2 7 8 -13 -9 9 -5 -4 7 -9 
13 13 4 -13 7 -8 14 11 8 13 6 6 -5 4 -9 -13 -1 -4 7 13 
3 6 3 -11 8 13 9 6 7 8 12 4 10 -1 -6 1 6 6 6 10 
-6 3 6 7 3 -12 11 5 11 10 7 12 11 10 -7 0 -2 4 7 9 
11 -1 -8 -11 10 5 -7 14 9 7 -13 6 6 9 -3 3 -13 1 -8 13 
13 7 4 10 0 12 -14 12 9 -14 10 3 5 11 1 8 0 9 9 1 
-13 -11 7 -4 -12 0 7 -6 11 6 -5 9 3 -9 -5 12 14 -6 9 9 
-8 12 -9 1 10 -12 5 -6 3 11 9 -12 -5 13 6 8 11 -8 4 14 
4 4 10 4 9 11 -5 0 3 4 14 3 8 9 6 6 -3 -4 2 0 
0 2 -4 -3 6 6 9 8 3 14 4 3 0 -5 11 9 4 10 4 4 
14 4 -8 11 8 6 13 -5 -12 9 11 3 -6 5 -12 10 1 -9 12 -8 
9 9 -6 14 12 -5 -9 3 9 -5 6 11 -6 7 0 -12 -4 7 -11 -13 
1 9 9 0 8 1 11 5 3 10 -14 9 12 -14 12 0 10 4 7 13 
13 -8 1 -13 3 -3 9 6 6 -13 7 9 14 -7 5 10 -11 -8 -1 11 
9 7 4 -2 0 -7 10 11 12 7 10 11 5 11 -12 3 7 6 3 -6 
10 6 6 6 1 -6 -1 10 4 12 8 7 6 9 13 8 -11 3 6 3 
13 7 -4 -1 -13 -9 4 -5 6 6 13 8 11 14 -8 7 -13 4 13 13 
-9 7 -4 -5 9 -9 -13 8 7 2 1 3 7 8 8 14 12 -4 -2 -6 
3 1 3 5 11 8 -13 12 13 3 10 7 -12 3 -11 6 11 13 5 6 
30
1
0 13
19 6
0
0
