20 20
13 16 4 6 -12 -7 12 1 10 2 2 15 12 16 12 7 0 2 -15 4 
15 14 -13 5 3 0 12 4 15 -17 3 0 14 15 2 -7 -2 -9 -5 12 
7 10 -16 3 13 -10 15 -3 5 14 13 5 1 7 8 3 9 -8 7 -14 
7 16 0 1 15 11 2 4 12 12 -12 5 0 4 -12 15 16 -15 -8 12 
8 -3 6 -16 -10 0 0 13 10 15 1 14 2 2 16 8 17 3 11 -5 
1 12 4 9 -14 3 16 -7 4 3 1 14 16 17 11 7 -2 2 6 -3 
-7 2 13 -5 -3 13 -11 8 -14 16 -7 3 6 4 6 11 13 12 2 2 
4 3 17 -6 9 0 8 10 5 7 12 14 6 13 -16 -16 2 -2 1 13 
8 8 17 2 3 6 4 3 16 8 -4 -14 2 -7 -2 16 13 11 15 17 
5 -8 -1 6 2 6 -8 6 2 4 -10 13 13 -11 10 10 -5 17 12 15 
15 12 17 -5 10 10 -11 13 13 -10 4 2 6 -8 6 2 6 -1 -8 5 
17 15 11 13 16 -2 -7 2 -14 -4 8 16 3 4 6 3 2 17 8 8 
13 1 -2 2 -16 -16 13 6 14 12 7 5 10 8 0 9 -6 17 3 4 
2 2 12 13 11 6 4 6 3 -7 16 -14 8 -11 13 -3 -5 13 2 -7 
-3 6 2 -2 7 11 17 16 14 1 3 4 -7 16 3 -14 9 4 12 1 
-5 11 3 17 8 16 2 2 14 1 15 10 13 0 0 -10 -16 6 -3 8 
12 -8 -15 16 15 -12 4 0 5 -12 12 12 4 2 11 15 1 0 16 7 
-14 7 -8 9 3 8 7 1 5 13 14 5 -3 15 -10 13 3 -16 10 7 
12 -5 -9 -2 -7 2 15 14 0 3 -17 15 4 12 0 3 5 -13 14 15 
4 -15 2 0 7 12 16 12 15 2 2 10 1 12 -7 -12 6 4 16 13 
30
1
6 19
13 0
0
0
