20 20
6 12 17 -18 -5 15 -1 7 1 12 -7 -4 16 7 3 5 13 10 -14 0 
16 10 4 -2 -6 5 17 15 -9 4 16 5 9 2 4 12 -15 9 14 15 
18 -15 -10 -8 18 8 15 2 7 14 5 17 1 -5 17 -3 15 7 13 2 
3 3 -18 8 18 12 -4 -8 -8 16 -14 3 10 -5 18 16 -16 1 8 10 
8 4 7 17 -18 8 5 7 13 10 -7 9 1 10 16 -11 -4 1 -1 13 
-3 9 8 1 8 -7 3 0 9 1 15 9 13 5 -9 1 -8 18 8 14 
16 6 -11 -2 16 -7 -3 17 17 -10 11 -12 11 12 6 -10 -4 -8 5 9 
12 1 12 -17 -18 1 6 7 18 -1 5 -18 18 -18 17 14 14 2 7 -12 
7 16 6 13 -5 7 -12 4 15 12 16 10 6 1 5 2 18 15 15 0 
-17 5 14 -10 17 14 9 -9 7 4 14 10 15 9 15 -13 4 17 1 -1 
-1 1 17 4 -13 15 9 15 10 14 4 7 -9 9 14 17 -10 14 5 -17 
0 15 15 18 2 5 1 6 10 16 12 15 4 -12 7 -5 13 6 16 7 
-12 7 2 14 14 17 -18 18 -18 5 -1 18 7 6 1 -18 -17 12 1 12 
9 5 -8 -4 -10 6 12 11 -12 11 -10 17 17 -3 -7 16 -2 -11 6 16 
14 8 18 -8 1 -9 5 13 9 15 1 9 0 3 -7 8 1 8 9 -3 
13 -1 1 -4 -11 16 10 1 9 -7 10 13 7 5 8 -18 17 7 4 8 
10 8 1 -16 16 18 -5 10 3 -14 16 -8 -8 -4 12 18 8 -18 3 3 
2 13 7 15 -3 17 -5 1 17 5 14 7 2 15 8 18 -8 -10 -15 18 
15 14 9 -15 12 4 2 9 5 16 4 -9 15 17 5 -6 -2 4 10 16 
0 -14 10 13 5 3 7 16 -4 -7 12 1 7 -1 15 -5 -18 17 12 6 
30
1
11 16
8 3
0
0
