20 20
7 -1 -14 -6 0 7 7 -4 -4 9 13 2 2 10 10 10 11 7 1 9 
-12 14 7 8 1 -14 -14 -2 3 -8 14 1 7 10 2 -13 14 8 6 7 
11 2 9 1 13 3 -5 14 4 10 0 4 7 -4 2 4 14 8 10 10 
1 2 -11 8 -7 -4 2 13 10 6 2 2 9 12 -14 2 5 9 6 3 
5 8 2 -5 6 -14 11 14 2 2 -13 3 7 -8 4 14 -14 13 4 5 
8 2 -1 2 -5 8 3 11 3 2 9 13 3 -14 5 3 9 -10 5 3 
4 -2 0 3 14 3 -4 6 -7 5 -12 -5 10 6 5 14 -12 9 4 9 
13 6 0 13 3 5 9 3 1 2 4 -10 -13 2 6 3 0 7 -13 1 
5 9 5 -12 6 13 6 13 13 -9 10 -3 13 0 -7 7 -14 14 10 2 
5 13 11 2 1 6 13 7 11 1 7 -6 5 13 12 8 -12 8 5 3 
3 5 8 -12 8 12 13 5 -6 7 1 11 7 13 6 1 2 11 13 5 
2 10 14 -14 7 -7 0 13 -3 10 -9 13 13 6 13 6 -12 5 9 5 
1 -13 7 0 3 6 2 -13 -10 4 2 1 3 9 5 3 13 0 6 13 
9 4 9 -12 14 5 6 10 -5 -12 5 -7 6 -4 3 14 3 0 -2 4 
3 5 -10 9 3 5 -14 3 13 9 2 3 11 3 8 -5 2 -1 2 8 
5 4 13 -14 14 4 -8 7 3 -13 2 2 14 11 -14 6 -5 2 8 5 
3 6 9 5 2 -14 12 9 2 2 6 10 13 2 -4 -7 8 -11 2 1 
10 10 8 14 4 2 -4 7 4 0 10 4 14 -5 3 13 1 9 2 11 
7 6 8 14 -13 2 10 7 1 14 -8 3 -2 -14 -14 1 8 7 14 -12 
9 1 7 11 10 10 10 2 2 13 9 -4 -4 7 7 0 -6 -14 -1 7 
30
1
1 3
18 16
0
0
