20 20
19 21 18 23 -19 -17 -8 3 14 8 20 -4 8 2 9 22 21 4 20 19 
-23 5 19 -16 -9 19 -7 14 12 11 12 23 6 0 19 -21 -18 -9 23 -18 
5 5 20 13 3 6 -3 15 0 18 8 12 15 23 11 10 -14 -7 3 -17 
5 -3 2 -23 23 2 19 22 0 -7 14 16 10 -17 23 19 -10 20 12 2 
7 3 9 -23 4 15 1 12 12 11 15 11 21 -13 19 -10 20 21 -7 15 
2 -13 -14 18 23 3 20 22 4 19 22 18 6 12 -16 13 16 12 -15 23 
-6 19 22 9 -15 -17 -7 -8 19 0 4 -20 23 5 0 12 23 -18 23 -16 
22 20 8 18 22 2 -16 6 13 2 15 20 -13 12 15 7 12 15 18 2 
19 16 15 23 15 23 18 6 5 -15 -2 3 -3 19 8 4 17 15 -18 2 
7 19 13 -12 7 13 -15 18 6 4 -17 -2 5 16 10 21 2 15 -20 23 
23 -20 15 2 21 10 16 5 -2 -17 4 6 18 -15 13 7 -12 13 19 7 
2 -18 15 17 4 8 19 -3 3 -2 -15 5 6 18 23 15 23 15 16 19 
2 18 15 12 7 15 12 -13 20 15 2 13 6 -16 2 22 18 8 20 22 
-16 23 -18 23 12 0 5 23 -20 4 0 19 -8 -7 -17 -15 9 22 19 -6 
23 -15 12 16 13 -16 12 6 18 22 19 4 22 20 3 23 18 -14 -13 2 
15 -7 21 20 -10 19 -13 21 11 15 11 12 12 1 15 4 -23 9 3 7 
2 12 20 -10 19 23 -17 10 16 14 -7 0 22 19 2 23 -23 2 -3 5 
-17 3 -7 -14 10 11 23 15 12 8 18 0 15 -3 6 3 13 20 5 5 
-18 23 -9 -18 -21 19 0 6 23 12 11 12 14 -7 19 -9 -16 19 5 -23 
19 20 4 21 22 9 2 8 -4 20 8 14 3 -8 -17 -19 23 18 21 19 
30
1
2 17
17 2
0
0
