20 20
-4 21 26 16 20 27 1 -14 23 17 23 22 11 -17 4 3 -15 5 -22 13 
7 -18 11 11 -10 26 -2 6 11 11 13 21 14 5 18 -23 15 2 6 6 
11 4 8 10 -14 5 -26 10 9 5 3 8 13 11 -26 25 11 16 3 21 
16 11 23 25 22 6 -6 18 -7 20 26 14 -24 3 5 16 -19 19 27 -20 
2 12 -22 14 -19 8 23 17 22 23 6 12 24 -24 3 6 -9 14 27 1 
-22 20 18 17 20 -6 -10 26 18 24 -19 16 12 16 -7 6 19 5 -14 6 
25 7 27 -19 20 -3 24 -19 14 11 5 3 9 11 5 -8 14 18 9 8 
4 -22 -8 -17 21 -24 0 1 -5 21 23 -14 -1 -4 8 17 3 25 20 27 
24 -6 -12 4 6 -9 14 11 14 8 6 -3 20 7 -17 18 16 -8 27 -12 
5 -24 27 -6 0 11 15 22 4 23 18 3 7 14 -3 -23 5 1 -2 18 
18 -2 1 5 -23 -3 14 7 3 18 23 4 22 15 11 0 -6 27 -24 5 
-12 27 -8 16 18 -17 7 20 -3 6 8 14 11 14 -9 6 4 -12 -6 24 
27 20 25 3 17 8 -4 -1 -14 23 21 -5 1 0 -24 21 -17 -8 -22 4 
8 9 18 14 -8 5 11 9 3 5 11 14 -19 24 -3 20 -19 27 7 25 
6 -14 5 19 6 -7 16 12 16 -19 24 18 26 -10 -6 20 17 18 20 -22 
1 27 14 -9 6 3 -24 24 12 6 23 22 17 23 8 -19 14 -22 12 2 
-20 27 19 -19 16 5 3 -24 14 26 20 -7 18 -6 6 22 25 23 11 16 
21 3 16 11 25 -26 11 13 8 3 5 9 10 -26 5 -14 10 8 4 11 
6 6 2 15 -23 18 5 14 21 13 11 11 6 -2 26 -10 11 11 -18 7 
13 -22 5 -15 3 4 -17 11 22 23 17 23 -14 1 27 20 16 26 21 -4 
30
1
13 10
6 9
0
0
