20 20
-3 6 7 5 3 7 2 12 -13 -6 1 8 9 9 15 -3 -11 2 1 15 
7 3 0 2 -3 7 5 -10 16 6 9 14 8 -11 12 4 12 9 4 14 
-5 -15 8 0 12 8 1 5 14 4 -3 10 13 -9 5 4 2 5 7 9 
10 -5 16 9 -7 10 -8 -9 16 -9 3 2 -10 15 7 -7 14 12 0 8 
12 -10 6 -13 4 4 16 13 16 3 -13 6 5 6 11 13 3 11 10 -4 
13 11 10 14 6 -15 0 5 1 -1 4 -5 7 13 2 13 5 -7 3 2 
0 -14 1 2 -2 -13 2 6 1 12 -14 -2 9 -6 12 -13 8 4 2 14 
-10 -13 7 13 10 -12 8 12 3 16 10 1 -2 15 4 0 6 16 5 3 
-16 15 -9 10 8 3 10 15 15 9 3 -8 15 -6 9 6 15 16 13 -11 
1 -8 -3 13 2 2 -9 9 -14 -13 6 15 -12 -2 -11 8 11 -16 2 -11 
-11 2 -16 11 8 -11 -2 -12 15 6 -13 -14 9 -9 2 2 13 -3 -8 1 
-11 13 16 15 6 9 -6 15 -8 3 9 15 15 10 3 8 10 -9 15 -16 
3 5 16 6 0 4 15 -2 1 10 16 3 12 8 -12 10 13 7 -13 -10 
14 2 4 8 -13 12 -6 9 -2 -14 12 1 6 2 -13 -2 2 1 -14 0 
2 3 -7 5 13 2 13 7 -5 4 -1 1 5 0 -15 6 14 10 11 13 
-4 10 11 3 13 11 6 5 6 -13 3 16 13 16 4 4 -13 6 -10 12 
8 0 12 14 -7 7 15 -10 2 3 -9 16 -9 -8 10 -7 9 16 -5 10 
9 7 5 2 4 5 -9 13 10 -3 4 14 5 1 8 12 0 8 -15 -5 
14 4 9 12 4 12 -11 8 14 9 6 16 -10 5 7 -3 2 0 3 7 
15 1 2 -11 -3 15 9 9 8 1 -6 -13 12 2 7 3 5 7 6 -3 
30
1
9 18
10 1
0
0
