20 20
3 -14 9 -12 7 13 2 4 13 12 -8 5 5 3 8 -13 9 -6 -6 -11 
2 3 5 3 -2 11 -2 -14 1 14 14 14 3 13 -1 -14 -6 -10 -5 10 
7 6 5 -4 9 -11 -11 14 -8 7 3 8 -6 -3 7 -14 2 -1 -6 12 
-6 -6 11 7 2 11 12 10 13 10 -5 6 6 2 -7 -5 10 2 2 12 
-14 1 14 11 2 -4 -10 2 -14 6 8 -7 -4 1 14 2 12 -5 -8 4 
2 11 7 12 12 -5 2 -7 0 7 0 9 -12 10 13 -4 11 -4 4 14 
5 -9 11 7 -12 11 7 0 6 -3 4 -9 -4 -10 14 7 9 -3 10 0 
9 4 0 14 13 -3 -6 4 8 5 -3 10 -4 -11 10 12 -6 11 8 8 
1 -3 -13 9 10 7 -2 8 14 10 -6 12 4 1 8 6 10 8 14 -14 
5 14 14 12 2 8 2 2 9 10 7 5 -12 -12 -12 6 14 7 1 -8 
-8 1 7 14 6 -12 -12 -12 5 7 10 9 2 2 8 2 12 14 14 5 
-14 14 8 10 6 8 1 4 12 -6 10 14 8 -2 7 10 9 -13 -3 1 
8 8 11 -6 12 10 -11 -4 10 -3 5 8 4 -6 -3 13 14 0 4 9 
0 10 -3 9 7 14 -10 -4 -9 4 -3 6 0 7 11 -12 7 11 -9 5 
14 4 -4 11 -4 13 10 -12 9 0 7 0 -7 2 -5 12 12 7 11 2 
4 -8 -5 12 2 14 1 -4 -7 8 6 -14 2 -10 -4 2 11 14 1 -14 
12 2 2 10 -5 -7 2 6 6 -5 10 13 10 12 11 2 7 11 -6 -6 
12 -6 -1 2 -14 7 -3 -6 8 3 7 -8 14 -11 -11 9 -4 5 6 7 
10 -5 -10 -6 -14 -1 13 3 14 14 14 1 -14 -2 11 -2 3 5 3 2 
-11 -6 -6 9 -13 8 3 5 5 -8 12 13 4 2 13 7 -12 9 -14 3 
30
1
11 0
8 19
0
0
