20 20
-9 16 3 -12 12 2 14 11 1 12 17 15 3 16 17 16 -15 5 -14 7 
1 6 9 16 -3 14 8 5 -17 15 17 -12 -10 9 8 9 8 12 3 13 
3 13 13 17 -7 4 -2 4 12 16 6 -7 17 14 1 -5 13 1 16 10 
14 10 10 2 2 11 -1 11 4 15 -5 14 14 10 5 -17 -1 -6 -3 15 
10 -7 16 0 9 3 -1 2 -16 15 11 -13 17 -2 -1 11 9 8 -15 4 
1 17 0 5 3 1 -2 -4 7 -7 8 -13 12 1 9 14 2 16 4 10 
12 -12 -7 -16 8 -5 0 2 6 10 -6 -4 6 8 12 10 -10 14 1 14 
-2 3 -4 14 -15 6 -9 14 -3 4 12 0 -5 -6 0 9 16 0 3 2 
14 5 9 12 -14 8 17 -1 4 0 -5 6 9 4 8 12 13 -2 -14 -1 
-7 8 15 3 12 13 4 -9 17 -8 -17 -4 5 1 1 5 14 9 -17 13 
13 -17 9 14 5 1 1 5 -4 -17 -8 17 -9 4 13 12 3 15 8 -7 
-1 -14 -2 13 12 8 4 9 6 -5 0 4 -1 17 8 -14 12 9 5 14 
2 3 0 16 9 0 -6 -5 0 12 4 -3 14 -9 6 -15 14 -4 3 -2 
14 1 14 -10 10 12 8 6 -4 -6 10 6 2 0 -5 8 -16 -7 -12 12 
10 4 16 2 14 9 1 12 -13 8 -7 7 -4 -2 1 3 5 0 17 1 
4 -15 8 9 11 -1 -2 17 -13 11 15 -16 2 -1 3 9 0 16 -7 10 
15 -3 -6 -1 -17 5 10 14 14 -5 15 4 11 -1 11 2 2 10 10 14 
10 16 1 13 -5 1 14 17 -7 6 16 12 4 -2 4 -7 17 13 13 3 
13 3 12 8 9 8 9 -10 -12 17 15 -17 5 8 14 -3 16 9 6 1 
7 -14 5 -15 16 17 16 3 15 17 12 1 11 14 2 12 -12 3 16 -9 
30
1
6 0
13 19
0
0
