20 20
2 -17 19 -2 24 -11 21 12 18 4 -5 20 15 25 8 5 -16 -25 24 -27 
5 3 22 5 -2 4 16 24 -21 -1 -24 -17 25 -18 -6 18 -22 26 14 -21 
8 11 16 10 12 7 -25 0 25 5 -18 7 -10 19 26 2 12 4 26 24 
1 -10 22 -7 19 6 -10 1 6 23 6 -10 -12 -6 21 10 19 13 3 12 
22 13 9 23 21 -1 20 13 -3 -24 27 -19 -24 17 -8 -26 2 23 7 21 
2 -16 10 15 6 16 22 25 7 15 6 2 27 17 -27 15 16 -25 26 -14 
10 22 25 -8 26 14 2 8 6 24 -13 10 25 3 18 23 13 17 -21 7 
-23 21 6 27 -13 8 4 -6 15 2 -19 2 24 18 21 17 20 26 5 4 
-7 15 8 24 8 13 5 17 4 24 25 7 18 9 23 -4 23 14 16 -7 
-22 18 21 26 -21 11 11 17 24 13 3 18 24 14 2 -11 27 24 4 12 
12 4 24 27 -11 2 14 24 18 3 13 24 17 11 11 -21 26 21 18 -22 
-7 16 14 23 -4 23 9 18 7 25 24 4 17 5 13 8 24 8 15 -7 
4 5 26 20 17 21 18 24 2 -19 2 15 -6 4 8 -13 27 6 21 -23 
7 -21 17 13 23 18 3 25 10 -13 24 6 8 2 14 26 -8 25 22 10 
-14 26 -25 16 15 -27 17 27 2 6 15 7 25 22 16 6 15 10 -16 2 
21 7 23 2 -26 -8 17 -24 -19 27 -24 -3 13 20 -1 21 23 9 13 22 
12 3 13 19 10 21 -6 -12 -10 6 23 6 1 -10 6 19 -7 22 -10 1 
24 26 4 12 2 26 19 -10 7 -18 5 25 0 -25 7 12 10 16 11 8 
-21 14 26 -22 18 -6 -18 25 -17 -24 -1 -21 24 16 4 -2 5 22 3 5 
-27 24 -25 -16 5 8 25 15 20 -5 4 18 12 21 -11 24 -2 19 -17 2 
30
1
16 9
3 10
0
0
