20 20
1 6 0 7 -4 10 12 2 -3 7 9 3 8 5 -12 -13 4 10 6 -5 
0 6 13 3 6 4 9 13 -7 -5 3 10 3 8 -4 4 11 8 5 12 
1 3 0 9 -9 -7 -5 -6 6 4 11 8 13 3 8 7 4 10 9 -3 
2 9 -13 12 12 4 2 -7 -3 3 2 7 2 5 10 6 8 11 13 10 
6 2 5 0 3 0 7 7 -9 6 -6 3 13 12 6 -8 2 -10 4 2 
-5 2 8 -4 2 9 11 6 12 -5 12 4 -5 11 1 5 13 13 8 2 
8 2 7 11 -5 11 -5 2 6 11 3 13 -7 8 13 8 6 6 12 -13 
-6 7 3 13 7 6 9 11 6 12 6 7 1 10 -2 10 7 6 2 12 
5 10 2 -1 -9 -5 -6 -10 6 7 10 5 5 8 6 -5 9 11 5 10 
5 -3 13 12 9 8 10 5 4 3 12 -13 4 -9 11 -12 -9 -7 11 -1 
-1 11 -7 -9 -12 11 -9 4 -13 12 3 4 5 10 8 9 12 13 -3 5 
10 5 11 9 -5 6 8 5 5 10 7 6 -10 -6 -5 -9 -1 2 10 5 
12 2 6 7 10 -2 10 1 7 6 12 6 11 9 6 7 13 3 7 -6 
-13 12 6 6 8 13 8 -7 13 3 11 6 2 -5 11 -5 11 7 2 8 
2 8 13 13 5 1 11 -5 4 12 -5 12 6 11 9 2 -4 8 2 -5 
2 4 -10 2 -8 6 12 13 3 -6 6 -9 7 7 0 3 0 5 2 6 
10 13 11 8 6 10 5 2 7 2 3 -3 -7 2 4 12 12 -13 9 2 
-3 9 10 4 7 8 3 13 8 11 4 6 -6 -5 -7 -9 9 0 3 1 
12 5 8 11 4 -4 8 3 10 3 -5 -7 13 9 4 6 3 13 6 0 
-5 6 10 4 -13 -12 5 8 3 9 7 -3 2 12 10 -4 7 0 6 1 
30
1
12 11
7 8
0
0
