20 20
2 3 15 2 -16 10 10 17 7 -1 2 6 11 15 9 21 17 1 -19 4 
10 2 3 5 12 14 19 6 14 -4 -14 8 18 15 -10 13 20 12 1 6 
8 6 11 -16 14 22 18 2 2 17 0 1 -6 17 2 10 13 5 -1 15 
20 14 8 14 1 4 9 -20 10 -15 16 4 11 -4 -18 10 3 -13 13 -11 
14 -17 5 6 6 10 16 20 7 20 7 -23 15 11 2 4 16 16 20 -1 
2 21 19 12 4 14 9 2 22 12 10 18 -12 -4 5 13 -20 4 21 -15 
1 6 16 9 14 21 -7 -15 -8 11 11 19 15 -6 -14 -8 13 -19 20 -20 
-11 22 12 8 20 -14 5 10 16 1 -6 22 15 22 3 4 3 10 14 3 
23 -5 10 2 1 9 21 -3 6 10 4 22 -8 -21 2 8 -15 -10 -2 14 
-8 12 13 2 -21 21 16 23 11 14 19 -23 0 0 12 8 9 3 -18 -4 
-4 -18 3 9 8 12 0 0 -23 19 14 11 23 16 21 -21 2 13 12 -8 
14 -2 -10 -15 8 2 -21 -8 22 4 10 6 -3 21 9 1 2 10 -5 23 
3 14 10 3 4 3 22 15 22 -6 1 16 10 5 -14 20 8 12 22 -11 
-20 20 -19 13 -8 -14 -6 15 19 11 11 -8 -15 -7 21 14 9 16 6 1 
-15 21 4 -20 13 5 -4 -12 18 10 12 22 2 9 14 4 12 19 21 2 
-1 20 16 16 4 2 11 15 -23 7 20 7 20 16 10 6 6 5 -17 14 
-11 13 -13 3 10 -18 -4 11 4 16 -15 10 -20 9 4 1 14 8 14 20 
15 -1 5 13 10 2 17 -6 1 0 17 2 2 18 22 14 -16 11 6 8 
6 1 12 20 13 -10 15 18 8 -14 -4 14 6 19 14 12 5 3 2 10 
4 -19 1 17 21 9 15 11 6 2 -1 7 17 10 10 -16 2 15 3 2 
30
1
11 0
8 19
0
0
