20 20
0 12 -17 -11 1 16 15 18 4 9 11 2 5 2 9 12 -1 7 -6 8 
1 15 -21 -3 12 15 2 6 3 7 15 -10 9 9 15 11 4 18 5 -20 
16 6 7 6 3 9 -15 1 19 -14 -9 -3 2 16 8 18 0 -14 0 3 
13 19 3 1 22 9 15 3 4 17 12 18 1 21 6 19 -15 12 13 11 
3 -6 22 4 -18 1 16 15 -2 5 -4 -15 22 -14 -16 4 22 12 14 19 
22 0 22 13 12 13 -19 -8 16 2 5 11 16 14 5 21 19 22 22 4 
8 13 11 -3 10 8 7 3 0 -8 -3 -18 0 12 -20 -17 2 13 -13 11 
-11 -1 9 4 -14 19 -13 8 -21 4 11 16 2 17 3 20 3 3 -3 15 
-1 15 9 18 -14 2 -20 0 1 14 22 -15 -2 22 1 12 20 15 4 10 
12 22 -14 3 7 22 11 10 7 5 14 -20 20 14 1 15 18 11 -1 11 
11 -1 11 18 15 1 14 20 -20 14 5 7 10 11 22 7 3 -14 22 12 
10 4 15 20 12 1 22 -2 -15 22 14 1 0 -20 2 -14 18 9 15 -1 
15 -3 3 3 20 3 17 2 16 11 4 -21 8 -13 19 -14 4 9 -1 -11 
11 -13 13 2 -17 -20 12 0 -18 -3 -8 0 3 7 8 10 -3 11 13 8 
4 22 22 19 21 5 14 16 11 5 2 16 -8 -19 13 12 13 22 0 22 
19 14 12 22 4 -16 -14 22 -15 -4 5 -2 15 16 1 -18 4 22 -6 3 
11 13 12 -15 19 6 21 1 18 12 17 4 3 15 9 22 1 3 19 13 
3 0 -14 0 18 8 16 2 -3 -9 -14 19 1 -15 9 3 6 7 6 16 
-20 5 18 4 11 15 9 9 -10 15 7 3 6 2 15 12 -3 -21 15 1 
8 -6 7 -1 12 9 2 5 2 11 9 4 18 15 16 1 -11 -17 12 0 
30
1
8 17
11 2
0
0
