20 20
13 24 11 14 13 15 -24 8 25 9 8 6 -21 10 17 13 1 14 17 16 
1 -21 6 21 12 7 -24 -18 2 14 -18 22 -10 24 -1 -14 24 5 -15 20 
-8 17 12 12 26 5 10 -1 0 -6 -24 25 14 11 25 15 19 -19 26 12 
22 -11 6 5 2 -25 18 -8 21 5 18 19 5 -7 -16 12 -9 24 26 -16 
10 7 6 14 11 1 12 -21 4 -25 20 10 10 2 6 17 17 8 -13 10 
4 3 -14 19 26 10 7 13 -23 26 4 3 -25 4 23 12 15 -6 -11 22 
7 19 20 14 2 20 11 16 15 20 10 22 18 20 1 16 -8 -14 17 7 
15 14 20 26 3 9 8 9 2 17 10 25 25 8 -5 17 21 3 14 4 
8 4 13 23 10 -4 -14 18 12 18 -26 11 23 11 21 -19 14 26 9 22 
-9 -8 18 -15 10 5 -14 -13 20 9 -20 2 3 16 24 23 -14 -6 -5 -1 
-1 -5 -6 -14 23 24 16 3 2 -20 9 20 -13 -14 5 10 -15 18 -8 -9 
22 9 26 14 -19 21 11 23 11 -26 18 12 18 -14 -4 10 23 13 4 8 
4 14 3 21 17 -5 8 25 25 10 17 2 9 8 9 3 26 20 14 15 
7 17 -14 -8 16 1 20 18 22 10 20 15 16 11 20 2 14 20 19 7 
22 -11 -6 15 12 23 4 -25 3 4 26 -23 13 7 10 26 19 -14 3 4 
10 -13 8 17 17 6 2 10 10 20 -25 4 -21 12 1 11 14 6 7 10 
-16 26 24 -9 12 -16 -7 5 19 18 5 21 -8 18 -25 2 5 6 -11 22 
12 26 -19 19 15 25 11 14 25 -24 -6 0 -1 10 5 26 12 12 17 -8 
20 -15 5 24 -14 -1 24 -10 22 -18 14 2 -18 -24 7 12 21 6 -21 1 
16 17 14 1 13 17 10 -21 6 8 9 25 8 -24 15 13 14 11 24 13 
30
1
14 12
5 7
0
0
