20 20
7 12 2 2 -6 3 9 5 -2 10 1 12 1 3 -10 2 1 7 8 -11 
4 4 3 3 -12 3 -1 -10 8 -2 10 11 9 0 15 4 1 0 6 10 
2 -7 3 -2 -14 10 8 15 3 -10 0 -4 14 -15 0 12 10 8 2 8 
-2 -11 2 3 -7 -10 14 10 -9 -7 -14 4 14 -11 11 8 -3 9 1 11 
1 3 12 5 7 -8 4 2 11 9 4 2 6 -8 4 13 15 8 -15 13 
2 13 -8 -10 1 -14 2 4 -8 9 13 12 6 -2 8 13 -7 3 3 2 
6 7 -13 8 9 10 11 2 -15 8 -5 0 1 -5 3 -14 4 -8 7 9 
4 14 3 2 -8 -13 -12 -7 15 11 8 -7 9 3 13 13 13 14 -5 -8 
3 10 -8 0 -12 13 15 13 -7 -12 6 9 13 10 11 -9 -6 -5 6 2 
14 1 12 14 -4 14 14 8 15 13 1 8 -4 11 13 15 7 -3 1 4 
4 1 -3 7 15 13 11 -4 8 1 13 15 8 14 14 -4 14 12 1 14 
2 6 -5 -6 -9 11 10 13 9 6 -12 -7 13 15 13 -12 0 -8 10 3 
-8 -5 14 13 13 13 3 9 -7 8 11 15 -7 -12 -13 -8 2 3 14 4 
9 7 -8 4 -14 3 -5 1 0 -5 8 -15 2 11 10 9 8 -13 7 6 
2 3 3 -7 13 8 -2 6 12 13 9 -8 4 2 -14 1 -10 -8 13 2 
13 -15 8 15 13 4 -8 6 2 4 9 11 2 4 -8 7 5 12 3 1 
11 1 9 -3 8 11 -11 14 4 -14 -7 -9 10 14 -10 -7 3 2 -11 -2 
8 2 8 10 12 0 -15 14 -4 0 -10 3 15 8 10 -14 -2 3 -7 2 
10 6 0 1 4 15 0 9 11 10 -2 8 -10 -1 3 -12 3 3 4 4 
-11 8 7 1 2 -10 3 1 12 1 10 -2 5 9 3 -6 2 2 12 7 
30
1
11 2
8 17
0
0
