20 20
-2 -13 5 4 -22 -12 4 7 6 13 8 0 3 1 16 -16 -4 20 8 6 
27 9 1 21 11 -12 27 9 14 8 13 -24 15 17 13 -2 9 -15 21 15 
5 8 9 7 0 11 0 18 19 18 6 10 7 6 14 -7 16 10 11 -24 
25 -20 20 3 27 15 -2 3 20 20 15 25 12 6 27 27 12 21 12 7 
-23 26 9 14 17 1 8 18 -15 20 11 11 11 10 -18 22 9 9 24 3 
-24 10 -1 23 21 5 -6 21 -23 -21 -24 12 2 25 -2 18 25 12 17 5 
-16 15 -27 15 6 11 -17 22 6 -6 2 2 -25 -13 4 17 24 12 -1 2 
12 15 6 8 21 -10 16 14 -11 12 25 -7 27 26 10 -1 -19 12 3 -7 
-27 -24 4 7 17 12 20 22 -21 24 -16 10 9 -27 25 -24 4 1 23 13 
-1 0 -5 -9 13 1 5 12 18 13 19 5 -7 24 -24 25 6 -2 9 7 
7 9 -2 6 25 -24 24 -7 5 19 13 18 12 5 1 13 -9 -5 0 -1 
13 23 1 4 -24 25 -27 9 10 -16 24 -21 22 20 12 17 7 4 -24 -27 
-7 3 12 -19 -1 10 26 27 -7 25 12 -11 14 16 -10 21 8 6 15 12 
2 -1 12 24 17 4 -13 -25 2 2 -6 6 22 -17 11 6 15 -27 15 -16 
5 17 12 25 18 -2 25 2 12 -24 -21 -23 21 -6 5 21 23 -1 10 -24 
3 24 9 9 22 -18 10 11 11 11 20 -15 18 8 1 17 14 9 26 -23 
7 12 21 12 27 27 6 12 25 15 20 20 3 -2 15 27 3 20 -20 25 
-24 11 10 16 -7 14 6 7 10 6 18 19 18 0 11 0 7 9 8 5 
15 21 -15 9 -2 13 17 15 -24 13 8 14 9 27 -12 11 21 1 9 27 
6 8 20 -4 -16 16 1 3 0 8 13 6 7 4 -12 -22 4 5 -13 -2 
30
1
7 2
12 17
0
0
