20 20
15 4 11 4 -18 3 15 -3 -17 -1 5 11 14 16 7 12 18 15 9 11 
12 7 8 1 8 10 8 -11 11 -7 1 -4 14 10 15 -15 15 -6 16 0 
6 14 3 -4 1 16 -9 -14 4 16 8 3 9 -15 9 0 14 12 8 15 
7 16 -16 17 -7 18 18 5 2 -16 9 18 4 -8 0 6 2 0 -8 7 
5 7 -2 -7 13 13 3 2 16 18 18 4 1 10 12 4 15 -17 15 1 
-2 6 2 -10 2 -10 11 -4 0 6 1 11 -16 2 16 -6 -1 4 14 17 
-1 0 13 7 10 17 -7 5 18 5 9 10 1 2 8 -15 2 13 2 -5 
-3 14 16 8 -12 16 2 -1 -13 -15 -13 4 -18 8 8 14 5 13 4 1 
6 16 18 -8 -2 -2 -18 18 18 5 15 10 -7 2 16 9 2 2 12 -11 
14 17 5 2 -4 0 12 1 -18 -10 -7 6 15 1 16 15 10 -4 15 6 
6 15 -4 10 15 16 1 15 6 -7 -10 -18 1 12 0 -4 2 5 17 14 
-11 12 2 2 9 16 2 -7 10 15 5 18 18 -18 -2 -2 -8 18 16 6 
1 4 13 5 14 8 8 -18 4 -13 -15 -13 -1 2 16 -12 8 16 14 -3 
-5 2 13 2 -15 8 2 1 10 9 5 18 5 -7 17 10 7 13 0 -1 
17 14 4 -1 -6 16 2 -16 11 1 6 0 -4 11 -10 2 -10 2 6 -2 
1 15 -17 15 4 12 10 1 4 18 18 16 2 3 13 13 -7 -2 7 5 
7 -8 0 2 6 0 -8 4 18 9 -16 2 5 18 18 -7 17 -16 16 7 
15 8 12 14 0 9 -15 9 3 8 16 4 -14 -9 16 1 -4 3 14 6 
0 16 -6 15 -15 15 10 14 -4 1 -7 11 -11 8 10 8 1 8 7 12 
11 9 15 18 12 7 16 14 11 5 -1 -17 -3 15 3 -18 4 11 4 15 
30
1
6 2
13 17
0
0
