20 20
1 -20 5 10 2 7 11 10 -21 -1 21 2 -6 -11 8 -19 19 16 15 22 
8 -7 11 -13 23 3 15 -16 -4 21 24 23 23 12 -19 -7 14 22 -10 25 
0 4 15 13 23 24 22 21 7 -21 9 3 21 6 4 -12 9 12 16 15 
-7 -22 -18 3 1 7 7 9 16 23 6 -14 21 -21 12 12 1 -5 17 18 
-4 -4 11 2 13 -4 18 25 -22 10 2 8 12 11 -23 23 -1 22 -22 -7 
15 2 2 11 25 12 8 25 25 -1 24 16 0 25 12 8 13 6 16 21 
15 17 1 19 24 8 5 6 14 -2 24 2 20 23 20 -23 15 7 11 13 
-6 6 -11 0 -7 5 14 10 8 18 22 -24 18 -12 23 0 1 15 6 23 
22 -15 0 -17 7 11 10 14 -11 25 -6 23 8 5 2 -23 -6 23 23 1 
10 -6 -6 22 11 10 10 9 9 -12 10 24 -8 12 -18 15 23 4 -13 -18 
-18 -13 4 23 15 -18 12 -8 24 10 -12 9 9 10 10 11 22 -6 -6 10 
1 23 23 -6 -23 2 5 8 23 -6 25 -11 14 10 11 7 -17 0 -15 22 
23 6 15 1 0 23 -12 18 -24 22 18 8 10 14 5 -7 0 -11 6 -6 
13 11 7 15 -23 20 23 20 2 24 -2 14 6 5 8 24 19 1 17 15 
21 16 6 13 8 12 25 0 16 24 -1 25 25 8 12 25 11 2 2 15 
-7 -22 22 -1 23 -23 11 12 8 2 10 -22 25 18 -4 13 2 11 -4 -4 
18 17 -5 1 12 12 -21 21 -14 6 23 16 9 7 7 1 3 -18 -22 -7 
15 16 12 9 -12 4 6 21 3 9 -21 7 21 22 24 23 13 15 4 0 
25 -10 22 14 -7 -19 12 23 23 24 21 -4 -16 15 3 23 -13 11 -7 8 
22 15 16 19 -19 8 -11 -6 2 21 -1 -21 10 11 7 2 10 5 -20 1 
30
1
7 11
12 8
0
0
