20 20
19 6 -19 19 17 15 6 3 -22 4 14 9 1 3 -6 12 -3 18 12 15 
20 6 -3 17 1 16 -7 1 2 15 10 7 -9 6 10 0 3 12 2 7 
10 14 -10 -15 14 6 16 6 13 -21 5 4 -4 -6 7 19 21 22 15 10 
13 -16 20 12 8 14 4 -19 5 -6 8 5 17 -5 7 5 7 10 -13 -9 
17 6 5 17 10 -19 9 21 4 17 -12 10 20 8 3 9 1 2 18 -8 
-5 11 -7 13 14 14 4 15 15 6 6 9 14 6 22 16 8 18 15 20 
-16 -22 -3 14 -9 7 7 3 11 9 -2 2 4 4 14 -7 -13 19 5 -4 
20 22 -9 -8 20 7 18 14 7 -5 16 7 -2 18 13 8 2 15 12 -12 
-17 -15 -12 19 11 8 -19 22 11 1 22 3 13 3 -19 20 21 -21 15 20 
-7 3 0 -1 19 -6 11 -12 14 7 -8 -8 7 6 0 6 2 19 11 2 
2 11 19 2 6 0 6 7 -8 -8 7 14 -12 11 -6 19 -1 0 3 -7 
20 15 -21 21 20 -19 3 13 3 22 1 11 22 -19 8 11 19 -12 -15 -17 
-12 12 15 2 8 13 18 -2 7 16 -5 7 14 18 7 20 -8 -9 22 20 
-4 5 19 -13 -7 14 4 4 2 -2 9 11 3 7 7 -9 14 -3 -22 -16 
20 15 18 8 16 22 6 14 9 6 6 15 15 4 14 14 13 -7 11 -5 
-8 18 2 1 9 3 8 20 10 -12 17 4 21 9 -19 10 17 5 6 17 
-9 -13 10 7 5 7 -5 17 5 8 -6 5 -19 4 14 8 12 20 -16 13 
10 15 22 21 19 7 -6 -4 4 5 -21 13 6 16 6 14 -15 -10 14 10 
7 2 12 3 0 10 6 -9 7 10 15 2 1 -7 16 1 17 -3 6 20 
15 12 18 -3 12 -6 3 1 9 14 4 -22 3 6 15 17 19 -19 6 19 
30
1
14 3
5 16
0
0
