20 20
-28 -11 24 23 5 29 22 -12 5 17 -15 14 -8 -26 2 17 -16 -19 24 -1 
28 21 10 16 -5 19 5 12 9 16 7 3 10 6 24 -13 3 3 15 -12 
11 6 12 13 9 7 9 17 -20 21 15 9 -23 29 18 -23 22 20 19 29 
6 -14 3 19 12 9 -28 6 21 12 17 16 22 -15 11 8 29 2 8 21 
22 -22 16 25 -18 22 24 25 13 17 22 1 -14 3 25 -25 16 9 -23 -4 
12 3 4 11 -27 -20 -17 -25 14 -16 0 2 24 -29 25 28 22 6 12 23 
-5 -21 -11 -13 3 12 -21 -18 13 17 -28 13 -25 3 13 -17 23 28 15 6 
12 -22 18 23 15 29 26 -6 -3 -15 11 -10 -17 29 -29 26 14 20 13 10 
12 -4 23 -7 10 14 27 16 25 -15 16 -21 2 0 -10 16 2 13 14 -18 
4 3 27 22 23 28 17 22 12 27 20 -19 11 21 2 14 26 -12 18 17 
17 18 -12 26 14 2 21 11 -19 20 27 12 22 17 28 23 22 27 3 4 
-18 14 13 2 16 -10 0 2 -21 16 -15 25 16 27 14 10 -7 23 -4 12 
10 13 20 14 26 -29 29 -17 -10 11 -15 -3 -6 26 29 15 23 18 -22 12 
6 15 28 23 -17 13 3 -25 13 -28 17 13 -18 -21 12 3 -13 -11 -21 -5 
23 12 6 22 28 25 -29 24 2 0 -16 14 -25 -17 -20 -27 11 4 3 12 
-4 -23 9 16 -25 25 3 -14 1 22 17 13 25 24 22 -18 25 16 -22 22 
21 8 2 29 8 11 -15 22 16 17 12 21 6 -28 9 12 19 3 -14 6 
29 19 20 22 -23 18 29 -23 9 15 21 -20 17 9 7 9 13 12 6 11 
-12 15 3 3 -13 24 6 10 3 7 16 9 12 5 19 -5 16 10 21 28 
-1 24 -19 -16 17 2 -26 -8 14 -15 17 5 -12 22 29 5 23 24 -11 -28 
30
1
17 16
2 3
0
0
