20 20
20 3 10 7 16 5 17 6 11 1 13 0 0 18 9 12 15 -17 14 20 
18 5 -9 11 -18 15 20 15 -8 5 4 -18 13 19 6 12 -7 14 5 9 
1 18 12 16 15 9 15 13 0 -11 -19 11 -18 6 -5 -15 7 6 -9 -7 
10 7 1 1 13 3 5 3 -6 20 5 5 19 -19 -9 2 -8 10 12 -19 
-10 13 19 6 -6 -19 19 14 -9 -10 19 1 -20 4 -2 -15 3 -5 1 6 
-20 7 -19 16 19 2 12 15 8 11 17 -5 -3 8 0 -15 10 3 14 18 
5 7 20 16 10 18 16 -14 14 4 13 16 16 -9 19 9 18 3 3 11 
15 2 0 19 19 -11 5 7 9 8 11 -18 2 -15 6 -8 12 -5 10 17 
3 6 -16 -15 17 4 -13 8 14 20 13 3 12 13 -12 7 13 4 11 -7 
0 12 16 13 8 -4 15 -13 14 6 11 9 7 -13 -14 7 3 -15 8 14 
14 8 -15 3 7 -14 -13 7 9 11 6 14 -13 15 -4 8 13 16 12 0 
-7 11 4 13 7 -12 13 12 3 13 20 14 8 -13 4 17 -15 -16 6 3 
17 10 -5 12 -8 6 -15 2 -18 11 8 9 7 5 -11 19 19 0 2 15 
11 3 3 18 9 19 -9 16 16 13 4 14 -14 16 18 10 16 20 7 5 
18 14 3 10 -15 0 8 -3 -5 17 11 8 15 12 2 19 16 -19 7 -20 
6 1 -5 3 -15 -2 4 -20 1 19 -10 -9 14 19 -19 -6 6 19 13 -10 
-19 12 10 -8 2 -9 -19 19 5 5 20 -6 3 5 3 13 1 1 7 10 
-7 -9 6 7 -15 -5 6 -18 11 -19 -11 0 13 15 9 15 16 12 18 1 
9 5 14 -7 12 6 19 13 -18 4 5 -8 15 20 15 -18 11 -9 5 18 
20 14 -17 15 12 9 18 0 0 13 1 11 6 17 5 16 7 10 3 20 
30
1
15 11
4 8
0
0
