20 20
5 -20 -9 5 0 5 9 13 12 3 5 17 23 -17 3 22 22 19 5 2 
-13 7 0 -1 -2 7 22 6 18 -18 -5 14 3 23 -18 5 -3 13 21 20 
9 -10 18 1 12 -11 12 10 11 5 13 9 6 6 1 2 18 8 23 22 
15 20 16 3 -14 21 10 -14 20 9 7 2 23 11 3 8 13 -5 4 11 
-12 3 -2 5 1 -4 15 23 22 15 17 1 -17 8 17 10 18 -16 16 1 
18 3 7 -2 5 16 -3 8 -23 -2 2 1 20 3 18 5 -23 -10 9 -20 
2 22 -4 -8 18 16 -14 22 -17 23 13 -4 6 22 7 -17 22 7 19 -11 
-13 -14 5 5 18 9 13 6 -17 -7 23 1 7 -15 22 17 21 11 8 17 
22 5 17 21 0 13 3 22 -6 7 23 0 -5 18 23 17 21 2 3 -19 
8 22 0 16 -1 -17 -15 -5 14 3 1 15 -18 6 2 10 -9 -16 2 7 
7 2 -16 -9 10 2 6 -18 15 1 3 14 -5 -15 -17 -1 16 0 22 8 
-19 3 2 21 17 23 18 -5 0 23 7 -6 22 3 13 0 21 17 5 22 
17 8 11 21 17 22 -15 7 1 23 -7 -17 6 13 9 18 5 5 -14 -13 
-11 19 7 22 -17 7 22 6 -4 13 23 -17 22 -14 16 18 -8 -4 22 2 
-20 9 -10 -23 5 18 3 20 1 2 -2 -23 8 -3 16 5 -2 7 3 18 
1 16 -16 18 10 17 8 -17 1 17 15 22 23 15 -4 1 5 -2 3 -12 
11 4 -5 13 8 3 11 23 2 7 9 20 -14 10 21 -14 3 16 20 15 
22 23 8 18 2 1 6 6 9 13 5 11 10 12 -11 12 1 18 -10 9 
20 21 13 -3 5 -18 23 3 14 -5 -18 18 6 22 7 -2 -1 0 7 -13 
2 5 19 22 22 3 -17 23 17 5 3 12 13 9 5 0 5 -9 -20 5 
30
1
15 0
4 19
0
0
