20 20
2 9 11 0 1 -8 8 14 -11 -10 8 12 13 14 9 -7 14 7 14 3 
-13 8 5 6 12 14 -12 9 5 9 10 2 11 5 12 10 11 9 3 5 
-14 -9 -1 6 2 -9 8 7 11 6 -10 1 4 5 -7 8 12 -6 2 -1 
-8 -9 -11 -2 2 -3 6 13 13 10 5 -9 11 1 -9 14 13 6 -3 13 
3 4 12 11 0 14 10 4 12 5 5 9 3 -1 3 9 -8 7 3 6 
11 12 6 14 -6 2 4 3 2 9 10 -1 -10 -8 13 -4 -4 3 7 4 
13 13 -3 -3 5 8 3 -6 6 3 6 12 3 8 7 14 10 6 8 4 
-10 9 11 3 -12 -14 -2 10 14 0 13 14 3 1 7 -11 9 10 6 13 
7 9 -11 -5 14 -8 5 -11 10 12 -4 8 10 -14 12 -8 -2 13 -1 6 
8 2 10 6 8 1 9 4 -10 2 5 8 -6 2 9 7 5 10 -2 -13 
-13 -2 10 5 7 9 2 -6 8 5 2 -10 4 9 1 8 6 10 2 8 
6 -1 13 -2 -8 12 -14 10 8 -4 12 10 -11 5 -8 14 -5 -11 9 7 
13 6 10 9 -11 7 1 3 14 13 0 14 10 -2 -14 -12 3 11 9 -10 
4 8 6 10 14 7 8 3 12 6 3 6 -6 3 8 5 -3 -3 13 13 
4 7 3 -4 -4 13 -8 -10 -1 10 9 2 3 4 2 -6 14 6 12 11 
6 3 7 -8 9 3 -1 3 9 5 5 12 4 10 14 0 11 12 4 3 
13 -3 6 13 14 -9 1 11 -9 5 10 13 13 6 -3 2 -2 -11 -9 -8 
-1 2 -6 12 8 -7 5 4 1 -10 6 11 7 8 -9 2 6 -1 -9 -14 
5 3 9 11 10 12 5 11 2 10 9 5 9 -12 14 12 6 5 8 -13 
3 14 7 14 -7 9 14 13 12 8 -10 -11 14 8 -8 1 0 11 9 2 
30
1
8 14
11 5
0
0
