20 20
5 -7 -17 8 -8 21 18 -6 6 -16 12 5 9 22 13 -3 5 1 14 19 
-25 -6 2 9 -16 10 5 -10 13 9 18 9 3 3 21 3 17 -20 17 18 
-23 25 6 9 0 20 -9 -2 13 18 17 21 11 11 22 -3 14 -18 22 -8 
24 13 13 -9 10 6 3 -16 2 1 -9 23 13 14 9 22 1 11 -10 -18 
12 23 17 12 12 8 11 15 8 14 8 24 4 15 5 -5 -3 -2 17 19 
5 18 9 -23 -5 -22 25 4 12 23 -3 -15 19 11 -17 -3 5 12 23 18 
5 15 -6 13 21 3 5 19 16 -4 5 21 17 11 13 13 13 25 -14 20 
-14 18 6 11 4 8 11 12 4 -12 25 14 20 1 3 22 7 3 1 9 
4 3 3 1 6 -14 8 21 -25 8 17 9 8 21 -23 -23 9 -1 13 2 
6 6 -24 25 17 14 -12 -5 16 7 4 -20 19 -13 -7 10 13 15 -12 9 
9 -12 15 13 10 -7 -13 19 -20 4 7 16 -5 -12 14 17 25 -24 6 6 
2 13 -1 9 -23 -23 21 8 9 17 8 -25 21 8 -14 6 1 3 3 4 
9 1 3 7 22 3 1 20 14 25 -12 4 12 11 8 4 11 6 18 -14 
20 -14 25 13 13 13 11 17 21 5 -4 16 19 5 3 21 13 -6 15 5 
18 23 12 5 -3 -17 11 19 -15 -3 23 12 4 25 -22 -5 -23 9 18 5 
19 17 -2 -3 -5 5 15 4 24 8 14 8 15 11 8 12 12 17 23 12 
-18 -10 11 1 22 9 14 13 23 -9 1 2 -16 3 6 10 -9 13 13 24 
-8 22 -18 14 -3 22 11 11 21 17 18 13 -2 -9 20 0 9 6 25 -23 
18 17 -20 17 3 21 3 3 9 18 9 13 -10 5 10 -16 9 2 -6 -25 
19 14 1 5 -3 13 22 9 5 12 -16 6 -6 18 21 -8 8 -17 -7 5 
30
1
15 16
4 3
0
0
