20 20
-13 21 -14 14 15 -8 20 2 -16 13 26 17 11 4 22 -5 -4 13 16 14 
22 8 19 6 14 24 10 -16 -1 0 25 2 20 9 24 -7 -25 3 7 17 
15 -12 13 8 0 -1 15 22 4 14 10 3 16 -11 5 22 25 -26 -9 19 
26 19 16 23 10 26 -14 6 6 -3 21 25 1 15 3 11 -19 24 5 20 
9 -2 16 -12 6 7 16 14 -2 23 2 -18 -8 20 14 14 17 11 10 14 
-7 22 1 16 12 1 -11 6 17 -16 9 -11 22 25 -2 15 16 -13 -13 21 
14 3 8 -22 13 23 -18 1 16 11 -5 24 16 -5 -17 16 24 8 13 2 
10 5 10 -3 22 6 -9 -12 21 -20 9 -21 -15 2 18 -4 -10 9 1 -10 
14 7 2 4 16 -21 19 26 20 22 3 2 22 11 25 -25 17 17 12 -9 
17 1 14 15 21 -21 7 17 1 7 9 -1 23 1 -5 8 10 2 18 21 
21 18 2 10 8 -5 1 23 -1 9 7 1 17 7 -21 21 15 14 1 17 
-9 12 17 17 -25 25 11 22 2 3 22 20 26 19 -21 16 4 2 7 14 
-10 1 9 -10 -4 18 2 -15 -21 9 -20 21 -12 -9 6 22 -3 10 5 10 
2 13 8 24 16 -17 -5 16 24 -5 11 16 1 -18 23 13 -22 8 3 14 
21 -13 -13 16 15 -2 25 22 -11 9 -16 17 6 -11 1 12 16 1 22 -7 
14 10 11 17 14 14 20 -8 -18 2 23 -2 14 16 7 6 -12 16 -2 9 
20 5 24 -19 11 3 15 1 25 21 -3 6 6 -14 26 10 23 16 19 26 
19 -9 -26 25 22 5 -11 16 3 10 14 4 22 15 -1 0 8 13 -12 15 
17 7 3 -25 -7 24 9 20 2 25 0 -1 -16 10 24 14 6 19 8 22 
14 16 13 -4 -5 22 4 11 17 26 13 -16 2 20 -8 15 14 -14 21 -13 
30
1
1 16
18 3
0
0
