20 20
-8 -20 14 -20 23 9 19 14 21 3 5 -14 -18 4 19 14 23 20 11 16 
-1 19 19 13 15 2 19 -16 17 3 20 18 7 0 -3 22 12 23 -16 -3 
7 1 17 12 -17 -6 -11 9 0 14 20 13 19 7 -21 2 -20 0 1 11 
-13 23 6 -3 5 17 3 16 11 19 -20 16 16 -2 23 15 -10 -16 2 7 
17 15 4 3 21 -17 12 9 22 -12 -1 -11 8 6 0 7 2 8 15 1 
15 18 3 -23 -2 17 9 10 8 7 -13 11 13 -12 7 6 5 17 19 3 
-11 4 6 10 12 -19 2 18 12 20 22 14 0 1 9 -11 9 11 16 -4 
17 3 10 6 -9 8 13 -21 7 22 0 -9 15 -10 23 7 -11 -15 15 23 
17 11 -1 -10 10 -8 -10 -12 -2 -19 2 8 15 5 6 10 21 5 17 -18 
4 18 13 -23 -21 -6 17 -7 7 19 0 -21 11 12 -20 18 23 1 -12 11 
11 -12 1 23 18 -20 12 11 -21 0 19 7 -7 17 -6 -21 -23 13 18 4 
-18 17 5 21 10 6 5 15 8 2 -19 -2 -12 -10 -8 10 -10 -1 11 17 
23 15 -15 -11 7 23 -10 15 -9 0 22 7 -21 13 8 -9 6 10 3 17 
-4 16 11 9 -11 9 1 0 14 22 20 12 18 2 -19 12 10 6 4 -11 
3 19 17 5 6 7 -12 13 11 -13 7 8 10 9 17 -2 -23 3 18 15 
1 15 8 2 7 0 6 8 -11 -1 -12 22 9 12 -17 21 3 4 15 17 
7 2 -16 -10 15 23 -2 16 16 -20 19 11 16 3 17 5 -3 6 23 -13 
11 1 0 -20 2 -21 7 19 13 20 14 0 9 -11 -6 -17 12 17 1 7 
-3 -16 23 12 22 -3 0 7 18 20 3 17 -16 19 2 15 13 19 19 -1 
16 11 20 23 14 19 4 -18 -14 5 3 21 14 19 9 23 -20 14 -20 -8 
30
1
14 16
5 3
0
0
