20 20
13 1 11 10 -6 -11 9 6 1 11 10 5 -5 -13 -5 -7 -12 12 3 13 
5 10 -6 9 8 1 4 4 -13 -8 8 2 -11 5 -13 13 -9 1 -8 13 
5 7 0 -11 11 -3 4 -1 11 -2 13 12 9 -3 11 0 1 -1 0 3 
13 -2 3 3 8 -6 5 -4 8 4 13 9 0 11 1 9 -2 8 -7 4 
-13 13 4 2 -12 11 9 -8 11 13 1 4 -12 11 11 7 5 7 10 3 
-8 2 4 2 7 4 13 -2 4 10 0 5 2 4 6 -1 -7 7 10 5 
0 8 7 -11 5 8 4 4 5 4 6 11 -2 6 -7 8 6 -5 -3 -12 
2 4 -3 13 -12 12 10 8 3 12 7 -10 8 4 -7 7 8 -6 11 8 
5 -3 13 2 0 12 6 13 -7 11 8 12 8 -7 5 0 0 10 0 11 
7 -11 10 11 -1 -7 9 13 -12 11 0 -3 -6 2 9 4 3 4 8 -9 
-9 8 4 3 4 9 2 -6 -3 0 11 -12 13 9 -7 -1 11 10 -11 7 
11 0 10 0 0 5 -7 8 12 8 11 -7 13 6 12 0 2 13 -3 5 
8 11 -6 8 7 -7 4 8 -10 7 12 3 8 10 12 -12 13 -3 4 2 
-12 -3 -5 6 8 -7 6 -2 11 6 4 5 4 4 8 5 -11 7 8 0 
5 10 7 -7 -1 6 4 2 5 0 10 4 -2 13 4 7 2 4 2 -8 
3 10 7 5 7 11 11 -12 4 1 13 11 -8 9 11 -12 2 4 13 -13 
4 -7 8 -2 9 1 11 0 9 13 4 8 -4 5 -6 8 3 3 -2 13 
3 0 -1 1 0 11 -3 9 12 13 -2 11 -1 4 -3 11 -11 0 7 5 
13 -8 1 -9 13 -13 5 -11 2 8 -8 -13 4 4 1 8 9 -6 10 5 
13 3 12 -12 -7 -5 -13 -5 5 10 11 1 6 9 -11 -6 10 11 1 13 
30
1
11 13
8 6
0
0
