20 20
7 -11 23 5 -19 -14 7 24 1 -7 16 1 20 12 14 18 7 13 10 5 
14 12 15 13 -11 24 7 5 18 21 2 11 1 8 11 -19 -8 -3 -3 -22 
16 -21 3 -11 1 1 0 6 16 -6 3 15 -5 19 21 4 19 2 23 15 
-4 9 4 -16 -16 4 3 23 -7 10 23 2 5 1 5 22 12 -6 10 13 
16 6 -3 -22 4 -5 -24 22 18 12 10 4 3 15 17 -9 -6 6 8 2 
-3 21 23 20 16 23 24 1 5 -23 -15 12 19 20 5 -17 20 -20 -15 7 
-8 13 24 18 15 -8 4 9 -3 2 23 3 -18 13 24 6 12 5 3 21 
1 10 15 22 23 14 17 13 0 -11 5 0 11 -10 4 2 13 13 5 2 
16 -9 5 0 1 -11 22 -10 22 10 14 -16 1 -15 2 8 20 -13 19 9 
-18 18 15 15 13 14 8 11 18 22 -14 4 10 24 0 18 15 23 3 -8 
-8 3 23 15 18 0 24 10 4 -14 22 18 11 8 14 13 15 15 18 -18 
9 19 -13 20 8 2 -15 1 -16 14 10 22 -10 22 -11 1 0 5 -9 16 
2 5 13 13 2 4 -10 11 0 5 -11 0 13 17 14 23 22 15 10 1 
21 3 5 12 6 24 13 -18 3 23 2 -3 9 4 -8 15 18 24 13 -8 
7 -15 -20 20 -17 5 20 19 12 -15 -23 5 1 24 23 16 20 23 21 -3 
2 8 6 -6 -9 17 15 3 4 10 12 18 22 -24 -5 4 -22 -3 6 16 
13 10 -6 12 22 5 1 5 2 23 10 -7 23 3 4 -16 -16 4 9 -4 
15 23 2 19 4 21 19 -5 15 3 -6 16 6 0 1 1 -11 3 -21 16 
-22 -3 -3 -8 -19 11 8 1 11 2 21 18 5 7 24 -11 13 15 12 14 
5 10 13 7 18 14 12 20 1 16 -7 1 24 7 -14 -19 5 23 -11 7 
30
1
13 16
6 3
0
0
