20 20
-6 1 -9 1 0 7 -13 7 -6 1 8 3 -3 15 3 11 4 11 5 11 
-1 5 -1 6 11 10 15 0 -2 7 11 4 2 -11 0 10 -13 -4 1 -7 
13 11 -14 2 -6 6 1 2 1 11 15 13 -13 -9 -1 7 4 12 10 -5 
15 11 -14 1 1 -14 -6 -15 8 -11 15 6 15 -8 8 -11 -3 3 -12 13 
1 -8 10 3 2 -2 -9 11 4 7 7 -6 5 14 3 1 15 -13 15 10 
4 8 11 2 8 14 2 11 1 15 -14 0 12 9 -14 9 2 13 -1 3 
8 -15 4 11 15 0 -9 5 12 14 10 3 0 9 4 5 15 8 14 -9 
10 -5 5 14 13 14 13 7 10 2 9 12 3 5 13 13 11 8 9 -9 
9 13 6 -9 15 15 0 8 -5 5 -14 13 13 15 6 5 6 -6 -2 8 
15 2 6 8 12 -1 3 -4 -4 2 8 9 13 15 -5 9 4 9 1 14 
14 1 9 4 9 -5 15 13 9 8 2 -4 -4 3 -1 12 8 6 2 15 
8 -2 -6 6 5 6 15 13 13 -14 5 -5 8 0 15 15 -9 6 13 9 
-9 9 8 11 13 13 5 3 12 9 2 10 7 13 14 13 14 5 -5 10 
-9 14 8 15 5 4 9 0 3 10 14 12 5 -9 0 15 11 4 -15 8 
3 -1 13 2 9 -14 9 12 0 -14 15 1 11 2 14 8 2 11 8 4 
10 15 -13 15 1 3 14 5 -6 7 7 4 11 -9 -2 2 3 10 -8 1 
13 -12 3 -3 -11 8 -8 15 6 15 -11 8 -15 -6 -14 1 1 -14 11 15 
-5 10 12 4 7 -1 -9 -13 13 15 11 1 2 1 6 -6 2 -14 11 13 
-7 1 -4 -13 10 0 -11 2 4 11 7 -2 0 15 10 11 6 -1 5 -1 
11 5 11 4 11 3 15 -3 3 8 1 -6 7 -13 7 0 1 -9 1 -6 
30
1
19 14
0 5
0
0
