20 20
17 18 -11 12 4 -4 8 20 1 -21 -1 1 23 -3 17 16 18 -22 15 21 
0 11 -2 22 -3 -7 -9 12 10 7 -11 13 -16 17 12 18 10 5 1 -5 
9 11 -21 1 1 19 9 23 -10 -4 -16 23 15 11 19 6 22 -20 -18 12 
-2 5 14 20 -20 -1 19 8 -9 -20 23 -21 20 8 -9 16 16 9 17 -19 
12 13 8 22 -3 19 7 -8 -14 -11 11 -16 13 6 21 -7 3 20 23 0 
20 14 15 -11 8 4 17 0 4 3 9 9 20 -18 5 1 9 13 5 -23 
23 8 9 -1 8 9 22 9 9 23 10 1 7 6 19 -5 16 -8 1 8 
-15 -4 -23 8 19 9 22 -6 21 7 6 5 13 6 14 19 13 22 22 22 
13 9 15 12 6 1 15 5 -15 22 7 20 16 22 8 9 -4 13 10 15 
-17 -14 -7 5 -2 10 -4 -2 -11 12 -14 -21 21 19 13 -17 11 -9 17 8 
8 17 -9 11 -17 13 19 21 -21 -14 12 -11 -2 -4 10 -2 5 -7 -14 -17 
15 10 13 -4 9 8 22 16 20 7 22 -15 5 15 1 6 12 15 9 13 
22 22 22 13 19 14 6 13 5 6 7 21 -6 22 9 19 8 -23 -4 -15 
8 1 -8 16 -5 19 6 7 1 10 23 9 9 22 9 8 -1 9 8 23 
-23 5 13 9 1 5 -18 20 9 9 3 4 0 17 4 8 -11 15 14 20 
0 23 20 3 -7 21 6 13 -16 11 -11 -14 -8 7 19 -3 22 8 13 12 
-19 17 9 16 16 -9 8 20 -21 23 -20 -9 8 19 -1 -20 20 14 5 -2 
12 -18 -20 22 6 19 11 15 23 -16 -4 -10 23 9 19 1 1 -21 11 9 
-5 1 5 10 18 12 17 -16 13 -11 7 10 12 -9 -7 -3 22 -2 11 0 
21 15 -22 18 16 17 -3 23 1 -1 -21 1 20 8 -4 4 12 -11 18 17 
30
1
8 9
11 10
0
0
