20 20
3 4 10 -5 -1 19 16 24 16 21 -26 23 -1 12 -2 -19 24 19 0 24 
-17 26 -24 21 25 11 10 0 27 27 -5 17 15 25 28 15 4 11 18 25 
29 -25 27 -25 25 -3 -17 -17 -19 26 17 -12 10 16 27 26 -4 13 21 20 
29 11 -25 19 5 -15 -24 -9 14 15 -24 23 6 24 4 28 19 14 11 22 
26 2 -9 0 26 0 25 26 6 14 22 -10 -28 16 19 -20 -16 18 -9 5 
29 -19 30 -26 25 -1 18 -20 20 6 17 18 24 3 -26 -8 -2 23 20 8 
-7 -22 25 -3 10 12 25 27 -28 -2 20 3 10 5 21 23 7 6 12 12 
-25 -19 7 17 24 16 17 13 26 -7 -8 15 19 24 17 19 8 4 7 8 
4 16 27 0 3 1 25 -4 3 6 9 18 11 25 29 -5 11 30 25 -22 
1 5 2 -18 22 -8 7 12 12 -17 15 24 4 2 -16 -4 2 6 9 28 
28 9 6 2 -4 -16 2 4 24 15 -17 12 12 7 -8 22 -18 2 5 1 
-22 25 30 11 -5 29 25 11 18 9 6 3 -4 25 1 3 0 27 16 4 
8 7 4 8 19 17 24 19 15 -8 -7 26 13 17 16 24 17 7 -19 -25 
12 12 6 7 23 21 5 10 3 20 -2 -28 27 25 12 10 -3 25 -22 -7 
8 20 23 -2 -8 -26 3 24 18 17 6 20 -20 18 -1 25 -26 30 -19 29 
5 -9 18 -16 -20 19 16 -28 -10 22 14 6 26 25 0 26 0 -9 2 26 
22 11 14 19 28 4 24 6 23 -24 15 14 -9 -24 -15 5 19 -25 11 29 
20 21 13 -4 26 27 16 10 -12 17 26 -19 -17 -17 -3 25 -25 27 -25 29 
25 18 11 4 15 28 25 15 17 -5 27 27 0 10 11 25 21 -24 26 -17 
24 0 19 24 -19 -2 12 -1 23 -26 21 16 24 16 19 -1 -5 10 4 3 
30
1
0 19
19 0
0
0
