20 20
-1 16 -14 4 -10 4 -2 5 14 -6 4 15 -6 13 8 10 13 9 -8 2 
9 6 14 5 10 3 7 -2 13 4 -6 16 16 -6 5 2 4 5 -6 3 
3 8 -7 1 4 10 -3 5 -12 5 3 15 11 0 12 16 10 12 15 -8 
8 -12 11 -10 5 15 12 3 -6 6 4 11 -1 13 -4 13 -6 5 9 -16 
4 -12 11 6 2 7 14 -5 6 7 16 4 16 1 14 13 16 -13 -7 1 
7 5 13 11 15 1 3 -10 -1 13 -13 6 -10 5 -14 -3 15 -14 16 6 
6 2 4 -6 7 8 12 1 1 5 10 14 11 -13 8 16 -5 16 6 2 
15 1 1 9 8 -2 -14 -2 2 -1 15 -13 16 7 4 3 1 14 15 -7 
15 13 6 -7 8 5 -13 2 5 11 14 2 -13 7 1 8 6 14 13 -15 
16 16 -7 11 2 4 16 -10 -13 9 -12 8 8 8 13 9 9 -7 12 7 
7 12 -7 9 9 13 8 8 8 -12 9 -13 -10 16 4 2 11 -7 16 16 
-15 13 14 6 8 1 7 -13 2 14 11 5 2 -13 5 8 -7 6 13 15 
-7 15 14 1 3 4 7 16 -13 15 -1 2 -2 -14 -2 8 9 1 1 15 
2 6 16 -5 16 8 -13 11 14 10 5 1 1 12 8 7 -6 4 2 6 
6 16 -14 15 -3 -14 5 -10 6 -13 13 -1 -10 3 1 15 11 13 5 7 
1 -7 -13 16 13 14 1 16 4 16 7 6 -5 14 7 2 6 11 -12 4 
-16 9 5 -6 13 -4 13 -1 11 4 6 -6 3 12 15 5 -10 11 -12 8 
-8 15 12 10 16 12 0 11 15 3 5 -12 5 -3 10 4 1 -7 8 3 
3 -6 5 4 2 5 -6 16 16 -6 4 13 -2 7 3 10 5 14 6 9 
2 -8 9 13 10 8 13 -6 15 4 -6 14 5 -2 4 -10 4 -14 16 -1 
30
1
12 9
7 10
0
0
