20 20
12 6 6 -9 11 -16 10 12 4 14 9 2 16 9 11 11 3 4 6 14 
6 -13 11 12 3 14 1 -7 1 14 12 16 -13 11 0 1 -3 1 5 1 
1 -15 -3 2 16 4 -1 2 14 -11 9 -9 3 7 6 15 6 -11 11 11 
2 14 -10 8 11 15 6 11 11 1 14 -9 13 15 -6 10 0 6 4 10 
15 14 -8 9 12 16 7 13 -6 12 6 8 11 -14 9 15 5 14 -3 11 
1 5 11 1 5 -7 -3 12 8 13 3 6 16 5 -2 -10 -2 -13 11 13 
4 -8 8 14 0 6 -16 12 12 4 8 11 15 0 10 8 6 9 11 14 
3 4 4 15 -13 -14 8 5 1 12 4 -16 3 -9 13 -12 9 4 14 1 
-1 10 11 2 -5 16 12 2 -7 13 14 -9 10 16 -16 9 -8 12 2 6 
10 3 -7 8 -9 -11 13 1 8 -11 10 12 -12 15 5 -16 6 10 14 10 
10 14 10 6 -16 5 15 -12 12 10 -11 8 1 13 -11 -9 8 -7 3 10 
6 2 12 -8 9 -16 16 10 -9 14 13 -7 2 12 16 -5 2 11 10 -1 
1 14 4 9 -12 13 -9 3 -16 4 12 1 5 8 -14 -13 15 4 4 3 
14 11 9 6 8 10 0 15 11 8 4 12 12 -16 6 0 14 8 -8 4 
13 11 -13 -2 -10 -2 5 16 6 3 13 8 12 -3 -7 5 1 11 5 1 
11 -3 14 5 15 9 -14 11 8 6 12 -6 13 7 16 12 9 -8 14 15 
10 4 6 0 10 -6 15 13 -9 14 1 11 11 6 15 11 8 -10 14 2 
11 11 -11 6 15 6 7 3 -9 9 -11 14 2 -1 4 16 2 -3 -15 1 
1 5 1 -3 1 0 11 -13 16 12 14 1 -7 1 14 3 12 11 -13 6 
14 6 4 3 11 11 9 16 2 9 14 4 12 10 -16 11 -9 6 6 12 
30
1
19 4
0 15
0
0
