20 20
21 -1 19 7 22 -13 15 4 23 19 10 -12 -4 28 22 24 17 16 -13 6 
6 3 -4 10 2 7 12 29 15 14 24 27 26 1 20 23 8 16 28 8 
-9 28 13 27 6 5 8 22 2 6 -11 14 1 17 9 29 6 29 -23 2 
20 -15 -11 -15 -12 -28 25 0 -10 15 2 -11 -1 27 22 29 29 4 -10 24 
-13 -7 14 -2 21 19 6 11 6 23 19 14 -28 3 9 9 -6 26 28 20 
-10 27 -22 4 0 1 19 -24 21 20 5 -22 15 3 3 -2 21 4 2 -27 
-26 -1 -18 10 6 25 -7 -28 18 6 18 19 8 1 3 23 22 21 3 17 
27 12 -28 9 17 7 17 26 26 -27 -11 3 -25 17 19 17 -10 7 -21 29 
-29 -22 19 26 -10 -21 6 11 20 -9 16 10 6 20 9 13 12 5 -13 -9 
1 2 18 11 29 4 -10 24 25 19 26 22 16 13 19 17 -6 10 26 6 
6 26 10 -6 17 19 13 16 22 26 19 25 24 -10 4 29 11 18 2 1 
-9 -13 5 12 13 9 20 6 10 16 -9 20 11 6 -21 -10 26 19 -22 -29 
29 -21 7 -10 17 19 17 -25 3 -11 -27 26 26 17 7 17 9 -28 12 27 
17 3 21 22 23 3 1 8 19 18 6 18 -28 -7 25 6 10 -18 -1 -26 
-27 2 4 21 -2 3 3 15 -22 5 20 21 -24 19 1 0 4 -22 27 -10 
20 28 26 -6 9 9 3 -28 14 19 23 6 11 6 19 21 -2 14 -7 -13 
24 -10 4 29 29 22 27 -1 -11 2 15 -10 0 25 -28 -12 -15 -11 -15 20 
2 -23 29 6 29 9 17 1 14 -11 6 2 22 8 5 6 27 13 28 -9 
8 28 16 8 23 20 1 26 27 24 14 15 29 12 7 2 10 -4 3 6 
6 -13 16 17 24 22 28 -4 -12 10 19 23 4 15 -13 22 7 19 -1 21 
30
1
4 7
15 12
0
0
