20 20
10 6 -7 25 13 22 15 -13 5 19 23 -15 24 22 21 8 4 2 17 2 
18 12 23 -15 -9 23 -20 19 25 -2 11 18 -11 6 8 -22 6 -22 20 11 
14 -10 -26 -23 19 17 -12 0 5 9 5 4 6 -6 5 16 -26 11 8 19 
-22 -7 19 3 25 -20 6 21 9 10 11 18 10 -25 15 10 -11 25 -12 -3 
-11 -21 2 17 -11 14 -4 16 -17 -10 26 10 0 18 21 -4 18 25 16 18 
-6 17 -17 18 24 18 16 -2 9 12 22 24 -11 9 4 10 -8 17 11 20 
-17 13 3 12 8 26 13 7 21 4 -12 16 12 -7 25 10 -16 -19 20 13 
13 11 -17 -11 19 -10 13 23 -17 3 -16 15 11 10 18 10 -22 10 14 3 
9 14 -4 11 15 15 -9 -5 26 -14 0 20 -25 -14 20 20 -14 2 25 -18 
-10 1 -10 1 -16 20 13 24 2 12 6 13 -26 11 1 -14 -3 18 -18 25 
25 -18 18 -3 -14 1 11 -26 13 6 12 2 24 13 20 -16 1 -10 1 -10 
-18 25 2 -14 20 20 -14 -25 20 0 -14 26 -5 -9 15 15 11 -4 14 9 
3 14 10 -22 10 18 10 11 15 -16 3 -17 23 13 -10 19 -11 -17 11 13 
13 20 -19 -16 10 25 -7 12 16 -12 4 21 7 13 26 8 12 3 13 -17 
20 11 17 -8 10 4 9 -11 24 22 12 9 -2 16 18 24 18 -17 17 -6 
18 16 25 18 -4 21 18 0 10 26 -10 -17 16 -4 14 -11 17 2 -21 -11 
-3 -12 25 -11 10 15 -25 10 18 11 10 9 21 6 -20 25 3 19 -7 -22 
19 8 11 -26 16 5 -6 6 4 5 9 5 0 -12 17 19 -23 -26 -10 14 
11 20 -22 6 -22 8 6 -11 18 11 -2 25 19 -20 23 -9 -15 23 12 18 
2 17 2 4 8 21 22 24 -15 23 19 5 -13 15 22 13 25 -7 6 10 
30
1
2 18
17 1
0
0
