20 20
11 -7 15 15 9 10 -15 -4 14 1 16 14 17 13 18 12 1 -1 11 11 
14 3 -10 6 17 5 17 7 8 4 -14 3 15 5 9 15 7 4 6 -1 
18 8 3 -15 8 3 8 5 12 6 4 14 -10 0 15 14 16 -2 10 -3 
7 2 16 18 4 -11 5 -15 4 17 -14 7 2 8 -17 14 10 11 15 10 
8 4 -6 -16 4 17 9 2 11 13 17 14 12 16 -2 11 3 13 14 16 
-14 -5 -4 4 15 18 12 6 14 -7 8 14 -17 7 16 -4 -10 15 2 9 
18 -4 9 8 12 18 2 10 5 10 7 0 1 -2 -1 8 0 6 9 -7 
17 2 8 -10 16 3 13 6 15 7 -17 4 6 5 11 -8 3 13 11 2 
3 7 1 2 14 6 8 16 -12 11 -9 12 3 1 -2 1 7 -15 18 12 
0 10 13 6 2 -9 -6 14 8 13 17 13 18 -14 3 -2 -15 16 5 4 
4 5 16 -15 -2 3 -14 18 13 17 13 8 14 -6 -9 2 6 13 10 0 
12 18 -15 7 1 -2 1 3 12 -9 11 -12 16 8 6 14 2 1 7 3 
2 11 13 3 -8 11 5 6 4 -17 7 15 6 13 3 16 -10 8 2 17 
-7 9 6 0 8 -1 -2 1 0 7 10 5 10 2 18 12 8 9 -4 18 
9 2 15 -10 -4 16 7 -17 14 8 -7 14 6 12 18 15 4 -4 -5 -14 
16 14 13 3 11 -2 16 12 14 17 13 11 2 9 17 4 -16 -6 4 8 
10 15 11 10 14 -17 8 2 7 -14 17 4 -15 5 -11 4 18 16 2 7 
-3 10 -2 16 14 15 0 -10 14 4 6 12 5 8 3 8 -15 3 8 18 
-1 6 4 7 15 9 5 15 3 -14 4 8 7 17 5 17 6 -10 3 14 
11 11 -1 1 12 18 13 17 14 16 1 14 -4 -15 10 9 15 15 -7 11 
30
1
16 5
3 14
0
0
