20 20
4 10 6 12 1 -10 16 7 -9 17 5 0 3 2 2 10 5 1 -8 14 
5 12 -9 -14 2 13 14 5 8 11 7 7 7 17 -3 14 -15 -7 6 -14 
4 -14 -3 5 14 1 -7 16 8 10 11 5 -13 5 0 10 5 14 11 14 
3 8 16 16 -3 2 5 8 10 11 1 7 7 6 -3 -3 4 -14 9 12 
-6 -16 9 13 -12 10 11 12 10 4 0 7 1 -9 7 -6 2 -15 3 14 
-2 12 5 6 10 1 2 6 5 7 14 1 -6 4 -14 3 16 8 17 9 
17 3 17 -8 2 17 10 1 6 13 -1 -16 9 13 13 -17 10 -14 -2 2 
-5 -11 -13 6 3 3 -7 -14 14 10 11 1 15 13 7 -12 13 5 -7 10 
9 -10 14 14 1 11 9 1 -4 9 12 14 15 17 9 4 -13 -5 9 17 
17 1 10 10 17 0 5 17 4 17 2 -2 17 14 -5 17 -15 17 -5 -12 
-12 -5 17 -15 17 -5 14 17 -2 2 17 4 17 5 0 17 10 10 1 17 
17 9 -5 -13 4 9 17 15 14 12 9 -4 1 9 11 1 14 14 -10 9 
10 -7 5 13 -12 7 13 15 1 11 10 14 -14 -7 3 3 6 -13 -11 -5 
2 -2 -14 10 -17 13 13 9 -16 -1 13 6 1 10 17 2 -8 17 3 17 
9 17 8 16 3 -14 4 -6 1 14 7 5 6 2 1 10 6 5 12 -2 
14 3 -15 2 -6 7 -9 1 7 0 4 10 12 11 10 -12 13 9 -16 -6 
12 9 -14 4 -3 -3 6 7 7 1 11 10 8 5 2 -3 16 16 8 3 
14 11 14 5 10 0 5 -13 5 11 10 8 16 -7 1 14 5 -3 -14 4 
-14 6 -7 -15 14 -3 17 7 7 7 11 8 5 14 13 2 -14 -9 12 5 
14 -8 1 5 10 2 2 3 0 5 17 -9 7 16 -10 1 12 6 10 4 
30
1
13 17
6 2
0
0
