20 20
17 15 18 12 -15 6 6 -16 3 11 9 2 18 16 6 4 3 12 10 12 
-11 17 -17 15 -18 6 11 9 14 6 10 18 12 11 0 18 -10 10 17 -18 
14 -8 17 -10 4 11 7 6 9 9 0 16 5 2 11 5 14 6 2 18 
7 12 1 8 11 2 10 5 7 11 6 -13 10 -17 14 -1 5 17 -5 7 
6 7 16 2 2 6 -11 2 17 10 -10 8 -8 1 -18 -15 18 -16 5 -10 
-11 9 1 2 12 1 11 -4 -8 -10 -2 11 7 10 6 5 -18 7 15 14 
-6 2 -1 -9 14 12 -15 16 18 -10 6 -12 18 15 -16 -1 3 -15 6 10 
3 8 0 18 18 2 15 3 13 2 5 -1 16 7 5 16 -18 -4 9 -5 
3 -3 2 17 8 1 18 3 9 17 14 -13 14 7 11 2 12 -9 1 16 
-8 13 3 5 15 10 -17 15 11 7 -10 11 12 8 9 16 11 -17 18 -18 
-18 18 -17 11 16 9 8 12 11 -10 7 11 15 -17 10 15 5 3 13 -8 
16 1 -9 12 2 11 7 14 -13 14 17 9 3 18 1 8 17 2 -3 3 
-5 9 -4 -18 16 5 7 16 -1 5 2 13 3 15 2 18 18 0 8 3 
10 6 -15 3 -1 -16 15 18 -12 6 -10 18 16 -15 12 14 -9 -1 2 -6 
14 15 7 -18 5 6 10 7 11 -2 -10 -8 -4 11 1 12 2 1 9 -11 
-10 5 -16 18 -15 -18 1 -8 8 -10 10 17 2 -11 6 2 2 16 7 6 
7 -5 17 5 -1 14 -17 10 -13 6 11 7 5 10 2 11 8 1 12 7 
18 2 6 14 5 11 2 5 16 0 9 9 6 7 11 4 -10 17 -8 14 
-18 17 10 -10 18 0 11 12 18 10 6 14 9 11 6 -18 15 -17 17 -11 
12 10 12 3 4 6 16 18 2 9 11 3 -16 6 6 -15 12 18 15 17 
30
1
10 17
9 2
0
0
