20 20
1 0 12 0 11 7 -3 4 10 -4 -11 13 11 -6 9 2 11 -11 -1 4 
-7 -8 14 -10 -9 10 12 -10 8 -1 -13 -4 -7 2 1 9 -6 8 6 -12 
3 -5 5 14 1 8 3 4 2 12 6 9 10 -8 8 5 -7 4 7 4 
-4 0 -5 9 -3 8 7 10 6 13 4 9 6 3 8 6 8 4 1 11 
-8 1 1 -8 14 5 0 13 -2 3 0 -8 -8 -3 2 0 6 7 12 2 
6 14 6 5 -4 0 11 7 14 8 13 8 -9 7 -1 0 0 5 7 -5 
-4 5 13 -5 0 -11 5 -1 10 8 -11 12 2 -9 12 12 13 11 10 7 
-6 9 -1 -12 8 -5 3 7 -7 5 -9 13 8 3 -6 2 14 1 -3 10 
9 11 4 -10 8 1 13 11 5 5 10 10 1 7 5 -8 8 7 1 10 
-10 5 10 14 8 11 1 10 8 12 10 3 -11 5 13 14 2 14 12 8 
8 12 14 2 14 13 5 -11 3 10 12 8 10 1 11 8 14 10 5 -10 
10 1 7 8 -8 5 7 1 10 10 5 5 11 13 1 8 -10 4 11 9 
10 -3 1 14 2 -6 3 8 13 -9 5 -7 7 3 -5 8 -12 -1 9 -6 
7 10 11 13 12 12 -9 2 12 -11 8 10 -1 5 -11 0 -5 13 5 -4 
-5 7 5 0 0 -1 7 -9 8 13 8 14 7 11 0 -4 5 6 14 6 
2 12 7 6 0 2 -3 -8 -8 0 3 -2 13 0 5 14 -8 1 1 -8 
11 1 4 8 6 8 3 6 9 4 13 6 10 7 8 -3 9 -5 0 -4 
4 7 4 -7 5 8 -8 10 9 6 12 2 4 3 8 1 14 5 -5 3 
-12 6 8 -6 9 1 2 -7 -4 -13 -1 8 -10 12 10 -9 -10 14 -8 -7 
4 -1 -11 11 2 9 -6 11 13 -11 -4 10 4 -3 7 11 0 12 0 1 
30
1
1 13
18 6
0
0
