20 20
16 9 4 1 2 15 5 11 4 10 11 -17 8 2 4 14 16 -13 11 4 
0 -14 15 -13 9 16 4 13 11 4 11 -13 7 5 -2 16 5 0 7 17 
-12 5 12 3 3 3 -3 2 14 11 9 3 4 13 9 1 -3 5 8 17 
4 13 16 -15 15 9 -2 0 3 13 17 -12 7 -7 6 12 -7 8 -7 15 
13 13 0 16 8 13 12 14 12 13 16 13 14 2 3 17 5 9 6 1 
15 7 -10 7 12 9 13 1 6 8 -15 14 10 9 -8 10 15 -1 14 7 
6 -16 -15 1 -8 5 5 -2 14 6 8 16 2 16 -13 11 2 -15 2 5 
14 1 9 -5 17 -9 6 -6 9 11 15 -10 14 7 -15 16 11 16 -11 17 
11 6 -5 5 -3 -5 10 7 1 17 4 8 7 17 -5 13 12 5 10 5 
6 -16 7 -7 -13 8 -13 0 -1 -11 1 6 6 6 8 3 -12 10 -6 9 
9 -6 10 -12 3 8 6 6 6 1 -11 -1 0 -13 8 -13 -7 7 -16 6 
5 10 5 12 13 -5 17 7 8 4 17 1 7 10 -5 -3 5 -5 6 11 
17 -11 16 11 16 -15 7 14 -10 15 11 9 -6 6 -9 17 -5 9 1 14 
5 2 -15 2 11 -13 16 2 16 8 6 14 -2 5 5 -8 1 -15 -16 6 
7 14 -1 15 10 -8 9 10 14 -15 8 6 1 13 9 12 7 -10 7 15 
1 6 9 5 17 3 2 14 13 16 13 12 14 12 13 8 16 0 13 13 
15 -7 8 -7 12 6 -7 7 -12 17 13 3 0 -2 9 15 -15 16 13 4 
17 8 5 -3 1 9 13 4 3 9 11 14 2 -3 3 3 3 12 5 -12 
17 7 0 5 16 -2 5 7 -13 11 4 11 13 4 16 9 -13 15 -14 0 
4 11 -13 16 14 4 2 8 -17 11 10 4 11 5 15 2 1 4 9 16 
30
1
14 8
5 11
0
0
