20 20
8 7 4 15 15 -20 13 12 6 -6 4 15 15 -15 18 -4 6 16 20 1 
13 18 -5 -14 1 8 10 -10 15 11 20 20 2 20 10 -8 6 0 9 4 
-12 4 19 11 3 16 3 20 12 1 7 16 1 6 5 -4 7 2 -2 16 
15 -1 17 2 12 5 16 7 9 12 14 -2 1 9 7 9 2 2 -13 -1 
-20 4 20 6 -3 17 -17 14 8 11 16 10 17 -15 15 14 10 -12 11 4 
-13 -20 4 8 -13 9 14 0 -9 -8 19 13 -2 -8 7 15 1 11 19 17 
-20 1 9 14 6 20 1 9 10 -8 18 17 19 15 20 19 1 18 -18 3 
13 17 16 9 -11 18 2 12 19 8 12 2 17 16 11 -13 -10 -5 16 11 
6 8 17 8 6 0 3 11 10 19 17 -3 -19 18 -19 6 15 -14 17 3 
-8 13 -6 8 19 4 17 2 7 3 1 10 16 -14 10 10 -10 5 15 -7 
-7 15 5 -10 10 10 -14 16 10 1 3 7 2 17 4 19 8 -6 13 -8 
3 17 -14 15 6 -19 18 -19 -3 17 19 10 11 3 0 6 8 17 8 6 
11 16 -5 -10 -13 11 16 17 2 12 8 19 12 2 18 -11 9 16 17 13 
3 -18 18 1 19 20 15 19 17 18 -8 10 9 1 20 6 14 9 1 -20 
17 19 11 1 15 7 -8 -2 13 19 -8 -9 0 14 9 -13 8 4 -20 -13 
4 11 -12 10 14 15 -15 17 10 16 11 8 14 -17 17 -3 6 20 4 -20 
-1 -13 2 2 9 7 9 1 -2 14 12 9 7 16 5 12 2 17 -1 15 
16 -2 2 7 -4 5 6 1 16 7 1 12 20 3 16 3 11 19 4 -12 
4 9 0 6 -8 10 20 2 20 20 11 15 -10 10 8 1 -14 -5 18 13 
1 20 16 6 -4 18 -15 15 15 4 -6 6 12 13 -20 15 15 4 7 8 
30
1
0 15
19 4
0
0
