20 20
3 6 11 13 -4 3 7 11 -5 10 4 7 11 -10 7 10 2 -4 5 7 
-4 9 -9 4 1 6 2 6 3 4 10 0 11 10 8 10 2 5 13 10 
12 3 4 -8 -13 3 3 -13 1 6 -13 -6 5 12 11 2 1 -4 12 7 
6 -8 -2 12 1 6 5 -5 6 -3 0 4 -13 3 13 1 9 1 -9 7 
-12 4 12 1 -1 6 10 7 -6 9 5 5 -1 0 7 2 -10 12 -1 10 
-5 3 3 6 -5 3 4 -3 13 6 5 0 -9 13 11 10 8 9 7 7 
-3 7 1 13 5 11 -13 4 2 1 10 9 10 10 13 13 12 2 9 6 
9 11 12 -13 13 -11 7 -5 7 10 12 4 6 2 0 -8 8 9 -7 2 
4 4 7 -11 -5 6 -5 6 13 -4 9 10 -10 10 9 10 6 7 8 11 
13 11 10 10 -7 13 -4 -1 10 -2 -5 8 -3 12 6 13 -7 12 3 4 
4 3 12 -7 13 6 12 -3 8 -5 -2 10 -1 -4 13 -7 10 10 11 13 
11 8 7 6 10 9 10 -10 10 9 -4 13 6 -5 6 -5 -11 7 4 4 
2 -7 9 8 -8 0 2 6 4 12 10 7 -5 7 -11 13 -13 12 11 9 
6 9 2 12 13 13 10 10 9 10 1 2 4 -13 11 5 13 1 7 -3 
7 7 9 8 10 11 13 -9 0 5 6 13 -3 4 3 -5 6 3 3 -5 
10 -1 12 -10 2 7 0 -1 5 5 9 -6 7 10 6 -1 1 12 4 -12 
7 -9 1 9 1 13 3 -13 4 0 -3 6 -5 5 6 1 12 -2 -8 6 
7 12 -4 1 2 11 12 5 -6 -13 6 1 -13 3 3 -13 -8 4 3 12 
10 13 5 2 10 8 10 11 0 10 4 3 6 2 6 1 4 -9 9 -4 
7 5 -4 2 10 7 -10 11 7 4 10 -5 11 7 3 -4 13 11 6 3 
30
1
12 14
7 5
0
0
