20 20
8 18 24 17 28 20 22 -1 10 15 22 -20 -22 8 17 -14 9 24 28 -27 
20 18 17 22 6 0 15 3 29 25 -12 4 -20 12 -9 22 23 1 3 -2 
11 24 -7 12 6 -19 24 11 12 26 11 3 3 20 23 20 27 27 -21 29 
-22 13 18 7 7 -17 10 -17 9 7 12 2 -16 8 4 27 22 11 7 -1 
0 7 -19 -25 -28 -3 4 27 23 16 -24 -1 15 14 8 21 30 5 18 12 
27 15 5 -9 -8 1 -16 -27 28 3 25 -28 -25 17 3 -4 23 19 15 21 
11 14 -29 28 25 -16 -11 6 28 16 18 10 27 20 10 30 12 24 15 8 
28 13 -16 19 9 30 18 4 2 14 26 16 22 7 22 15 5 29 16 -18 
20 26 3 2 7 15 -29 11 8 -3 -14 9 -7 -10 18 15 -25 -8 14 20 
5 2 22 -29 -5 15 -4 -1 1 12 14 1 -16 12 24 9 -11 28 20 21 
21 20 28 -11 9 24 12 -16 1 14 12 1 -1 -4 15 -5 -29 22 2 5 
20 14 -8 -25 15 18 -10 -7 9 -14 -3 8 11 -29 15 7 2 3 26 20 
-18 16 29 5 15 22 7 22 16 26 14 2 4 18 30 9 19 -16 13 28 
8 15 24 12 30 10 20 27 10 18 16 28 6 -11 -16 25 28 -29 14 11 
21 15 19 23 -4 3 17 -25 -28 25 3 28 -27 -16 1 -8 -9 5 15 27 
12 18 5 30 21 8 14 15 -1 -24 16 23 27 4 -3 -28 -25 -19 7 0 
-1 7 11 22 27 4 8 -16 2 12 7 9 -17 10 -17 7 7 18 13 -22 
29 -21 27 27 20 23 20 3 3 11 26 12 11 24 -19 6 12 -7 24 11 
-2 3 1 23 22 -9 12 -20 4 -12 25 29 3 15 0 6 22 17 18 20 
-27 28 24 9 -14 17 8 -22 -20 22 15 10 -1 22 20 28 17 24 18 8 
30
1
18 10
1 9
0
0
