20 20
15 -15 10 -12 6 2 12 10 11 5 -7 8 7 11 5 2 15 11 -7 16 
-8 17 12 13 -1 10 7 -3 5 -4 17 5 17 0 5 -10 5 -6 4 4 
8 14 10 1 8 4 10 0 10 11 7 -13 7 5 3 8 12 9 11 -4 
8 16 5 0 2 -11 4 -15 2 5 12 16 16 7 -17 14 2 15 -14 -2 
-3 10 -4 14 3 6 11 2 12 -9 3 14 15 5 -9 -10 -12 13 -15 -1 
-5 4 2 -11 7 10 -4 -4 1 4 -2 -16 10 7 16 5 -4 4 7 14 
10 16 1 12 7 12 7 4 0 11 -8 5 11 2 4 10 -17 11 9 3 
-14 -8 3 15 4 6 11 10 5 11 14 1 13 0 15 -16 9 6 -7 16 
16 0 17 -11 7 1 0 1 15 7 -6 10 11 12 16 -15 8 6 11 12 
-12 0 4 -2 7 12 -14 3 8 -17 4 -14 2 5 1 7 -15 -2 2 -7 
-7 2 -2 -15 7 1 5 2 -14 4 -17 8 3 -14 12 7 -2 4 0 -12 
12 11 6 8 -15 16 12 11 10 -6 7 15 1 0 1 7 -11 17 0 16 
16 -7 6 9 -16 15 0 13 1 14 11 5 10 11 6 4 15 3 -8 -14 
3 9 11 -17 10 4 2 11 5 -8 11 0 4 7 12 7 12 1 16 10 
14 7 4 -4 5 16 7 10 -16 -2 4 1 -4 -4 10 7 -11 2 4 -5 
-1 -15 13 -12 -10 -9 5 15 14 3 -9 12 2 11 6 3 14 -4 10 -3 
-2 -14 15 2 14 -17 7 16 16 12 5 2 -15 4 -11 2 0 5 16 8 
-4 11 9 12 8 3 5 7 -13 7 11 10 0 10 4 8 1 10 14 8 
4 4 -6 5 -10 5 0 17 5 17 -4 5 -3 7 10 -1 13 12 17 -8 
16 -7 11 15 2 5 11 7 8 -7 5 11 10 12 2 6 -12 10 -15 15 
30
1
12 8
7 11
0
0
