20 20
5 -12 8 -16 10 14 16 10 -19 1 10 -8 11 7 4 21 12 12 8 -16 
8 4 10 7 17 13 1 7 3 15 10 -11 13 8 19 11 15 -17 15 -10 
-11 1 0 16 0 2 -17 17 15 6 1 6 -11 16 -21 5 16 1 5 5 
9 0 7 12 8 1 -9 4 -11 2 -13 22 18 -20 15 7 -14 21 2 2 
-21 15 -21 2 -10 3 22 -20 18 -22 -6 -20 10 10 -11 19 18 19 -17 -9 
-9 3 19 4 9 21 0 21 12 13 9 2 3 -8 3 -11 -5 18 6 18 
-19 5 13 14 12 21 8 -20 4 6 -10 -20 5 9 9 -1 6 7 11 19 
8 7 8 3 18 12 4 8 16 -20 16 17 18 3 17 14 -12 19 19 -18 
-6 -18 -2 5 -16 11 -4 13 -17 15 -9 4 13 3 0 2 16 18 17 -20 
-7 -9 6 -14 11 13 -6 -6 16 16 16 1 4 -20 19 11 -15 8 20 20 
20 20 8 -15 11 19 -20 4 1 16 16 16 -6 -6 13 11 -14 6 -9 -7 
-20 17 18 16 2 0 3 13 4 -9 15 -17 13 -4 11 -16 5 -2 -18 -6 
-18 19 19 -12 14 17 3 18 17 16 -20 16 8 4 12 18 3 8 7 8 
19 11 7 6 -1 9 9 5 -20 -10 6 4 -20 8 21 12 14 13 5 -19 
18 6 18 -5 -11 3 -8 3 2 9 13 12 21 0 21 9 4 19 3 -9 
-9 -17 19 18 19 -11 10 10 -20 -6 -22 18 -20 22 3 -10 2 -21 15 -21 
2 2 21 -14 7 15 -20 18 22 -13 2 -11 4 -9 1 8 12 7 0 9 
5 5 1 16 5 -21 16 -11 6 1 6 15 17 -17 2 0 16 0 1 -11 
-10 15 -17 15 11 19 8 13 -11 10 15 3 7 1 13 17 7 10 4 8 
-16 8 12 12 21 4 7 11 -8 10 1 -19 10 16 14 10 -16 8 -12 5 
30
1
8 3
11 16
0
0
