20 20
4 -20 2 14 3 6 21 14 5 4 12 3 9 6 19 -15 -6 6 2 15 
6 2 24 4 14 1 24 12 -16 20 -15 -3 0 7 -15 16 10 17 21 14 
-24 -13 5 11 14 4 5 18 17 18 22 -20 10 23 3 -22 2 -17 23 4 
13 -2 8 3 -5 15 -23 20 20 13 -17 -21 12 1 -7 4 15 10 4 9 
-11 3 -3 1 10 -11 11 23 12 0 16 -4 12 1 13 4 6 8 4 11 
10 11 9 14 -22 24 14 6 13 -9 -9 2 14 -12 9 20 18 1 20 8 
4 19 -4 20 3 9 22 7 -7 -2 18 5 0 16 6 13 -9 2 8 -18 
16 13 -15 -3 -7 -3 22 10 -9 -13 -1 1 2 23 -23 -14 20 12 18 -12 
23 8 9 -8 4 19 23 -4 -2 -19 -1 3 -6 -13 1 18 18 4 7 -1 
13 -11 8 19 1 13 20 -1 6 5 -19 4 20 17 1 -5 11 21 23 -17 
-17 23 21 11 -5 1 17 20 4 -19 5 6 -1 20 13 1 19 8 -11 13 
-1 7 4 18 18 1 -13 -6 3 -1 -19 -2 -4 23 19 4 -8 9 8 23 
-12 18 12 20 -14 -23 23 2 1 -1 -13 -9 10 22 -3 -7 -3 -15 13 16 
-18 8 2 -9 13 6 16 0 5 18 -2 -7 7 22 9 3 20 -4 19 4 
8 20 1 18 20 9 -12 14 2 -9 -9 13 6 14 24 -22 14 9 11 10 
11 4 8 6 4 13 1 12 -4 16 0 12 23 11 -11 10 1 -3 3 -11 
9 4 10 15 4 -7 1 12 -21 -17 13 20 20 -23 15 -5 3 8 -2 13 
4 23 -17 2 -22 3 23 10 -20 22 18 17 18 5 4 14 11 5 -13 -24 
14 21 17 10 16 -15 7 0 -3 -15 20 -16 12 24 1 14 4 24 2 6 
15 2 6 -6 -15 19 6 9 3 12 4 5 14 21 6 3 14 2 -20 4 
30
1
5 19
14 0
0
0
