20 20
5 10 -5 5 3 6 -7 9 11 -8 2 2 -11 1 3 2 -5 -10 2 -2 
7 1 10 -7 7 9 9 7 7 -6 7 8 6 11 11 5 3 10 -9 7 
3 9 9 8 1 5 7 7 -5 4 1 -9 9 3 1 -6 -2 2 2 4 
-11 9 -1 6 1 10 1 11 2 9 5 8 4 -4 -9 8 9 5 2 4 
4 0 1 3 2 0 2 11 -3 5 7 -7 2 -10 2 -11 5 3 5 11 
2 4 7 11 6 1 7 6 4 -3 -1 11 8 11 -11 3 6 7 8 -5 
3 8 11 7 -3 8 8 -5 2 6 1 -8 2 7 1 10 -7 9 2 1 
0 0 8 6 3 -4 -5 1 10 9 8 5 11 6 0 0 2 -9 10 5 
6 0 4 1 -8 3 9 8 -2 0 -6 10 -4 7 2 6 5 -2 2 -11 
9 0 1 1 9 -5 5 10 11 0 8 8 -3 3 5 -9 0 10 6 4 
4 6 10 0 -9 5 3 -3 8 8 0 11 10 5 -5 9 1 1 0 9 
-11 2 -2 5 6 2 7 -4 10 -6 0 -2 8 9 3 -8 1 4 0 6 
5 10 -9 2 0 0 6 11 5 8 9 10 1 -5 -4 3 6 8 0 0 
1 2 9 -7 10 1 7 2 -8 1 6 2 -5 8 8 -3 7 11 8 3 
-5 8 7 6 3 -11 11 8 11 -1 -3 4 6 7 1 6 11 7 4 2 
11 5 3 5 -11 2 -10 2 -7 7 5 -3 11 2 0 2 3 1 0 4 
4 2 5 9 8 -9 -4 4 8 5 9 2 11 1 10 1 6 -1 9 -11 
4 2 2 -2 -6 1 3 9 -9 1 4 -5 7 7 5 1 8 9 9 3 
7 -9 10 3 5 11 11 6 8 7 -6 7 7 9 9 7 -7 10 1 7 
-2 2 -10 -5 2 3 1 -11 2 2 -8 11 9 -7 6 3 5 -5 10 5 
30
1
1 5
18 14
0
0
