20 20
-1 2 12 7 3 11 2 1 -5 9 5 7 -8 2 -10 0 5 8 5 8 
11 7 5 -6 -3 8 6 6 0 -7 7 -11 12 4 3 4 10 0 10 7 
-7 5 12 -2 10 -12 -9 7 7 -4 1 8 -9 9 1 4 8 2 8 12 
12 2 0 0 0 5 -1 3 1 5 0 9 11 -8 -3 1 1 12 -12 12 
8 7 1 3 1 4 4 11 3 -3 -7 4 9 0 -8 8 -10 6 -3 5 
11 -11 7 4 6 4 -8 2 9 12 -8 11 1 -4 10 11 -8 6 -9 12 
-7 -7 8 7 6 -4 7 2 6 9 -6 -1 -2 5 -6 6 7 -4 9 3 
-7 -11 0 2 -12 10 3 1 3 -10 -4 7 7 6 6 -8 8 11 12 -5 
6 8 12 -6 -12 8 -3 10 5 10 -5 1 1 12 7 0 2 -4 10 1 
7 -8 5 -4 4 11 10 1 -2 1 12 1 11 1 -3 5 4 6 1 -6 
-6 1 6 4 5 -3 1 11 1 12 1 -2 1 10 11 4 -4 5 -8 7 
1 10 -4 2 0 7 12 1 1 -5 10 5 10 -3 8 -12 -6 12 8 6 
-5 12 11 8 -8 6 6 7 7 -4 -10 3 1 3 10 -12 2 0 -11 -7 
3 9 -4 7 6 -6 5 -2 -1 -6 9 6 2 7 -4 6 7 8 -7 -7 
12 -9 6 -8 11 10 -4 1 11 -8 12 9 2 -8 4 6 4 7 -11 11 
5 -3 6 -10 8 -8 0 9 4 -7 -3 3 11 4 4 1 3 1 7 8 
12 -12 12 1 1 -3 -8 11 9 0 5 1 3 -1 5 0 0 0 2 12 
12 8 2 8 4 1 9 -9 8 1 -4 7 7 -9 -12 10 -2 12 5 -7 
7 10 0 10 4 3 4 12 -11 7 -7 0 6 6 8 -3 -6 5 7 11 
8 5 8 5 0 -10 2 -8 7 5 9 -5 1 2 11 3 7 12 2 -1 
30
1
5 1
14 18
0
0
