20 20
2 17 14 10 12 11 -8 16 18 1 -4 2 11 2 8 6 0 -8 6 3 
5 16 9 17 13 6 2 12 18 12 -6 -7 14 17 9 8 15 -10 17 16 
-11 6 1 1 -1 9 3 18 -5 18 9 17 1 8 13 2 13 -8 12 14 
-12 -18 8 15 8 17 13 16 4 2 5 2 13 15 10 4 7 2 -3 1 
1 14 -8 0 11 18 12 15 5 15 9 -13 15 2 1 -11 -3 -1 -1 1 
6 3 -7 3 15 16 6 11 16 12 7 7 11 3 5 -10 1 -9 4 18 
17 2 7 -7 13 14 -13 0 18 -13 14 8 6 17 0 6 16 -9 14 3 
1 -11 4 11 10 11 2 7 16 10 -13 -2 7 12 0 2 14 7 7 14 
1 3 1 -12 13 13 -18 9 14 18 4 1 15 14 -9 17 9 8 7 10 
-16 13 2 2 12 8 14 3 18 13 0 -13 7 16 -3 10 1 8 7 -12 
-12 7 8 1 10 -3 16 7 -13 0 13 18 3 14 8 12 2 2 13 -16 
10 7 8 9 17 -9 14 15 1 4 18 14 9 -18 13 13 -12 1 3 1 
14 7 7 14 2 0 12 7 -2 -13 10 16 7 2 11 10 11 4 -11 1 
3 14 -9 16 6 0 17 6 8 14 -13 18 0 -13 14 13 -7 7 2 17 
18 4 -9 1 -10 5 3 11 7 7 12 16 11 6 16 15 3 -7 3 6 
1 -1 -1 -3 -11 1 2 15 -13 9 15 5 15 12 18 11 0 -8 14 1 
1 -3 2 7 4 10 15 13 2 5 2 4 16 13 17 8 15 8 -18 -12 
14 12 -8 13 2 13 8 1 17 9 18 -5 18 3 9 -1 1 1 6 -11 
16 17 -10 15 8 9 17 14 -7 -6 12 18 12 2 6 13 17 9 16 5 
3 6 -8 0 6 8 2 11 2 -4 1 18 16 -8 11 12 10 14 17 2 
30
1
16 10
3 9
0
0
