20 20
10 23 10 2 12 -19 2 -24 -25 5 23 1 -11 14 -16 11 26 5 22 22 
21 25 8 22 22 12 23 -26 11 6 -26 17 2 25 11 0 21 3 -17 15 
10 12 2 9 -14 26 10 2 15 25 4 9 18 10 6 22 22 0 22 13 
7 2 16 7 -6 17 25 -10 -22 15 25 22 12 11 -3 4 24 16 23 11 
-20 6 20 26 -21 1 18 -14 23 15 16 0 -22 0 9 10 -3 19 21 4 
21 13 22 23 13 -22 -4 11 7 -18 -7 15 2 22 11 21 -18 24 21 -1 
5 -10 19 22 4 -13 20 15 1 2 25 22 6 24 4 18 -20 -20 5 20 
14 12 24 7 -21 -21 5 15 5 -5 20 12 15 -21 14 9 21 5 25 22 
-22 21 -15 13 22 2 24 8 11 1 21 9 8 20 -17 24 12 -6 6 -11 
14 1 -19 25 15 -23 -6 24 6 -2 21 12 19 -26 -23 -22 -14 12 13 -6 
-6 13 12 -14 -22 -23 -26 19 12 21 -2 6 24 -6 -23 15 25 -19 1 14 
-11 6 -6 12 24 -17 20 8 9 21 1 11 8 24 2 22 13 -15 21 -22 
22 25 5 21 9 14 -21 15 12 20 -5 5 15 5 -21 -21 7 24 12 14 
20 5 -20 -20 18 4 24 6 22 25 2 1 15 20 -13 4 22 19 -10 5 
-1 21 24 -18 21 11 22 2 15 -7 -18 7 11 -4 -22 13 23 22 13 21 
4 21 19 -3 10 9 0 -22 0 16 15 23 -14 18 1 -21 26 20 6 -20 
11 23 16 24 4 -3 11 12 22 25 15 -22 -10 25 17 -6 7 16 2 7 
13 22 0 22 22 6 10 18 9 4 25 15 2 10 26 -14 9 2 12 10 
15 -17 3 21 0 11 25 2 17 -26 6 11 -26 23 12 22 22 8 25 21 
22 22 5 26 11 -16 14 -11 1 23 5 -25 -24 2 -19 12 2 10 23 10 
30
1
19 2
0 17
0
0
