20 20
1 -26 14 9 16 4 27 4 22 -5 -10 20 22 5 14 10 22 27 11 -10 
-17 -5 -4 25 13 1 3 -1 -5 -9 1 23 13 -26 12 10 -20 24 14 12 
14 24 7 -10 25 26 4 -12 9 26 20 15 -16 13 6 8 0 2 6 -19 
-9 9 -27 8 12 17 5 17 22 -5 27 17 16 -23 -22 11 -7 23 8 27 
-4 10 16 21 17 -20 23 17 4 12 11 13 -22 24 15 -22 2 27 18 26 
21 18 12 -18 20 17 12 6 -20 -14 17 17 5 8 7 16 8 10 7 9 
3 10 -23 -15 26 17 11 27 18 25 7 19 20 -18 3 -22 -25 22 18 26 
8 -23 26 4 21 24 27 21 -4 -17 9 11 0 6 20 13 2 20 -21 10 
4 5 4 19 4 -4 5 0 16 23 18 0 11 -10 12 5 26 16 -13 22 
-3 8 10 0 -14 18 20 8 11 -17 0 12 14 18 22 26 17 6 -3 -9 
-9 -3 6 17 26 22 18 14 12 0 -17 11 8 20 18 -14 0 10 8 -3 
22 -13 16 26 5 12 -10 11 0 18 23 16 0 5 -4 4 19 4 5 4 
10 -21 20 2 13 20 6 0 11 9 -17 -4 21 27 24 21 4 26 -23 8 
26 18 22 -25 -22 3 -18 20 19 7 25 18 27 11 17 26 -15 -23 10 3 
9 7 10 8 16 7 8 5 17 17 -14 -20 6 12 17 20 -18 12 18 21 
26 18 27 2 -22 15 24 -22 13 11 12 4 17 23 -20 17 21 16 10 -4 
27 8 23 -7 11 -22 -23 16 17 27 -5 22 17 5 17 12 8 -27 9 -9 
-19 6 2 0 8 6 13 -16 15 20 26 9 -12 4 26 25 -10 7 24 14 
12 14 24 -20 10 12 -26 13 23 1 -9 -5 -1 3 1 13 25 -4 -5 -17 
-10 11 27 22 10 14 5 22 20 -10 -5 22 4 27 4 16 9 14 -26 1 
30
1
8 6
11 13
0
0
