20 20
1 -4 0 12 13 2 0 -10 -4 -10 9 13 -16 3 16 1 -16 15 7 16 
14 7 -5 10 15 4 15 -16 -3 14 -6 14 2 10 5 -4 -15 1 -14 14 
11 -13 0 2 13 0 2 5 11 13 6 -8 7 10 -13 13 6 -16 9 3 
2 -14 16 11 12 7 16 6 -2 6 3 4 15 6 16 -5 -14 -9 1 8 
-5 7 -5 -8 -14 13 15 10 -7 -3 -8 -7 10 0 9 1 5 1 11 4 
4 0 -7 7 13 13 -7 12 3 7 13 -10 5 8 11 14 8 15 8 -8 
13 1 16 -7 10 4 11 0 12 8 -12 3 3 13 3 9 -14 9 7 11 
-14 9 -7 8 -1 15 5 5 2 11 3 12 6 1 -4 -8 2 -9 14 13 
14 7 -16 -10 1 7 0 -9 -4 15 0 4 11 -9 -1 14 -3 2 0 3 
10 15 -3 2 3 2 8 3 -3 5 6 13 11 13 -7 9 -1 4 1 -12 
-12 1 4 -1 9 -7 13 11 13 6 5 -3 3 8 2 3 2 -3 15 10 
3 0 2 -3 14 -1 -9 11 4 0 15 -4 -9 0 7 1 -10 -16 7 14 
13 14 -9 2 -8 -4 1 6 12 3 11 2 5 5 15 -1 8 -7 9 -14 
11 7 9 -14 9 3 13 3 3 -12 8 12 0 11 4 10 -7 16 1 13 
-8 8 15 8 14 11 8 5 -10 13 7 3 12 -7 13 13 7 -7 0 4 
4 11 1 5 1 9 0 10 -7 -8 -3 -7 10 15 13 -14 -8 -5 7 -5 
8 1 -9 -14 -5 16 6 15 4 3 6 -2 6 16 7 12 11 16 -14 2 
3 9 -16 6 13 -13 10 7 -8 6 13 11 5 2 0 13 2 0 -13 11 
14 -14 1 -15 -4 5 10 2 14 -6 14 -3 -16 15 4 15 10 -5 7 14 
16 7 15 -16 1 16 3 -16 13 9 -10 -4 -10 0 2 13 12 0 -4 1 
30
1
6 12
13 7
0
0
