20 20
18 -5 14 17 -4 -17 -10 17 15 1 10 4 -7 13 13 1 13 19 3 12 
-19 5 6 -16 13 -4 -8 5 1 -2 0 3 15 9 18 -3 11 6 2 14 
2 17 6 -13 10 13 17 9 9 -1 -14 18 9 17 -12 12 -19 -15 19 13 
6 13 14 13 9 19 6 0 -13 -18 5 13 5 11 8 -8 1 11 6 0 
18 -10 -6 18 15 18 4 9 16 0 -14 3 14 14 4 5 10 -8 1 12 
1 14 5 5 15 15 -18 16 12 15 18 6 9 5 12 11 -12 1 10 17 
7 8 8 10 -9 13 12 -6 1 6 -15 12 1 6 16 -13 -15 -10 12 11 
8 11 10 -5 6 4 -7 -14 -2 -6 3 8 -4 4 -1 17 -13 9 17 8 
6 -9 15 -9 1 4 15 1 5 -18 -1 19 3 -12 11 2 0 2 -9 9 
9 -12 -10 -10 3 9 4 -1 16 7 9 5 9 13 -13 -12 13 8 12 18 
18 12 8 13 -12 -13 13 9 5 9 7 16 -1 4 9 3 -10 -10 -12 9 
9 -9 2 0 2 11 -12 3 19 -1 -18 5 1 15 4 1 -9 15 -9 6 
8 17 9 -13 17 -1 4 -4 8 3 -6 -2 -14 -7 4 6 -5 10 11 8 
11 12 -10 -15 -13 16 6 1 12 -15 6 1 -6 12 13 -9 10 8 8 7 
17 10 1 -12 11 12 5 9 6 18 15 12 16 -18 15 15 5 5 14 1 
12 1 -8 10 5 4 14 14 3 -14 0 16 9 4 18 15 18 -6 -10 18 
0 6 11 1 -8 8 11 5 13 5 -18 -13 0 6 19 9 13 14 13 6 
13 19 -15 -19 12 -12 17 9 18 -14 -1 9 9 17 13 10 -13 6 17 2 
14 2 6 11 -3 18 9 15 3 0 -2 1 5 -8 -4 13 -16 6 5 -19 
12 3 19 13 1 13 13 -7 4 10 1 15 17 -10 -17 -4 17 14 -5 18 
30
1
17 12
2 7
0
0
