20 20
15 3 -13 1 1 -24 18 24 0 23 -8 20 21 21 -28 9 14 10 25 4 
7 -14 25 6 2 -22 20 10 -9 9 25 9 -7 15 21 -20 23 15 10 24 
7 6 20 17 25 23 27 17 12 2 23 14 9 21 4 -17 3 18 -20 1 
-1 21 1 26 -26 -13 12 19 17 27 -2 5 -3 28 9 2 -16 15 4 17 
1 23 25 -6 20 26 -10 -20 18 22 7 8 17 12 -9 -20 25 22 11 20 
1 24 10 2 7 8 26 9 9 10 -4 24 -22 -7 9 3 12 -1 20 23 
10 12 5 17 -14 22 -20 13 21 10 -21 -7 9 1 25 -16 -6 -27 6 20 
1 20 27 -14 21 11 8 11 -1 -18 17 15 -2 26 4 27 -14 3 -12 -11 
-15 26 10 5 11 -3 15 -24 2 0 -26 20 -7 2 -4 -16 24 27 -11 5 
-4 23 17 -9 17 22 16 -23 -7 -12 -7 27 16 -19 1 -14 5 4 -16 -19 
-19 -16 4 5 -14 1 -19 16 27 -7 -12 -7 -23 16 22 17 -9 17 23 -4 
5 -11 27 24 -16 -4 2 -7 20 -26 0 2 -24 15 -3 11 5 10 26 -15 
-11 -12 3 -14 27 4 26 -2 15 17 -18 -1 11 8 11 21 -14 27 20 1 
20 6 -27 -6 -16 25 1 9 -7 -21 10 21 13 -20 22 -14 17 5 12 10 
23 20 -1 12 3 9 -7 -22 24 -4 10 9 9 26 8 7 2 10 24 1 
20 11 22 25 -20 -9 12 17 8 7 22 18 -20 -10 26 20 -6 25 23 1 
17 4 15 -16 2 9 28 -3 5 -2 27 17 19 12 -13 -26 26 1 21 -1 
1 -20 18 3 -17 4 21 9 14 23 2 12 17 27 23 25 17 20 6 7 
24 10 15 23 -20 21 15 -7 9 25 9 -9 10 20 -22 2 6 25 -14 7 
4 25 10 14 9 -28 21 21 20 -8 23 0 24 18 -24 1 1 -13 3 15 
30
1
18 0
1 19
0
0
