20 20
8 8 7 11 6 11 8 9 13 -1 -12 0 5 13 10 8 4 16 6 9 
11 14 12 0 5 7 16 6 0 -14 11 -3 6 8 13 1 5 12 13 3 
14 16 11 10 2 -2 0 5 0 -3 -5 15 0 -13 15 7 3 9 2 5 
2 3 13 9 -15 -2 12 6 5 8 -5 11 8 8 10 6 2 9 14 -10 
12 5 7 10 4 8 6 -4 9 3 -5 12 13 12 15 4 -1 7 2 4 
13 3 8 7 4 10 13 2 11 10 9 -7 -11 15 14 -7 16 12 8 6 
16 16 11 6 1 16 0 9 13 -13 2 16 -5 9 4 10 7 10 15 6 
4 5 -1 6 -12 11 11 0 10 16 15 11 8 -14 -10 -10 7 4 12 -9 
8 -11 5 0 4 7 -9 15 -9 7 4 -7 14 12 3 7 10 15 3 6 
-13 4 3 -10 16 -11 3 2 -6 5 -11 5 -15 2 16 12 4 15 10 -14 
-14 10 15 4 12 16 2 -15 5 -11 5 -6 2 3 -11 16 -10 3 4 -13 
6 3 15 10 7 3 12 14 -7 4 7 -9 15 -9 7 4 0 5 -11 8 
-9 12 4 7 -10 -10 -14 8 11 15 16 10 0 11 11 -12 6 -1 5 4 
6 15 10 7 10 4 9 -5 16 2 -13 13 9 0 16 1 6 11 16 16 
6 8 12 16 -7 14 15 -11 -7 9 10 11 2 13 10 4 7 8 3 13 
4 2 7 -1 4 15 12 13 12 -5 3 9 -4 6 8 4 10 7 5 12 
-10 14 9 2 6 10 8 8 11 -5 8 5 6 12 -2 -15 9 13 3 2 
5 2 9 3 7 15 -13 0 15 -5 -3 0 5 0 -2 2 10 11 16 14 
3 13 12 5 1 13 8 6 -3 11 -14 0 6 16 7 5 0 12 14 11 
9 6 16 4 8 10 13 5 0 -12 -1 13 9 8 11 6 11 7 8 8 
30
1
0 8
19 11
0
0
