20 20
11 8 -9 18 16 17 11 -15 10 22 3 15 30 9 26 -2 9 1 25 -17 
23 17 30 12 14 -18 16 0 -8 -6 10 4 17 15 -25 -27 20 -27 7 -30 
17 13 13 25 -28 2 18 20 23 7 24 14 6 12 2 -23 28 17 29 25 
5 20 -3 17 25 18 -23 5 21 0 27 16 -10 11 11 4 -22 11 -18 11 
4 -10 29 6 13 -7 -2 4 22 -8 -26 19 14 23 13 25 22 1 16 8 
26 22 8 -28 14 -1 23 -23 17 -5 2 -18 30 -23 -14 28 23 -2 -5 -20 
9 26 4 1 24 23 10 11 19 19 30 20 1 20 23 29 -8 12 8 12 
-10 -1 19 11 30 11 -20 26 5 10 0 3 0 -27 23 28 -4 7 -9 12 
25 18 0 0 5 10 28 -26 16 8 28 30 10 10 29 -28 -30 9 0 -15 
-1 -1 -1 10 -25 20 23 -12 18 -1 20 -11 7 16 17 25 29 14 23 -23 
-23 23 14 29 25 17 16 7 -11 20 -1 18 -12 23 20 -25 10 -1 -1 -1 
-15 0 9 -30 -28 29 10 10 30 28 8 16 -26 28 10 5 0 0 18 25 
12 -9 7 -4 28 23 -27 0 3 0 10 5 26 -20 11 30 11 19 -1 -10 
12 8 12 -8 29 23 20 1 20 30 19 19 11 10 23 24 1 4 26 9 
-20 -5 -2 23 28 -14 -23 30 -18 2 -5 17 -23 23 -1 14 -28 8 22 26 
8 16 1 22 25 13 23 14 19 -26 -8 22 4 -2 -7 13 6 29 -10 4 
11 -18 11 -22 4 11 11 -10 16 27 0 21 5 -23 18 25 17 -3 20 5 
25 29 17 28 -23 2 12 6 14 24 7 23 20 18 2 -28 25 13 13 17 
-30 7 -27 20 -27 -25 15 17 4 10 -6 -8 0 16 -18 14 12 30 17 23 
-17 25 1 9 -2 26 9 30 15 3 22 10 -15 11 17 16 18 -9 8 11 
30
1
16 11
3 8
0
0
