20 20
-9 11 3 -12 3 13 4 2 2 6 2 9 -5 13 1 -9 1 7 5 -13 
6 8 13 0 11 -3 0 7 9 8 12 1 13 11 8 -13 -9 0 9 -11 
1 0 4 -2 8 5 -11 13 -13 13 1 6 8 5 10 2 13 4 -9 -7 
-3 -6 9 3 9 -13 6 12 9 13 8 6 -11 -13 -13 8 10 9 3 12 
0 7 10 4 -7 12 -2 3 -1 9 9 3 -7 8 2 3 -1 0 7 2 
-4 10 7 12 1 6 2 12 -9 -6 1 5 3 4 -12 6 4 -3 9 9 
11 6 -4 -8 8 5 -6 9 9 6 9 7 13 1 3 9 9 -5 8 5 
11 11 7 3 1 13 -9 -9 -1 -13 5 10 1 0 7 2 3 12 3 -1 
-7 -13 7 -7 5 -7 11 8 -6 11 1 -4 3 10 12 6 13 5 1 7 
2 2 -13 5 3 10 13 3 12 9 1 5 1 10 11 11 13 11 7 3 
3 7 11 13 11 11 10 1 5 1 9 12 3 13 10 3 5 -13 2 2 
7 1 5 13 6 12 10 3 -4 1 11 -6 8 11 -7 5 -7 7 -13 -7 
-1 3 12 3 2 7 0 1 10 5 -13 -1 -9 -9 13 1 3 7 11 11 
5 8 -5 9 9 3 1 13 7 9 6 9 9 -6 5 8 -8 -4 6 11 
9 9 -3 4 6 -12 4 3 5 1 -6 -9 12 2 6 1 12 7 10 -4 
2 7 0 -1 3 2 8 -7 3 9 9 -1 3 -2 12 -7 4 10 7 0 
12 3 9 10 8 -13 -13 -11 6 8 13 9 12 6 -13 9 3 9 -6 -3 
-7 -9 4 13 2 10 5 8 6 1 13 -13 13 -11 5 8 -2 4 0 1 
-11 9 0 -9 -13 8 11 13 1 12 8 9 7 0 -3 11 0 13 8 6 
-13 5 7 1 -9 1 13 -5 9 2 6 2 2 4 13 3 -12 3 11 -9 
30
1
18 13
1 6
0
0
