20 20
11 8 -4 -14 0 -12 14 12 5 2 9 12 8 15 7 -6 0 15 5 -14 
-15 11 8 -6 9 -1 -7 10 7 8 14 9 -13 7 -6 -4 6 0 15 3 
11 11 -4 11 5 -1 14 4 11 12 -4 -7 1 3 8 -7 13 9 6 11 
7 13 14 15 -10 -8 7 -8 11 14 -6 11 -15 1 15 -9 0 12 2 15 
-3 -11 8 11 15 -4 13 -10 12 14 10 14 -1 -9 10 12 10 -6 -7 -8 
-4 -7 12 1 -6 11 3 2 -7 8 13 15 10 -10 11 3 7 -11 6 2 
15 7 -4 0 5 12 6 13 12 5 10 6 7 13 2 7 14 2 7 9 
11 4 2 3 11 15 -14 -13 10 5 6 10 9 -7 -1 15 6 6 1 -1 
12 0 11 10 -7 7 9 7 -11 -7 1 12 -15 -11 -12 -8 9 0 -11 13 
-14 -9 15 13 3 6 -5 7 3 13 -1 2 9 -15 15 0 4 6 6 7 
7 6 6 4 0 15 -15 9 2 -1 13 3 7 -5 6 3 13 15 -9 -14 
13 -11 0 9 -8 -12 -11 -15 12 1 -7 -11 7 9 7 -7 10 11 0 12 
-1 1 6 6 15 -1 -7 9 10 6 5 10 -13 -14 15 11 3 2 4 11 
9 7 2 14 7 2 13 7 6 10 5 12 13 6 12 5 0 -4 7 15 
2 6 -11 7 3 11 -10 10 15 13 8 -7 2 3 11 -6 1 12 -7 -4 
-8 -7 -6 10 12 10 -9 -1 14 10 14 12 -10 13 -4 15 11 8 -11 -3 
15 2 12 0 -9 15 1 -15 11 -6 14 11 -8 7 -8 -10 15 14 13 7 
11 6 9 13 -7 8 3 1 -7 -4 12 11 4 14 -1 5 11 -4 11 11 
3 15 0 6 -4 -6 7 -13 9 14 8 7 10 -7 -1 9 -6 8 11 -15 
-14 5 15 0 -6 7 15 8 12 9 2 5 12 14 -12 0 -14 -4 8 11 
30
1
13 6
6 13
0
0
