20 20
-19 6 -15 19 -11 21 2 18 3 8 16 -2 7 18 14 -14 12 11 5 11 
-20 5 20 22 20 -13 4 10 3 10 11 1 20 8 17 -1 19 -21 11 2 
22 -2 -15 -10 -16 0 -18 9 19 19 8 22 18 0 7 1 -17 4 -13 17 
-22 0 16 18 10 5 22 13 -15 1 3 19 -11 19 10 9 6 10 3 11 
-8 -22 14 20 1 4 4 2 19 1 10 0 6 13 -15 18 5 2 12 14 
20 -14 22 -20 3 -21 5 4 -2 5 -3 1 -2 7 5 11 9 -2 6 19 
-8 4 -16 1 14 -16 1 17 19 16 11 19 -8 22 0 18 -8 13 -16 19 
4 10 -7 -4 10 -8 0 14 8 -18 15 -4 15 15 -14 8 11 1 9 2 
-2 17 9 -2 0 22 6 18 -4 1 12 10 14 22 2 8 7 18 14 6 
8 -13 -17 8 -22 15 14 20 -16 -4 1 -20 -11 8 3 8 1 -9 17 -8 
-8 17 -9 1 8 3 8 -11 -20 1 -4 -16 20 14 15 -22 8 -17 -13 8 
6 14 18 7 8 2 22 14 10 12 1 -4 18 6 22 0 -2 9 17 -2 
2 9 1 11 8 -14 15 15 -4 15 -18 8 14 0 -8 10 -4 -7 10 4 
19 -16 13 -8 18 0 22 -8 19 11 16 19 17 1 -16 14 1 -16 4 -8 
19 6 -2 9 11 5 7 -2 1 -3 5 -2 4 5 -21 3 -20 22 -14 20 
14 12 2 5 18 -15 13 6 0 10 1 19 2 4 4 1 20 14 -22 -8 
11 3 10 6 9 10 19 -11 19 3 1 -15 13 22 5 10 18 16 0 -22 
17 -13 4 -17 1 7 0 18 22 8 19 19 9 -18 0 -16 -10 -15 -2 22 
2 11 -21 19 -1 17 8 20 1 11 10 3 10 4 -13 20 22 20 5 -20 
11 5 11 12 -14 14 18 7 -2 16 8 3 18 2 21 -11 19 -15 6 -19 
30
1
0 19
19 0
0
0
