20 20
9 2 19 -10 13 -3 13 4 10 -15 -16 -2 10 -11 1 3 17 -14 5 -6 
16 17 2 12 6 8 16 -2 17 13 19 14 11 -19 8 8 8 2 15 12 
8 18 -19 7 -1 -4 -13 2 1 17 -1 0 1 8 3 -18 -4 0 10 14 
15 18 19 -4 5 6 15 10 18 -14 19 13 16 -14 9 14 -11 8 -2 9 
-9 12 18 19 3 18 -2 -17 19 15 8 3 2 19 16 17 15 2 -5 9 
-1 8 -5 -4 16 13 18 2 1 17 3 14 16 11 -16 4 11 11 2 11 
18 8 14 17 16 1 14 -6 4 -10 5 2 16 -4 5 12 13 14 -10 -2 
9 18 16 14 11 6 15 4 -3 13 6 12 -15 -7 -2 17 -9 1 9 4 
15 15 -4 2 11 12 1 17 19 17 -13 14 17 -2 18 1 -13 14 17 4 
-19 2 12 14 5 18 6 7 -10 -19 17 -2 18 16 6 2 13 -17 15 13 
13 15 -17 13 2 6 16 18 -2 17 -19 -10 7 6 18 5 14 12 2 -19 
4 17 14 -13 1 18 -2 17 14 -13 17 19 17 1 12 11 2 -4 15 15 
4 9 1 -9 17 -2 -7 -15 12 6 13 -3 4 15 6 11 14 16 18 9 
-2 -10 14 13 12 5 -4 16 2 5 -10 4 -6 14 1 16 17 14 8 18 
11 2 11 11 4 -16 11 16 14 3 17 1 2 18 13 16 -4 -5 8 -1 
9 -5 2 15 17 16 19 2 3 8 15 19 -17 -2 18 3 19 18 12 -9 
9 -2 8 -11 14 9 -14 16 13 19 -14 18 10 15 6 5 -4 19 18 15 
14 10 0 -4 -18 3 8 1 0 -1 17 1 2 -13 -4 -1 7 -19 18 8 
12 15 2 8 8 8 -19 11 14 19 13 17 -2 16 8 6 12 2 17 16 
-6 5 -14 17 3 1 -11 10 -2 -16 -15 10 4 13 -3 13 -10 19 2 9 
30
1
14 9
5 10
0
0
