20 20
-7 5 -19 11 21 7 7 15 8 -20 0 0 12 -18 -13 10 -19 11 9 -12 
-17 -7 13 20 21 -4 -3 11 12 20 12 -10 6 9 10 -4 -6 2 -15 13 
7 18 17 16 9 -1 -18 -19 7 -12 9 -3 21 1 20 1 2 7 12 2 
-17 11 11 13 5 2 5 -16 8 17 1 13 7 15 -9 14 13 -16 7 7 
19 -20 -12 13 -12 5 17 -15 19 -20 20 8 3 12 19 2 -9 9 2 -11 
16 13 10 3 -16 -9 14 2 0 15 21 21 -21 17 -12 -17 6 15 7 0 
12 9 16 7 21 -3 12 6 12 -8 0 9 -14 -12 12 17 10 -16 1 -8 
-14 0 1 18 15 11 -5 11 13 14 17 5 8 18 11 -16 3 -15 17 17 
17 15 3 5 9 -15 15 19 -1 15 19 -10 10 -19 -16 -14 13 5 -18 -21 
9 -11 6 1 19 -21 -20 2 20 -3 12 2 17 8 4 16 12 8 9 3 
3 9 8 12 16 4 8 17 2 12 -3 20 2 -20 -21 19 1 6 -11 9 
-21 -18 5 13 -14 -16 -19 10 -10 19 15 -1 19 15 -15 9 5 3 15 17 
17 17 -15 3 -16 11 18 8 5 17 14 13 11 -5 11 15 18 1 0 -14 
-8 1 -16 10 17 12 -12 -14 9 0 -8 12 6 12 -3 21 7 16 9 12 
0 7 15 6 -17 -12 17 -21 21 21 15 0 2 14 -9 -16 3 10 13 16 
-11 2 9 -9 2 19 12 3 8 20 -20 19 -15 17 5 -12 13 -12 -20 19 
7 7 -16 13 14 -9 15 7 13 1 17 8 -16 5 2 5 13 11 11 -17 
2 12 7 2 1 20 1 21 -3 9 -12 7 -19 -18 -1 9 16 17 18 7 
13 -15 2 -6 -4 10 9 6 -10 12 20 12 11 -3 -4 21 20 13 -7 -17 
-12 9 11 -19 10 -13 -18 12 0 0 -20 8 15 7 7 21 11 -19 5 -7 
30
1
0 9
19 10
0
0
