20 20
-9 -17 -16 17 2 17 7 13 -12 -18 1 -9 6 -1 14 -1 4 4 6 -12 
-16 16 17 8 11 1 5 3 0 15 15 -1 -9 -1 3 -8 2 2 -15 4 
-12 2 11 9 11 13 17 5 0 -14 -13 3 17 2 -3 16 2 6 3 7 
-10 12 12 1 10 7 7 -16 16 6 12 -7 -18 -4 -3 15 14 8 14 -9 
-2 7 18 8 13 6 -13 15 12 3 18 -16 16 -16 0 15 0 12 -13 18 
18 13 13 -4 0 10 6 8 10 -18 1 6 -7 6 -15 10 -2 14 13 -8 
-6 -14 15 0 12 9 -9 5 6 8 3 -7 11 0 12 -4 15 -18 -5 2 
10 -1 16 -6 16 3 18 -12 4 -9 -14 -1 5 8 14 -3 2 3 1 -7 
9 -1 11 6 -9 3 5 11 -18 5 10 -11 -3 -4 10 1 0 17 8 0 
-18 -12 18 -2 10 11 18 1 12 18 -1 15 9 -16 7 11 18 6 3 6 
6 3 6 18 11 7 -16 9 15 -1 18 12 1 18 11 10 -2 18 -12 -18 
0 8 17 0 1 10 -4 -3 -11 10 5 -18 11 5 3 -9 6 11 -1 9 
-7 1 3 2 -3 14 8 5 -1 -14 -9 4 -12 18 3 16 -6 16 -1 10 
2 -5 -18 15 -4 12 0 11 -7 3 8 6 5 -9 9 12 0 15 -14 -6 
-8 13 14 -2 10 -15 6 -7 6 1 -18 10 8 6 10 0 -4 13 13 18 
18 -13 12 0 15 0 -16 16 -16 18 3 12 15 -13 6 13 8 18 7 -2 
-9 14 8 14 15 -3 -4 -18 -7 12 6 16 -16 7 7 10 1 12 12 -10 
7 3 6 2 16 -3 2 17 3 -13 -14 0 5 17 13 11 9 11 2 -12 
4 -15 2 2 -8 3 -1 -9 -1 15 15 0 3 5 1 11 8 17 16 -16 
-12 6 4 4 -1 14 -1 6 -9 1 -18 -12 13 7 17 2 17 -16 -17 -9 
30
1
1 2
18 17
0
0
