20 20
11 -1 6 10 5 11 4 6 -4 -3 8 12 -12 3 3 5 8 5 -7 12 
12 -6 -1 10 12 10 -4 7 -2 9 11 10 11 12 -1 7 -7 9 10 -9 
2 2 9 -7 -3 7 3 11 5 3 3 9 1 12 3 4 12 -11 11 1 
6 6 -11 3 6 -11 -12 -4 9 9 12 2 12 12 9 8 2 1 0 11 
4 -12 -4 -5 8 1 8 9 6 7 1 9 0 -6 12 2 2 3 10 7 
8 -12 7 -7 6 1 1 -7 -3 2 -6 -9 -3 -8 6 8 3 9 3 3 
3 8 12 5 -1 -12 -5 -12 4 -4 2 3 -2 1 7 12 0 10 -11 6 
12 -10 4 7 1 -10 -8 9 -6 10 2 2 9 7 5 10 10 2 1 9 
2 7 -6 -7 2 9 2 6 12 2 8 -6 11 0 -9 0 -4 6 11 4 
4 5 -2 3 3 3 -6 6 4 -3 1 9 1 2 0 3 12 7 -3 -10 
-10 -3 7 12 3 0 2 1 9 1 -3 4 6 -6 3 3 3 -2 5 4 
4 11 6 -4 0 -9 0 11 -6 8 2 12 6 2 9 2 -7 -6 7 2 
9 1 2 10 10 5 7 9 2 2 10 -6 9 -8 -10 1 7 4 -10 12 
6 -11 10 0 12 7 1 -2 3 2 -4 4 -12 -5 -12 -1 5 12 8 3 
3 3 9 3 8 6 -8 -3 -9 -6 2 -3 -7 1 1 6 -7 7 -12 8 
7 10 3 2 2 12 -6 0 9 1 7 6 9 8 1 8 -5 -4 -12 4 
11 0 1 2 8 9 12 12 2 12 9 9 -4 -12 -11 6 3 -11 6 6 
1 11 -11 12 4 3 12 1 9 3 3 5 11 3 7 -3 -7 9 2 2 
-9 10 9 -7 7 -1 12 11 10 11 9 -2 7 -4 10 12 10 -1 -6 12 
12 -7 5 8 5 3 3 -12 12 8 -3 -4 6 4 11 5 10 6 -1 11 
30
1
10 0
9 19
0
0
