20 20
7 14 24 18 24 24 21 -5 4 11 18 5 0 -6 6 -8 18 9 19 8 
2 -10 -3 2 -7 20 20 20 11 3 20 11 12 12 -3 16 -26 -7 4 -1 
3 22 11 18 23 9 5 21 12 -11 17 25 13 3 11 16 -14 21 -20 12 
14 -25 25 -25 -2 5 0 0 23 11 2 19 8 7 14 -1 -15 -3 16 8 
12 -8 2 10 20 10 18 10 4 18 -6 7 1 18 22 -4 16 6 -1 -25 
25 20 24 -3 3 -10 1 16 -11 4 24 1 -18 -3 1 24 -17 24 4 -25 
-12 8 20 21 21 17 3 -1 12 -4 24 -8 -2 8 2 5 13 1 -26 13 
26 23 10 -17 13 26 13 24 9 0 1 18 10 6 -1 14 12 -6 0 23 
-11 -23 25 18 4 7 15 18 -9 16 5 -4 2 8 21 15 1 14 17 19 
-18 11 5 -2 15 11 -9 8 -2 23 5 3 6 23 21 25 14 1 12 13 
13 12 1 14 25 21 23 6 3 5 23 -2 8 -9 11 15 -2 5 11 -18 
19 17 14 1 15 21 8 2 -4 5 16 -9 18 15 7 4 18 25 -23 -11 
23 0 -6 12 14 -1 6 10 18 1 0 9 24 13 26 13 -17 10 23 26 
13 -26 1 13 5 2 8 -2 -8 24 -4 12 -1 3 17 21 21 20 8 -12 
-25 4 24 -17 24 1 -3 -18 1 24 4 -11 16 1 -10 3 -3 24 20 25 
-25 -1 6 16 -4 22 18 1 7 -6 18 4 10 18 10 20 10 2 -8 12 
8 16 -3 -15 -1 14 7 8 19 2 11 23 0 0 5 -2 -25 25 -25 14 
12 -20 21 -14 16 11 3 13 25 17 -11 12 21 5 9 23 18 11 22 3 
-1 4 -7 -26 16 -3 12 12 11 20 3 11 20 20 20 -7 2 -3 -10 2 
8 19 9 18 -8 6 -6 0 5 18 11 4 -5 21 24 24 18 24 14 7 
30
1
15 2
4 17
0
0
