20 20
6 -8 5 -2 5 4 8 7 3 1 9 3 10 11 9 3 -3 -3 5 10 
-6 7 -2 4 4 5 11 2 -11 5 0 1 -7 10 -4 4 -11 1 -3 10 
-8 1 7 6 -10 7 8 3 -1 8 7 2 11 6 5 -9 9 4 10 6 
-10 6 -3 3 9 10 8 -8 1 7 5 9 5 1 8 -3 3 11 7 6 
-1 11 5 -3 3 3 4 4 -2 6 -7 1 4 5 3 5 7 6 5 3 
4 7 10 3 10 -5 2 3 0 9 -10 8 1 1 -5 10 9 -9 6 -4 
8 4 4 -2 0 8 5 9 -4 1 8 2 -6 8 -10 -4 -10 10 4 4 
3 1 11 9 3 10 -9 -7 -1 -1 9 9 9 4 3 7 -4 8 -6 5 
11 10 -3 0 11 9 6 4 8 6 9 4 3 -3 -5 5 5 4 11 8 
7 7 7 5 3 10 11 1 0 9 8 -5 9 6 8 8 9 8 9 -11 
-11 9 8 9 8 8 6 9 -5 8 9 0 1 11 10 3 5 7 7 7 
8 11 4 5 5 -5 -3 3 4 9 6 8 4 6 9 11 0 -3 10 11 
5 -6 8 -4 7 3 4 9 9 9 -1 -1 -7 -9 10 3 9 11 1 3 
4 4 10 -10 -4 -10 8 -6 2 8 1 -4 9 5 8 0 -2 4 4 8 
-4 6 -9 9 10 -5 1 1 8 -10 9 0 3 2 -5 10 3 10 7 4 
3 5 6 7 5 3 5 4 1 -7 6 -2 4 4 3 3 -3 5 11 -1 
6 7 11 3 -3 8 1 5 9 5 7 1 -8 8 10 9 3 -3 6 -10 
6 10 4 9 -9 5 6 11 2 7 8 -1 3 8 7 -10 6 7 1 -8 
10 -3 1 -11 4 -4 10 -7 1 0 5 -11 2 11 5 4 4 -2 7 -6 
10 5 -3 -3 3 9 11 10 3 9 1 3 7 8 4 5 -2 5 -8 6 
30
1
10 8
9 11
0
0
