20 20
1 -3 6 -14 1 20 15 -13 -10 -4 9 9 20 11 -4 1 -16 9 5 -16 
20 9 11 3 2 2 1 9 0 -2 15 8 -14 11 1 -5 12 -3 -6 13 
3 -16 2 3 8 -4 12 15 8 1 -2 20 20 10 16 11 15 21 15 21 
17 12 1 14 7 -5 10 16 0 5 10 14 5 6 -1 21 15 15 -9 -5 
10 10 6 14 16 8 19 7 11 18 8 -3 -8 7 -8 16 -16 4 1 17 
15 12 3 3 1 -17 7 14 20 12 12 11 16 14 14 -15 7 20 9 1 
-16 -14 20 10 7 8 7 6 14 7 -3 7 15 1 -20 -16 4 -10 16 -9 
-5 10 20 17 -3 -2 19 5 19 -6 -19 13 4 7 13 21 5 -14 8 20 
16 -18 -3 1 5 8 11 -12 14 8 16 5 16 3 15 2 20 -6 5 19 
-4 6 -15 -7 11 0 14 6 15 19 12 -10 14 13 12 16 19 0 15 -7 
-7 15 0 19 16 12 13 14 -10 12 19 15 6 14 0 11 -7 -15 6 -4 
19 5 -6 20 2 15 3 16 5 16 8 14 -12 11 8 5 1 -3 -18 16 
20 8 -14 5 21 13 7 4 13 -19 -6 19 5 19 -2 -3 17 20 10 -5 
-9 16 -10 4 -16 -20 1 15 7 -3 7 14 6 7 8 7 10 20 -14 -16 
1 9 20 7 -15 14 14 16 11 12 12 20 14 7 -17 1 3 3 12 15 
17 1 4 -16 16 -8 7 -8 -3 8 18 11 7 19 8 16 14 6 10 10 
-5 -9 15 15 21 -1 6 5 14 10 5 0 16 10 -5 7 14 1 12 17 
21 15 21 15 11 16 10 20 20 -2 1 8 15 12 -4 8 3 2 -16 3 
13 -6 -3 12 -5 1 11 -14 8 15 -2 0 9 1 2 2 3 11 9 20 
-16 5 9 -16 1 -4 11 20 9 9 -4 -10 -13 15 20 1 -14 6 -3 1 
30
1
1 18
18 1
0
0
