20 20
3 10 -5 6 -9 5 10 5 0 10 10 5 5 5 -6 7 5 5 10 2 
5 7 8 -1 3 9 7 10 4 5 8 4 8 8 -2 8 8 10 4 -9 
-5 9 7 8 5 -8 -9 -7 1 -8 -6 10 4 4 3 5 1 2 -1 10 
-3 9 -5 4 8 -2 0 -7 4 0 -5 -10 5 9 7 7 -8 9 -6 3 
10 4 -2 7 -9 6 4 10 3 -9 9 10 7 -8 -9 5 3 7 10 -4 
3 6 10 -5 9 10 -8 1 7 2 -9 5 4 5 -5 2 3 6 10 8 
5 7 9 1 10 -4 3 7 2 9 10 2 -6 6 7 6 4 0 -1 5 
0 3 7 -6 7 8 0 5 7 9 4 5 -1 0 5 6 10 5 10 -7 
2 -3 2 -10 2 3 3 -9 8 4 10 -9 -7 8 1 -7 9 2 -10 10 
-7 -9 5 1 8 -5 -9 -3 10 2 10 5 3 -6 0 10 5 -4 0 -1 
-1 0 -4 5 10 0 -6 3 5 10 2 10 -3 -9 -5 8 1 5 -9 -7 
10 -10 2 9 -7 1 8 -7 -9 10 4 8 -9 3 3 2 -10 2 -3 2 
-7 10 5 10 6 5 0 -1 5 4 9 7 5 0 8 7 -6 7 3 0 
5 -1 0 4 6 7 6 -6 2 10 9 2 7 3 -4 10 1 9 7 5 
8 10 6 3 2 -5 5 4 5 -9 2 7 1 -8 10 9 -5 10 6 3 
-4 10 7 3 5 -9 -8 7 10 9 -9 3 10 4 6 -9 7 -2 4 10 
3 -6 9 -8 7 7 9 5 -10 -5 0 4 -7 0 -2 8 4 -5 9 -3 
10 -1 2 1 5 3 4 4 10 -6 -8 1 -7 -9 -8 5 8 7 9 -5 
-9 4 10 8 8 -2 8 8 4 8 5 4 10 7 9 3 -1 8 7 5 
2 10 5 5 7 -6 5 5 5 10 10 0 5 10 5 -9 6 -5 10 3 
30
1
2 4
17 15
0
0
