20 20
15 5 0 14 -25 26 -4 15 22 24 13 28 27 25 18 24 14 10 20 10 
2 2 9 12 28 -22 -25 3 20 -17 21 23 24 15 24 23 5 16 10 23 
5 7 14 22 3 -7 -19 16 27 -2 27 14 13 27 10 17 3 24 9 13 
15 14 16 21 19 23 16 11 26 26 -25 3 -10 -16 11 18 -17 -11 28 16 
-5 4 11 10 -7 9 -26 -15 5 6 -23 -5 24 17 23 2 17 -18 22 5 
19 -6 17 -14 26 9 5 -24 7 -23 -6 23 21 16 5 23 12 9 4 14 
16 6 10 26 18 19 26 13 9 -1 0 19 2 27 11 5 12 3 22 25 
2 13 12 -24 -27 12 -22 -13 3 3 20 6 3 24 14 -24 21 11 7 24 
5 4 2 12 20 -7 4 13 26 2 15 25 17 12 8 20 22 28 28 11 
0 22 22 27 14 3 27 28 18 -27 17 1 5 -4 13 13 28 12 28 6 
6 28 12 28 13 13 -4 5 1 17 -27 18 28 27 3 14 27 22 22 0 
11 28 28 22 20 8 12 17 25 15 2 26 13 4 -7 20 12 2 4 5 
24 7 11 21 -24 14 24 3 6 20 3 3 -13 -22 12 -27 -24 12 13 2 
25 22 3 12 5 11 27 2 19 0 -1 9 13 26 19 18 26 10 6 16 
14 4 9 12 23 5 16 21 23 -6 -23 7 -24 5 9 26 -14 17 -6 19 
5 22 -18 17 2 23 17 24 -5 -23 6 5 -15 -26 9 -7 10 11 4 -5 
16 28 -11 -17 18 11 -16 -10 3 -25 26 26 11 16 23 19 21 16 14 15 
13 9 24 3 17 10 27 13 14 27 -2 27 16 -19 -7 3 22 14 7 5 
23 10 16 5 23 24 15 24 23 21 -17 20 3 -25 -22 28 12 9 2 2 
10 20 10 14 24 18 25 27 28 13 24 22 15 -4 26 -25 14 0 5 15 
30
1
8 1
11 18
0
0
