20 20
-19 16 14 9 3 -12 13 9 -22 10 13 -25 -10 7 1 11 10 9 1 5 
-10 7 16 23 -10 8 -27 -4 -21 1 -5 -1 6 -25 18 9 -6 20 0 2 
17 -3 12 -24 9 4 17 3 9 25 18 10 11 13 17 25 24 8 25 26 
-12 13 4 1 26 14 26 17 -7 18 -23 -16 -17 1 26 8 -16 -24 20 21 
9 -20 -24 20 22 0 12 25 -8 11 10 23 7 14 10 20 0 15 -15 5 
18 -2 19 3 20 11 27 7 -22 -17 22 -25 -6 3 15 -9 2 -24 -24 27 
-23 15 18 -19 -26 12 -27 8 7 -10 16 -25 5 24 -21 12 11 5 23 19 
5 0 -24 20 8 18 -7 20 12 -20 24 27 27 -5 13 7 25 9 19 1 
-26 -9 24 25 25 3 10 14 15 18 12 9 -16 -7 -5 -18 -15 22 -1 -2 
-18 21 7 13 -26 4 14 21 -23 0 27 -3 14 6 16 9 17 20 -23 18 
18 -23 20 17 9 16 6 14 -3 27 0 -23 21 14 4 -26 13 7 21 -18 
-2 -1 22 -15 -18 -5 -7 -16 9 12 18 15 14 10 3 25 25 24 -9 -26 
1 19 9 25 7 13 -5 27 27 24 -20 12 20 -7 18 8 20 -24 0 5 
19 23 5 11 12 -21 24 5 -25 16 -10 7 8 -27 12 -26 -19 18 15 -23 
27 -24 -24 2 -9 15 3 -6 -25 22 -17 -22 7 27 11 20 3 19 -2 18 
5 -15 15 0 20 10 14 7 23 10 11 -8 25 12 0 22 20 -24 -20 9 
21 20 -24 -16 8 26 1 -17 -16 -23 18 -7 17 26 14 26 1 4 13 -12 
26 25 8 24 25 17 13 11 10 18 25 9 3 17 4 9 -24 12 -3 17 
2 0 20 -6 9 18 -25 6 -1 -5 1 -21 -4 -27 8 -10 23 16 7 -10 
5 1 9 10 11 1 7 -10 -25 13 10 -22 9 13 -12 3 9 14 16 -19 
30
1
3 12
16 7
0
0
