20 20
12 17 24 28 25 26 14 14 20 7 26 -26 -16 7 -25 28 30 14 21 -26 
1 -13 15 -30 12 26 20 -14 -30 29 -7 2 19 18 -17 14 15 -5 -2 20 
11 -5 20 5 26 28 26 4 12 18 0 26 14 28 7 14 20 14 8 6 
10 1 18 9 20 0 30 29 29 10 30 29 -7 17 -9 26 1 28 15 -30 
7 26 4 3 5 -15 -14 19 21 4 3 0 18 -21 3 22 2 -18 27 15 
-17 12 11 15 14 27 17 11 -10 11 15 4 21 -11 1 15 24 13 19 18 
-22 23 8 21 -23 15 19 10 21 7 18 30 29 5 23 25 20 11 7 28 
7 17 8 7 7 9 12 24 11 26 24 -16 -15 28 -12 19 29 9 17 -14 
-6 -23 -26 -21 5 30 -18 27 7 24 2 26 26 15 -7 10 -2 10 -14 24 
22 -10 9 13 24 3 13 -22 30 8 13 11 -18 20 7 3 25 29 1 27 
27 1 29 25 3 7 20 -18 11 13 8 30 -22 13 3 24 13 9 -10 22 
24 -14 10 -2 10 -7 15 26 26 2 24 7 27 -18 30 5 -21 -26 -23 -6 
-14 17 9 29 19 -12 28 -15 -16 24 26 11 24 12 9 7 7 8 17 7 
28 7 11 20 25 23 5 29 30 18 7 21 10 19 15 -23 21 8 23 -22 
18 19 13 24 15 1 -11 21 4 15 11 -10 11 17 27 14 15 11 12 -17 
15 27 -18 2 22 3 -21 18 0 3 4 21 19 -14 -15 5 3 4 26 7 
-30 15 28 1 26 -9 17 -7 29 30 10 29 29 30 0 20 9 18 1 10 
6 8 14 20 14 7 28 14 26 0 18 12 4 26 28 26 5 20 -5 11 
20 -2 -5 15 14 -17 18 19 2 -7 29 -30 -14 20 26 12 -30 15 -13 1 
-26 21 14 30 28 -25 7 -16 -26 26 7 20 14 14 26 25 28 24 17 12 
30
1
18 3
1 16
0
0
