20 20
-14 1 -16 18 9 -8 12 5 16 5 18 -15 7 13 -7 14 7 5 -11 -7 
0 19 5 10 13 7 0 19 -10 -16 -16 15 3 9 5 1 -5 -19 16 13 
-7 3 -18 13 5 7 15 6 5 -18 15 19 -2 18 1 9 -10 19 3 -20 
11 19 0 9 3 2 -4 6 17 18 4 12 -13 7 8 10 11 5 13 7 
12 8 2 1 15 20 -8 4 6 8 4 12 3 20 5 -1 11 3 -10 8 
6 -12 -9 13 4 -10 -8 4 4 18 0 2 8 18 -12 -4 2 -20 5 10 
-15 2 7 1 9 2 6 2 19 9 12 11 9 15 18 -1 19 -5 3 16 
10 -18 20 14 1 -9 7 20 -7 -5 2 13 -8 14 20 4 6 -1 3 -8 
8 2 2 -19 16 -10 -3 18 15 10 10 6 10 6 18 5 -12 3 20 16 
10 14 9 11 10 -7 15 12 1 16 -10 1 -19 20 11 14 -16 3 -5 -18 
-18 -5 3 -16 14 11 20 -19 1 -10 16 1 12 15 -7 10 11 9 14 10 
16 20 3 -12 5 18 6 10 6 10 10 15 18 -3 -10 16 -19 2 2 8 
-8 3 -1 6 4 20 14 -8 13 2 -5 -7 20 7 -9 1 14 20 -18 10 
16 3 -5 19 -1 18 15 9 11 12 9 19 2 6 2 9 1 7 2 -15 
10 5 -20 2 -4 -12 18 8 2 0 18 4 4 -8 -10 4 13 -9 -12 6 
8 -10 3 11 -1 5 20 3 12 4 8 6 4 -8 20 15 1 2 8 12 
7 13 5 11 10 8 7 -13 12 4 18 17 6 -4 2 3 9 0 19 11 
-20 3 19 -10 9 1 18 -2 19 15 -18 5 6 15 7 5 13 -18 3 -7 
13 16 -19 -5 1 5 9 3 15 -16 -16 -10 19 0 7 13 10 5 19 0 
-7 -11 5 7 14 -7 13 7 -15 18 5 16 5 12 -8 9 18 -16 1 -14 
30
1
18 13
1 6
0
0
