20 20
30 12 -6 26 -13 17 22 6 5 6 27 26 17 16 12 16 22 -10 25 -1 
29 24 -8 20 -26 21 -5 -5 14 5 4 14 23 10 13 3 11 2 -30 -4 
24 -1 3 6 8 29 5 14 -2 3 1 22 9 1 11 0 30 13 -5 23 
9 15 24 19 -26 19 -2 21 29 3 7 19 2 -1 11 7 2 -8 17 9 
6 18 29 28 20 7 -28 30 1 -17 -20 -17 12 18 2 1 21 29 -23 20 
-10 11 14 9 3 11 27 -23 17 21 3 17 28 19 2 16 4 -27 29 18 
13 15 -30 29 -18 -23 9 23 2 27 2 9 -17 1 3 -28 14 4 -5 -18 
-20 19 25 10 29 -8 -29 11 3 18 24 17 7 11 23 4 15 21 -13 -1 
19 26 2 9 6 -2 -27 7 25 26 6 2 23 27 6 15 28 25 22 -19 
26 4 29 10 0 -2 0 3 28 -14 21 13 11 9 28 13 18 4 21 10 
10 21 4 18 13 28 9 11 13 21 -14 28 3 0 -2 0 10 29 4 26 
-19 22 25 28 15 6 27 23 2 6 26 25 7 -27 -2 6 9 2 26 19 
-1 -13 21 15 4 23 11 7 17 24 18 3 11 -29 -8 29 10 25 19 -20 
-18 -5 4 14 -28 3 1 -17 9 2 27 2 23 9 -23 -18 29 -30 15 13 
18 29 -27 4 16 2 19 28 17 3 21 17 -23 27 11 3 9 14 11 -10 
20 -23 29 21 1 2 18 12 -17 -20 -17 1 30 -28 7 20 28 29 18 6 
9 17 -8 2 7 11 -1 2 19 7 3 29 21 -2 19 -26 19 24 15 9 
23 -5 13 30 0 11 1 9 22 1 3 -2 14 5 29 8 6 3 -1 24 
-4 -30 2 11 3 13 10 23 14 4 5 14 -5 -5 21 -26 20 -8 24 29 
-1 25 -10 22 16 12 16 17 26 27 6 5 6 22 17 -13 26 -6 12 30 
30
1
2 10
17 9
0
0
