20 20
-21 1 2 -24 14 17 23 20 6 16 26 17 17 -10 11 7 0 14 9 11 
22 2 -4 11 -25 4 26 24 1 -24 23 -25 13 3 25 18 13 18 9 11 
16 3 13 21 7 -22 17 26 22 24 -23 23 25 13 2 17 -20 -17 1 20 
17 11 -11 -20 16 -12 5 22 18 17 14 -5 5 -20 25 18 9 7 11 23 
-12 23 25 19 0 20 14 14 -15 -12 0 -9 16 -10 11 24 8 15 1 6 
9 11 22 8 13 7 23 -20 -27 9 0 26 25 -23 -16 25 -12 -23 6 1 
25 6 -4 10 14 6 2 3 19 18 5 -5 0 1 22 -16 13 -8 19 6 
1 2 15 12 17 7 -4 3 11 -5 24 -27 7 21 13 21 11 22 5 23 
-26 24 10 10 9 12 14 15 -17 9 20 25 6 -26 23 23 9 5 24 16 
11 7 -26 -23 -14 20 25 -7 22 12 -19 22 0 -19 19 7 24 3 1 8 
8 1 3 24 7 19 -19 0 22 -19 12 22 -7 25 20 -14 -23 -26 7 11 
16 24 5 9 23 23 -26 6 25 20 9 -17 15 14 12 9 10 10 24 -26 
23 5 22 11 21 13 21 7 -27 24 -5 11 3 -4 7 17 12 15 2 1 
6 19 -8 13 -16 22 1 0 -5 5 18 19 3 2 6 14 10 -4 6 25 
1 6 -23 -12 25 -16 -23 25 26 0 9 -27 -20 23 7 13 8 22 11 9 
6 1 15 8 24 11 -10 16 -9 0 -12 -15 14 14 20 0 19 25 23 -12 
23 11 7 9 18 25 -20 5 -5 14 17 18 22 5 -12 16 -20 -11 11 17 
20 1 -17 -20 17 2 13 25 23 -23 24 22 26 17 -22 7 21 13 3 16 
11 9 18 13 18 25 3 13 -25 23 -24 1 24 26 4 -25 11 -4 2 22 
11 9 14 0 7 11 -10 17 17 26 16 6 20 23 17 14 -24 2 1 -21 
30
1
6 12
13 7
0
0
