20 20
11 12 1 12 2 -9 9 11 10 2 10 11 10 -8 3 1 7 2 -9 5 
3 6 -7 4 4 -3 6 12 -10 4 -9 8 3 5 4 5 7 2 1 -5 
7 6 3 3 3 9 4 0 10 12 1 12 -5 11 2 2 -1 1 -8 -11 
2 9 6 11 3 3 -6 9 3 10 -11 5 0 -4 3 10 1 9 11 11 
4 10 2 10 -2 4 7 4 6 1 9 0 -1 11 -6 2 1 5 5 11 
5 0 2 11 9 3 12 3 -5 -12 5 8 -12 11 6 2 -4 -3 -11 2 
0 -9 1 4 5 -1 -1 10 9 4 1 12 12 9 2 5 6 6 -10 -7 
5 8 11 -5 -9 -10 -11 1 -7 4 7 6 5 -3 0 3 10 -7 12 9 
-7 8 3 5 -6 -4 -12 12 0 6 8 3 -4 1 11 8 0 7 12 -9 
9 9 -8 9 -10 1 12 1 -4 9 7 5 -7 1 1 5 11 -6 3 6 
6 3 -6 11 5 1 1 -7 5 7 9 -4 1 12 1 -10 9 -8 9 9 
-9 12 7 0 8 11 1 -4 3 8 6 0 12 -12 -4 -6 5 3 8 -7 
9 12 -7 10 3 0 -3 5 6 7 4 -7 1 -11 -10 -9 -5 11 8 5 
-7 -10 6 6 5 2 9 12 12 1 4 9 10 -1 -1 5 4 1 -9 0 
2 -11 -3 -4 2 6 11 -12 8 5 -12 -5 3 12 3 9 11 2 0 5 
11 5 5 1 2 -6 11 -1 0 9 1 6 4 7 4 -2 10 2 10 4 
11 11 9 1 10 3 -4 0 5 -11 10 3 9 -6 3 3 11 6 9 2 
-11 -8 1 -1 2 2 11 -5 12 1 12 10 0 4 9 3 3 3 6 7 
-5 1 2 7 5 4 5 3 8 -9 4 -10 12 6 -3 4 4 -7 6 3 
5 -9 2 7 1 3 -8 10 11 10 2 10 11 9 -9 2 12 1 12 11 
30
1
3 12
16 7
0
0
