20 20
-1 10 -7 3 8 -12 -3 -21 20 11 13 14 18 2 1 22 1 5 11 18 
-19 4 22 -15 20 16 22 1 -7 8 5 12 1 8 -6 21 1 -16 -13 16 
16 10 10 7 19 23 -20 3 12 10 -24 3 -3 12 2 9 -22 6 18 8 
24 4 15 17 9 17 7 5 16 21 7 -9 13 11 -2 4 20 -5 24 17 
5 -12 9 24 12 -11 -8 5 10 14 7 11 12 15 -24 8 12 13 9 -17 
24 17 8 -19 20 8 3 5 8 17 10 13 14 6 12 3 22 23 11 8 
15 1 20 -2 12 2 17 21 9 20 15 18 -20 3 -16 17 11 4 -10 18 
20 -16 -10 21 3 13 -17 -16 19 18 -14 5 1 -16 23 19 16 18 6 22 
11 24 2 -21 -6 9 18 4 9 24 17 10 -3 4 17 6 -14 -1 -8 18 
-16 6 11 17 5 13 12 19 10 19 -11 4 -5 4 -3 19 -12 8 12 21 
21 12 8 -12 19 -3 4 -5 4 -11 19 10 19 12 13 5 17 11 6 -16 
18 -8 -1 -14 6 17 4 -3 10 17 24 9 4 18 9 -6 -21 2 24 11 
22 6 18 16 19 23 -16 1 5 -14 18 19 -16 -17 13 3 21 -10 -16 20 
18 -10 4 11 17 -16 3 -20 18 15 20 9 21 17 2 12 -2 20 1 15 
8 11 23 22 3 12 6 14 13 10 17 8 5 3 8 20 -19 8 17 24 
-17 9 13 12 8 -24 15 12 11 7 14 10 5 -8 -11 12 24 9 -12 5 
17 24 -5 20 4 -2 11 13 -9 7 21 16 5 7 17 9 17 15 4 24 
8 18 6 -22 9 2 12 -3 3 -24 10 12 3 -20 23 19 7 10 10 16 
16 -13 -16 1 21 -6 8 1 12 5 8 -7 1 22 16 20 -15 22 4 -19 
18 11 5 1 22 1 2 18 14 13 11 20 -21 -3 -12 8 3 -7 10 -1 
30
1
8 12
11 7
0
0
