20 20
7 -4 4 -6 6 4 0 6 -7 0 3 4 1 -1 2 1 -7 6 -4 -8 
1 7 7 -7 4 6 2 7 4 1 -1 6 -5 7 -2 -5 7 1 -2 -6 
5 3 2 0 4 8 5 2 0 1 -1 1 5 0 -6 3 5 6 2 -4 
1 3 3 0 1 -4 3 8 3 6 3 8 5 1 -8 3 -8 5 2 2 
6 2 0 8 4 1 5 -6 -8 7 -7 -6 2 3 3 2 -8 -3 -5 6 
6 3 -1 -8 -5 -5 -8 8 1 6 1 -2 1 0 -4 8 -5 5 -2 8 
1 2 7 4 5 8 -3 6 6 1 -8 7 2 0 1 6 6 1 2 6 
-7 6 4 -2 -1 -7 3 -4 1 5 7 1 0 7 8 -5 7 5 6 -8 
-6 7 8 7 -1 3 3 1 2 5 -1 3 6 5 4 1 -1 7 -5 7 
-3 3 6 2 -7 7 7 -4 5 -2 4 5 3 -4 5 -8 4 -3 4 -2 
-2 4 -3 4 -8 5 -4 3 5 4 -2 5 -4 7 7 -7 2 6 3 -3 
7 -5 7 -1 1 4 5 6 3 -1 5 2 1 3 3 -1 7 8 7 -6 
-8 6 5 7 -5 8 7 0 1 7 5 1 -4 3 -7 -1 -2 4 6 -7 
6 2 1 6 6 1 0 2 7 -8 1 6 6 -3 8 5 4 7 2 1 
8 -2 5 -5 8 -4 0 1 -2 1 6 1 8 -8 -5 -5 -8 -1 3 6 
6 -5 -3 -8 2 3 3 2 -6 -7 7 -8 -6 5 1 4 8 0 2 6 
2 2 5 -8 3 -8 1 5 8 3 6 3 8 3 -4 1 0 3 3 1 
-4 2 6 5 3 -6 0 5 1 -1 1 0 2 5 8 4 0 2 3 5 
-6 -2 1 7 -5 -2 7 -5 6 -1 1 4 7 2 6 4 -7 7 7 1 
-8 -4 6 -7 1 2 -1 1 4 3 0 -7 6 0 4 6 -6 4 -4 7 
30
1
2 6
17 13
0
0
