20 20
-3 5 14 -14 -14 -15 6 -15 22 -4 -20 11 8 18 14 3 -3 13 13 8 
14 -23 0 5 -8 6 7 -3 5 23 -6 13 9 1 5 18 23 11 16 23 
-1 2 -10 16 -19 25 13 -14 19 -20 13 10 24 6 23 21 1 24 -16 18 
-11 5 -7 -4 12 8 11 5 -6 2 22 8 22 1 11 -25 15 -1 -5 -1 
23 -7 24 -17 8 8 10 12 4 14 3 0 3 9 21 -25 7 3 8 -5 
-22 23 2 25 16 6 9 -21 -18 6 3 22 2 13 12 25 11 19 21 2 
17 9 23 2 10 18 8 -19 18 8 -22 12 24 0 3 11 3 -12 20 19 
11 3 9 -22 6 -23 9 3 3 -18 16 17 9 4 20 -16 16 11 4 6 
7 -1 5 2 0 21 7 -18 16 -5 12 5 -24 11 -14 3 25 7 14 9 
10 -1 -20 15 -17 -15 -19 -25 -3 18 -9 9 -14 18 13 8 11 -2 10 2 
2 10 -2 11 8 13 18 -14 9 -9 18 -3 -25 -19 -15 -17 15 -20 -1 10 
9 14 7 25 3 -14 11 -24 5 12 -5 16 -18 7 21 0 2 5 -1 7 
6 4 11 16 -16 20 4 9 17 16 -18 3 3 9 -23 6 -22 9 3 11 
19 20 -12 3 11 3 0 24 12 -22 8 18 -19 8 18 10 2 23 9 17 
2 21 19 11 25 12 13 2 22 3 6 -18 -21 9 6 16 25 2 23 -22 
-5 8 3 7 -25 21 9 3 0 3 14 4 12 10 8 8 -17 24 -7 23 
-1 -5 -1 15 -25 11 1 22 8 22 2 -6 5 11 8 12 -4 -7 5 -11 
18 -16 24 1 21 23 6 24 10 13 -20 19 -14 13 25 -19 16 -10 2 -1 
23 16 11 23 18 5 1 9 13 -6 23 5 -3 7 6 -8 5 0 -23 14 
8 13 13 -3 3 14 18 8 11 -20 -4 22 -15 6 -15 -14 -14 14 5 -3 
30
1
3 7
16 12
0
0
