20 20
11 12 8 11 -6 7 16 15 12 5 -13 2 16 15 4 14 1 9 13 -14 
7 -10 11 -16 7 3 7 14 -5 -1 -11 10 14 15 9 13 16 0 8 3 
7 2 16 13 -1 13 8 13 11 2 9 16 2 7 10 5 5 0 12 12 
4 7 9 2 6 10 16 9 12 12 10 -4 -15 9 6 8 4 -11 3 4 
-12 -6 1 4 12 -8 14 0 -14 5 -13 2 2 8 -14 0 8 13 -6 5 
0 15 2 -10 1 14 -12 13 9 0 14 4 4 -12 10 4 -10 -5 15 15 
5 -12 -9 11 2 7 -14 12 11 15 6 12 10 -4 15 11 -11 0 1 16 
6 -15 7 10 -15 6 6 16 14 -1 13 10 9 11 13 15 8 13 -6 4 
6 13 12 0 -8 -1 -8 8 -4 11 12 -9 -13 4 3 5 6 2 0 -1 
10 12 14 12 2 -9 16 11 0 3 -11 2 -2 15 0 11 0 5 3 4 
4 3 5 0 11 0 15 -2 2 -11 3 0 11 16 -9 2 12 14 12 10 
-1 0 2 6 5 3 4 -13 -9 12 11 -4 8 -8 -1 -8 0 12 13 6 
4 -6 13 8 15 13 11 9 10 13 -1 14 16 6 6 -15 10 7 -15 6 
16 1 0 -11 11 15 -4 10 12 6 15 11 12 -14 7 2 11 -9 -12 5 
15 15 -5 -10 4 10 -12 4 4 14 0 9 13 -12 14 1 -10 2 15 0 
5 -6 13 8 0 -14 8 2 2 -13 5 -14 0 14 -8 12 4 1 -6 -12 
4 3 -11 4 8 6 9 -15 -4 10 12 12 9 16 10 6 2 9 7 4 
12 12 0 5 5 10 7 2 16 9 2 11 13 8 13 -1 13 16 2 7 
3 8 0 16 13 9 15 14 10 -11 -1 -5 14 7 3 7 -16 11 -10 7 
-14 13 9 1 14 4 15 16 2 -13 5 12 15 16 7 -6 11 8 12 11 
30
1
1 16
18 3
0
0
