20 20
12 -1 -18 16 -4 15 1 2 -7 -20 17 5 18 21 -21 -6 -5 15 16 1 
21 19 15 13 -7 11 19 15 8 8 6 5 -8 10 -1 4 -7 9 20 6 
6 14 17 8 14 19 18 7 -2 12 18 -5 20 0 8 2 7 14 3 9 
21 7 13 19 5 21 -20 -4 5 -10 16 13 11 0 8 13 10 -11 -20 18 
5 6 8 19 4 3 12 4 12 -3 3 1 11 21 9 20 7 7 12 5 
12 11 4 9 14 2 12 -2 -21 -12 -14 4 19 4 21 7 -2 15 8 12 
2 -6 0 2 -17 12 19 -21 21 1 7 4 19 18 20 21 -15 -13 0 11 
-14 -4 19 16 8 13 -15 4 10 4 15 -1 8 4 11 6 1 13 15 -11 
1 2 -12 -20 -5 12 11 4 16 -1 0 19 -11 16 6 -5 14 -15 19 21 
-5 20 1 16 14 18 20 6 12 11 11 5 -4 13 -11 -4 -21 -20 8 5 
5 8 -20 -21 -4 -11 13 -4 5 11 11 12 6 20 18 14 16 1 20 -5 
21 19 -15 14 -5 6 16 -11 19 0 -1 16 4 11 12 -5 -20 -12 2 1 
-11 15 13 1 6 11 4 8 -1 15 4 10 4 -15 13 8 16 19 -4 -14 
11 0 -13 -15 21 20 18 19 4 7 1 21 -21 19 12 -17 2 0 -6 2 
12 8 15 -2 7 21 4 19 4 -14 -12 -21 -2 12 2 14 9 4 11 12 
5 12 7 7 20 9 21 11 1 3 -3 12 4 12 3 4 19 8 6 5 
18 -20 -11 10 13 8 0 11 13 16 -10 5 -4 -20 21 5 19 13 7 21 
9 3 14 7 2 8 0 20 -5 18 12 -2 7 18 19 14 8 17 14 6 
6 20 9 -7 4 -1 10 -8 5 6 8 8 15 19 11 -7 13 15 19 21 
1 16 15 -5 -6 -21 21 18 5 17 -20 -7 2 1 15 -4 16 -18 -1 12 
30
1
12 14
7 5
0
0
