20 20
-10 5 6 5 8 -4 10 -20 2 1 3 -5 -14 3 -7 0 13 19 10 4 
7 -20 16 12 -10 -6 12 9 -8 13 18 0 5 20 3 -9 14 -19 -1 -17 
5 19 -7 9 12 16 20 16 -6 3 -20 -4 -17 15 18 19 1 12 5 3 
20 2 4 3 7 0 -4 -11 16 1 -9 -7 18 10 18 2 14 -15 11 -6 
-10 21 16 10 18 9 20 17 0 10 -19 4 13 0 16 -13 18 12 11 -4 
3 8 4 11 -4 -13 9 -16 8 -13 -14 18 7 -21 12 3 4 15 8 8 
14 6 16 8 8 9 3 10 13 -3 18 14 19 -13 -6 5 14 20 13 -15 
5 5 0 19 16 14 17 10 21 18 19 -20 18 1 -21 -20 -3 21 17 5 
1 -12 19 20 13 -21 11 -1 -15 14 -18 2 18 16 -2 1 10 12 13 20 
-5 10 21 7 -4 14 -11 -4 3 -12 -3 12 1 16 19 20 16 17 2 14 
14 2 17 16 20 19 16 1 12 -3 -12 3 -4 -11 14 -4 7 21 10 -5 
20 13 12 10 1 -2 16 18 2 -18 14 -15 -1 11 -21 13 20 19 -12 1 
5 17 21 -3 -20 -21 1 18 -20 19 18 21 10 17 14 16 19 0 5 5 
-15 13 20 14 5 -6 -13 19 14 18 -3 13 10 3 9 8 8 16 6 14 
8 8 15 4 3 12 -21 7 18 -14 -13 8 -16 9 -13 -4 11 4 8 3 
-4 11 12 18 -13 16 0 13 4 -19 10 0 17 20 9 18 10 16 21 -10 
-6 11 -15 14 2 18 10 18 -7 -9 1 16 -11 -4 0 7 3 4 2 20 
3 5 12 1 19 18 15 -17 -4 -20 3 -6 16 20 16 12 9 -7 19 5 
-17 -1 -19 14 -9 3 20 5 0 18 13 -8 9 12 -6 -10 12 16 -20 7 
4 10 19 13 0 -7 3 -14 -5 3 1 2 -20 10 -4 8 5 6 5 -10 
30
1
18 0
1 19
0
0
