20 20
2 8 24 13 22 26 5 13 15 1 21 25 5 -4 5 23 4 5 9 -19 
16 -19 -25 30 -28 0 21 -20 12 0 -18 0 17 1 -5 7 4 28 3 7 
7 13 23 11 -4 22 27 -9 3 14 7 -22 19 -10 30 3 29 26 0 2 
18 19 3 -19 19 17 -17 1 26 2 3 18 30 -1 30 9 7 -21 -8 17 
20 11 22 12 -17 8 -6 29 27 9 18 7 19 -25 13 -6 21 19 28 15 
-13 19 -7 16 24 11 -24 22 -13 2 -23 5 6 30 6 23 21 17 -13 26 
-17 11 24 -5 3 12 0 -11 -30 17 23 7 9 2 27 27 7 17 28 11 
-12 10 26 21 27 26 -1 13 17 -15 12 30 30 -21 1 3 6 -11 -25 -30 
28 -12 13 27 20 3 24 6 -4 22 13 9 -1 4 -3 29 -24 -22 18 -20 
30 24 6 3 27 17 23 18 -16 26 9 20 27 14 23 16 -5 1 19 13 
13 19 1 -5 16 23 14 27 20 9 26 -16 18 23 17 27 3 6 24 30 
-20 18 -22 -24 29 -3 4 -1 9 13 22 -4 6 24 3 20 27 13 -12 28 
-30 -25 -11 6 3 1 -21 30 30 12 -15 17 13 -1 26 27 21 26 10 -12 
11 28 17 7 27 27 2 9 7 23 17 -30 -11 0 12 3 -5 24 11 -17 
26 -13 17 21 23 6 30 6 5 -23 2 -13 22 -24 11 24 16 -7 19 -13 
15 28 19 21 -6 13 -25 19 7 18 9 27 29 -6 8 -17 12 22 11 20 
17 -8 -21 7 9 30 -1 30 18 3 2 26 1 -17 17 19 -19 3 19 18 
2 0 26 29 3 30 -10 19 -22 7 14 3 -9 27 22 -4 11 23 13 7 
7 3 28 4 7 -5 1 17 0 -18 0 12 -20 21 0 -28 30 -25 -19 16 
-19 9 5 4 23 5 -4 5 25 21 1 15 13 5 26 22 13 24 8 2 
30
1
11 9
8 10
0
0
