20 20
25 6 7 9 -18 10 6 4 0 23 -24 11 -16 17 -24 8 23 9 0 24 
20 -25 2 18 -8 1 0 11 6 2 12 9 13 23 13 -17 18 25 -19 9 
21 -25 6 -12 13 20 1 6 8 -17 14 14 7 -18 10 11 21 23 -14 20 
5 17 -14 14 -17 13 -21 -7 14 17 13 -11 15 4 13 6 3 5 16 18 
-6 1 -10 -23 21 8 0 7 12 7 6 14 0 4 12 19 -23 3 20 25 
-1 -13 -17 5 6 15 10 1 14 24 -17 14 21 19 22 22 14 21 7 14 
-17 -9 24 13 15 -24 -17 4 -24 -18 -15 6 18 8 5 11 25 14 9 24 
21 6 22 16 24 13 3 22 14 -13 11 4 9 11 2 8 1 21 25 4 
13 22 14 4 18 15 -20 -7 -23 -3 17 -7 20 9 9 -22 1 -5 16 21 
-9 -25 17 -18 4 5 -2 21 14 2 -6 11 3 14 7 -20 22 23 3 13 
13 3 23 22 -20 7 14 3 11 -6 2 14 21 -2 5 4 -18 17 -25 -9 
21 16 -5 1 -22 9 9 20 -7 17 -3 -23 -7 -20 15 18 4 14 22 13 
4 25 21 1 8 2 11 9 4 11 -13 14 22 3 13 24 16 22 6 21 
24 9 14 25 11 5 8 18 6 -15 -18 -24 4 -17 -24 15 13 24 -9 -17 
14 7 21 14 22 22 19 21 14 -17 24 14 1 10 15 6 5 -17 -13 -1 
25 20 3 -23 19 12 4 0 14 6 7 12 7 0 8 21 -23 -10 1 -6 
18 16 5 3 6 13 4 15 -11 13 17 14 -7 -21 13 -17 14 -14 17 5 
20 -14 23 21 11 10 -18 7 14 14 -17 8 6 1 20 13 -12 6 -25 21 
9 -19 25 18 -17 13 23 13 9 12 2 6 11 0 1 -8 18 2 -25 20 
24 0 9 23 8 -24 17 -16 11 -24 23 0 4 6 10 -18 9 7 6 25 
30
1
6 2
13 17
0
0
