20 20
4 -13 -7 -7 5 5 3 2 13 -2 -13 3 -12 -1 1 4 -7 1 0 -5 
10 2 3 -5 8 7 7 6 5 4 5 13 7 0 7 10 6 9 0 2 
11 2 -10 1 9 11 7 12 11 9 13 13 5 1 1 6 7 13 11 10 
5 2 13 -1 1 11 5 -12 -7 0 2 -9 8 4 5 9 9 5 0 8 
13 -3 -13 -6 1 -11 10 7 12 7 13 11 11 0 -6 3 -13 2 -1 11 
6 7 7 -9 -6 -10 3 10 1 5 -13 10 0 4 13 7 -9 -12 -10 2 
-9 13 5 -8 -2 -2 13 9 12 -1 -8 -7 -11 -8 -3 1 -9 -8 -9 6 
9 -3 7 -4 9 -4 5 0 -2 1 2 7 11 -13 10 6 2 9 13 5 
0 2 0 8 3 11 -8 10 2 7 1 -4 8 6 10 3 10 8 -9 1 
12 -3 8 13 7 -13 6 10 -4 -3 7 11 13 -2 9 9 2 10 -7 8 
8 -7 10 2 9 9 -2 13 11 7 -3 -4 10 6 -13 7 13 8 -3 12 
1 -9 8 10 3 10 6 8 -4 1 7 2 10 -8 11 3 8 0 2 0 
5 13 9 2 6 10 -13 11 7 2 1 -2 0 5 -4 9 -4 7 -3 9 
6 -9 -8 -9 1 -3 -8 -11 -7 -8 -1 12 9 13 -2 -2 -8 5 13 -9 
2 -10 -12 -9 7 13 4 0 10 -13 5 1 10 3 -10 -6 -9 7 7 6 
11 -1 2 -13 3 -6 0 11 11 13 7 12 7 10 -11 1 -6 -13 -3 13 
8 0 5 9 9 5 4 8 -9 2 0 -7 -12 5 11 1 -1 13 2 5 
10 11 13 7 6 1 1 5 13 13 9 11 12 7 11 9 1 -10 2 11 
2 0 9 6 10 7 0 7 13 5 4 5 6 7 7 8 -5 3 2 10 
-5 0 1 -7 4 1 -1 -12 3 -13 -2 13 2 3 5 5 -7 -7 -13 4 
30
1
1 13
18 6
0
0
