20 20
-15 9 -14 14 6 12 14 -15 12 6 16 1 11 2 9 13 8 7 15 -15 
6 -6 -10 14 15 6 12 1 4 14 14 8 16 13 5 0 11 15 8 0 
13 -14 9 10 0 1 -5 1 9 3 4 -2 -9 12 2 7 2 4 -13 15 
14 -14 14 12 11 12 5 11 3 -6 -5 7 11 8 13 10 16 5 11 -16 
11 13 -11 -12 -4 16 15 4 6 9 10 -6 12 7 4 -11 12 -15 8 4 
7 3 12 3 15 -6 -3 -5 10 11 11 3 -1 7 13 12 -8 4 11 -14 
2 14 11 13 12 6 -15 8 -2 -4 3 9 11 5 -2 13 4 16 9 16 
0 6 11 14 2 10 -4 14 -14 4 8 10 3 9 16 14 10 6 1 1 
1 9 -6 8 -4 2 12 4 14 10 -9 5 3 -14 12 -8 5 8 9 11 
16 8 -2 13 -5 15 10 -8 -11 3 0 13 15 7 -12 2 14 4 12 16 
16 12 4 14 2 -12 7 15 13 0 3 -11 -8 10 15 -5 13 -2 8 16 
11 9 8 5 -8 12 -14 3 5 -9 10 14 4 12 2 -4 8 -6 9 1 
1 1 6 10 14 16 9 3 10 8 4 -14 14 -4 10 2 14 11 6 0 
16 9 16 4 13 -2 5 11 9 3 -4 -2 8 -15 6 12 13 11 14 2 
-14 11 4 -8 12 13 7 -1 3 11 11 10 -5 -3 -6 15 3 12 3 7 
4 8 -15 12 -11 4 7 12 -6 10 9 6 4 15 16 -4 -12 -11 13 11 
-16 11 5 16 10 13 8 11 7 -5 -6 3 11 5 12 11 12 14 -14 14 
15 -13 4 2 7 2 12 -9 -2 4 3 9 1 -5 1 0 10 9 -14 13 
0 8 15 11 0 5 13 16 8 14 14 4 1 12 6 15 14 -10 -6 6 
-15 15 7 8 13 9 2 11 1 16 6 12 -15 14 12 6 14 -14 9 -15 
30
1
0 16
19 3
0
0
