20 20
11 -1 25 12 4 10 -4 23 5 0 23 -12 -2 -17 -18 11 -6 2 -11 0 
-20 -14 12 25 -14 24 22 3 23 8 -7 -7 13 23 19 8 17 22 7 15 
17 20 10 21 14 25 2 -11 -11 25 18 -9 1 5 2 -7 4 8 6 -8 
20 16 1 8 0 17 -25 23 16 -1 -22 13 22 17 17 12 17 5 24 -4 
-23 9 5 -19 13 1 15 5 25 21 10 24 -22 1 21 12 2 -24 7 -12 
-1 13 -9 10 12 25 15 5 4 13 15 -18 -10 24 -7 24 6 16 -2 2 
4 -23 8 -7 9 -4 -16 6 7 8 4 16 18 11 21 14 -23 17 19 -22 
10 19 20 20 17 8 16 24 3 18 21 -19 14 -20 7 17 12 14 16 8 
15 25 1 14 -13 -19 -21 -6 9 17 3 -3 0 5 18 -1 -10 4 24 11 
24 16 21 4 -12 -9 -11 -1 12 1 2 24 7 -24 18 9 8 10 -5 25 
25 -5 10 8 9 18 -24 7 24 2 1 12 -1 -11 -9 -12 4 21 16 24 
11 24 4 -10 -1 18 5 0 -3 3 17 9 -6 -21 -19 -13 14 1 25 15 
8 16 14 12 17 7 -20 14 -19 21 18 3 24 16 8 17 20 20 19 10 
-22 19 17 -23 14 21 11 18 16 4 8 7 6 -16 -4 9 -7 8 -23 4 
2 -2 16 6 24 -7 24 -10 -18 15 13 4 5 15 25 12 10 -9 13 -1 
-12 7 -24 2 12 21 1 -22 24 10 21 25 5 15 1 13 -19 5 9 -23 
-4 24 5 17 12 17 17 22 13 -22 -1 16 23 -25 17 0 8 1 16 20 
-8 6 8 4 -7 2 5 1 -9 18 25 -11 -11 2 25 14 21 10 20 17 
15 7 22 17 8 19 23 13 -7 -7 8 23 3 22 24 -14 25 12 -14 -20 
0 -11 2 -6 11 -18 -17 -2 -12 23 0 5 23 -4 10 4 12 25 -1 11 
30
1
3 12
16 7
0
0
