20 20
18 1 3 6 -20 12 6 20 6 6 -2 20 4 20 11 15 3 16 15 6 
1 8 19 -16 2 0 -18 20 13 -5 -9 1 4 11 -1 11 20 10 14 7 
-12 12 3 16 0 14 12 5 -16 -13 17 16 9 14 -5 0 19 18 5 10 
-3 18 6 19 20 6 20 -10 -7 18 7 4 11 10 -13 4 2 3 20 16 
12 14 -14 6 -5 -16 -10 19 14 -13 -8 3 -16 4 -9 15 17 19 15 0 
12 8 8 13 18 -20 -2 -3 0 -15 -7 9 2 -5 2 14 -11 3 9 9 
11 -10 3 15 10 1 1 12 14 -9 19 3 -16 2 9 -16 17 1 -16 20 
19 -7 10 4 -6 9 7 6 3 16 0 12 11 -20 -6 9 2 -8 3 2 
4 14 2 -9 3 15 9 -1 2 14 5 17 -5 -11 18 11 7 5 1 6 
18 -15 17 2 11 1 4 -6 20 10 18 -20 3 6 11 18 16 -7 19 19 
19 19 -7 16 18 11 6 3 -20 18 10 20 -6 4 1 11 2 17 -15 18 
6 1 5 7 11 18 -11 -5 17 5 14 2 -1 9 15 3 -9 2 14 4 
2 3 -8 2 9 -6 -20 11 12 0 16 3 6 7 9 -6 4 10 -7 19 
20 -16 1 17 -16 9 2 -16 3 19 -9 14 12 1 1 10 15 3 -10 11 
9 9 3 -11 14 2 -5 2 9 -7 -15 0 -3 -2 -20 18 13 8 8 12 
0 15 19 17 15 -9 4 -16 3 -8 -13 14 19 -10 -16 -5 6 -14 14 12 
16 20 3 2 4 -13 10 11 4 7 18 -7 -10 20 6 20 19 6 18 -3 
10 5 18 19 0 -5 14 9 16 17 -13 -16 5 12 14 0 16 3 12 -12 
7 14 10 20 11 -1 11 4 1 -9 -5 13 20 -18 0 2 -16 19 8 1 
6 15 16 3 15 11 20 4 20 -2 6 6 20 6 12 -20 6 3 1 18 
30
1
0 3
19 16
0
0
