20 20
-9 6 5 -11 -4 14 -9 15 10 0 9 4 15 -9 2 10 11 -9 9 0 
6 11 13 8 15 -9 0 8 -7 11 -1 11 1 11 -12 -8 11 -7 -13 4 
12 8 15 2 9 15 2 6 2 9 1 8 7 0 3 5 12 1 -2 1 
11 -9 12 -13 3 10 -8 1 10 15 5 4 13 -11 9 10 13 2 14 7 
-1 0 3 1 0 2 8 15 -1 8 -11 -14 3 3 -8 6 12 11 9 -14 
4 -15 13 12 7 15 8 5 10 10 10 2 12 8 12 4 11 13 10 11 
8 7 3 -9 -3 4 3 4 13 5 6 -1 10 -1 12 -5 8 -5 -2 -6 
13 12 9 -14 11 4 0 5 -10 -2 -6 12 14 14 10 6 -2 3 2 13 
7 7 15 3 14 14 6 11 15 13 -13 -4 3 9 9 2 1 -6 -5 3 
-9 -11 -5 6 4 6 8 -10 1 13 11 1 -11 -9 10 1 2 15 13 9 
9 13 15 2 1 10 -9 -11 1 11 13 1 -10 8 6 4 6 -5 -11 -9 
3 -5 -6 1 2 9 9 3 -4 -13 13 15 11 6 14 14 3 15 7 7 
13 2 3 -2 6 10 14 14 12 -6 -2 -10 5 0 4 11 -14 9 12 13 
-6 -2 -5 8 -5 12 -1 10 -1 6 5 13 4 3 4 -3 -9 3 7 8 
11 10 13 11 4 12 8 12 2 10 10 10 5 8 15 7 12 13 -15 4 
-14 9 11 12 6 -8 3 3 -14 -11 8 -1 15 8 2 0 1 3 0 -1 
7 14 2 13 10 9 -11 13 4 5 15 10 1 -8 10 3 -13 12 -9 11 
1 -2 1 12 5 3 0 7 8 1 9 2 6 2 15 9 2 15 8 12 
4 -13 -7 11 -8 -12 11 1 11 -1 11 -7 8 0 -9 15 8 13 11 6 
0 9 -9 11 10 2 -9 15 4 9 0 10 15 -9 14 -4 -11 5 6 -9 
30
1
18 8
1 11
0
0
