20 20
17 10 21 19 20 18 5 23 -6 21 6 17 20 2 -12 -16 -8 1 -24 22 
24 23 8 23 25 -20 13 -18 -20 15 -21 1 15 10 10 3 20 13 -25 0 
-1 4 -24 -10 17 21 -24 24 14 22 11 16 -3 13 8 5 -8 24 2 19 
21 -3 2 10 -25 25 -18 9 9 14 10 8 12 15 -10 -24 12 18 15 23 
-21 9 2 3 -19 -22 -12 -24 11 8 12 8 10 15 19 -7 -16 4 22 19 
3 20 12 -14 -11 -10 21 5 6 -18 10 -20 -8 7 14 14 3 -20 -12 -14 
21 22 15 19 25 15 4 15 -14 -16 -20 12 -21 13 1 -12 20 15 19 -16 
18 -4 20 17 15 0 -3 -3 -20 25 0 -10 14 21 5 7 -2 21 -12 -14 
6 -24 19 -23 -16 19 25 11 17 4 22 0 1 4 2 9 17 21 24 1 
-8 11 17 19 -4 24 -21 16 5 20 6 25 17 -24 2 16 24 13 -5 -20 
-20 -5 13 24 16 2 -24 17 25 6 20 5 16 -21 24 -4 19 17 11 -8 
1 24 21 17 9 2 4 1 0 22 4 17 11 25 19 -16 -23 19 -24 6 
-14 -12 21 -2 7 5 21 14 -10 0 25 -20 -3 -3 0 15 17 20 -4 18 
-16 19 15 20 -12 1 13 -21 12 -20 -16 -14 15 4 15 25 19 15 22 21 
-14 -12 -20 3 14 14 7 -8 -20 10 -18 6 5 21 -10 -11 -14 12 20 3 
19 22 4 -16 -7 19 15 10 8 12 8 11 -24 -12 -22 -19 3 2 9 -21 
23 15 18 12 -24 -10 15 12 8 10 14 9 9 -18 25 -25 10 2 -3 21 
19 2 24 -8 5 8 13 -3 16 11 22 14 24 -24 21 17 -10 -24 4 -1 
0 -25 13 20 3 10 10 15 1 -21 15 -20 -18 13 -20 25 23 8 23 24 
22 -24 1 -8 -16 -12 2 20 17 6 21 -6 23 5 18 20 19 21 10 17 
30
1
17 0
2 19
0
0
