20 20
3 -5 3 3 16 14 11 6 -7 -11 13 15 11 2 13 -12 7 6 17 11 
1 4 7 9 6 14 17 -13 5 11 -13 -6 12 13 12 15 -15 -5 8 -17 
9 4 9 6 5 -17 -9 15 11 0 6 16 4 17 2 6 -2 0 5 7 
0 2 13 9 0 -14 8 15 8 -16 4 1 -11 13 3 13 -7 9 17 -8 
8 14 14 1 15 3 1 3 1 10 10 3 13 11 7 -1 4 8 6 -5 
5 12 14 3 5 -6 -4 15 16 9 4 3 16 13 -3 9 14 -4 15 16 
2 15 4 8 3 4 6 -10 10 0 5 -5 15 4 10 1 10 14 8 -4 
-9 3 -5 -2 10 15 -11 11 16 1 7 13 9 15 -14 6 4 3 1 5 
-16 3 6 12 -8 -15 13 10 9 6 11 11 4 2 -8 14 15 1 10 11 
-7 11 7 -5 -14 -3 -14 7 12 9 -6 17 7 10 10 1 14 12 7 10 
10 7 12 14 1 10 10 7 17 -6 9 12 7 -14 -3 -14 -5 7 11 -7 
11 10 1 15 14 -8 2 4 11 11 6 9 10 13 -15 -8 12 6 3 -16 
5 1 3 4 6 -14 15 9 13 7 1 16 11 -11 15 10 -2 -5 3 -9 
-4 8 14 10 1 10 4 15 -5 5 0 10 -10 6 4 3 8 4 15 2 
16 15 -4 14 9 -3 13 16 3 4 9 16 15 -4 -6 5 3 14 12 5 
-5 6 8 4 -1 7 11 13 3 10 10 1 3 1 3 15 1 14 14 8 
-8 17 9 -7 13 3 13 -11 1 4 -16 8 15 8 -14 0 9 13 2 0 
7 5 0 -2 6 2 17 4 16 6 0 11 15 -9 -17 5 6 9 4 9 
-17 8 -5 -15 15 12 13 12 -6 -13 11 5 -13 17 14 6 9 7 4 1 
11 17 6 7 -12 13 2 11 15 13 -11 -7 6 11 14 16 3 3 -5 3 
30
1
7 4
12 15
0
0
