20 20
20 20 -9 3 9 21 7 23 22 19 -10 5 14 -10 4 6 15 2 -18 15 
-9 -11 15 21 8 18 14 -16 -19 -23 20 16 16 6 0 -15 -14 6 3 5 
2 19 15 18 7 11 16 23 23 21 11 5 -14 11 20 2 15 13 12 -2 
8 15 17 19 24 8 12 14 11 -7 10 1 11 10 5 -10 12 13 -2 18 
11 15 8 -13 -15 13 -21 11 10 4 1 6 -8 3 2 -9 16 3 -20 -9 
-4 8 11 16 9 -18 4 9 19 4 17 15 22 18 3 -11 5 21 6 13 
-12 11 21 1 13 13 17 13 14 5 1 -7 18 11 15 0 15 23 -8 9 
11 15 8 5 11 17 0 -14 9 16 4 4 0 -24 12 21 0 17 5 6 
17 22 -13 -12 14 23 -16 19 -8 -15 13 -12 8 2 -5 22 18 -17 24 -3 
15 3 6 20 7 13 -7 15 2 11 4 -3 -21 14 14 -23 -11 6 22 10 
10 22 6 -11 -23 14 14 -21 -3 4 11 2 15 -7 13 7 20 6 3 15 
-3 24 -17 18 22 -5 2 8 -12 13 -15 -8 19 -16 23 14 -12 -13 22 17 
6 5 17 0 21 12 -24 0 4 4 16 9 -14 0 17 11 5 8 15 11 
9 -8 23 15 0 15 11 18 -7 1 5 14 13 17 13 13 1 21 11 -12 
13 6 21 5 -11 3 18 22 15 17 4 19 9 4 -18 9 16 11 8 -4 
-9 -20 3 16 -9 2 3 -8 6 1 4 10 11 -21 13 -15 -13 8 15 11 
18 -2 13 12 -10 5 10 11 1 10 -7 11 14 12 8 24 19 17 15 8 
-2 12 13 15 2 20 11 -14 5 11 21 23 23 16 11 7 18 15 19 2 
5 3 6 -14 -15 0 6 16 16 20 -23 -19 -16 14 18 8 21 15 -11 -9 
15 -18 2 15 6 4 -10 14 5 -10 19 22 23 7 21 9 3 -9 20 20 
30
1
18 3
1 16
0
0
