20 20
-17 -25 15 -2 -3 -20 3 27 6 -28 26 -24 2 23 -3 1 4 -26 -8 5 
-10 -11 7 18 1 8 1 -9 10 7 4 20 5 -13 25 16 -26 -19 10 0 
19 18 -23 19 15 16 21 -15 9 0 27 21 22 20 5 8 17 26 23 26 
9 14 27 23 3 -14 3 21 22 8 4 6 -10 -9 0 8 -24 1 1 18 
-13 26 1 3 14 18 -24 13 10 -9 4 8 -1 12 7 10 -28 -17 -8 27 
-13 10 -5 14 26 28 23 3 22 16 18 18 -16 -11 10 28 5 17 -19 11 
-8 28 24 28 -21 10 -3 22 -27 14 4 -25 -20 5 19 4 20 22 -17 2 
18 2 -7 4 5 22 16 3 3 28 10 27 16 -18 2 7 8 1 24 6 
26 -11 -12 7 10 17 16 13 13 -25 24 7 6 23 3 0 -23 8 5 -14 
-9 17 -25 -3 5 17 -5 1 0 0 5 22 1 -15 9 -27 22 24 -26 24 
24 -26 24 22 -27 9 -15 1 22 5 0 0 1 -5 17 5 -3 -25 17 -9 
-14 5 8 -23 0 3 23 6 7 24 -25 13 13 16 17 10 7 -12 -11 26 
6 24 1 8 7 2 -18 16 27 10 28 3 3 16 22 5 4 -7 2 18 
2 -17 22 20 4 19 5 -20 -25 4 14 -27 22 -3 10 -21 28 24 28 -8 
11 -19 17 5 28 10 -11 -16 18 18 16 22 3 23 28 26 14 -5 10 -13 
27 -8 -17 -28 10 7 12 -1 8 4 -9 10 13 -24 18 14 3 1 26 -13 
18 1 1 -24 8 0 -9 -10 6 4 8 22 21 3 -14 3 23 27 14 9 
26 23 26 17 8 5 20 22 21 27 0 9 -15 21 16 15 19 -23 18 19 
0 10 -19 -26 16 25 -13 5 20 4 7 10 -9 1 8 1 18 7 -11 -10 
5 -8 -26 4 1 -3 23 2 -24 26 -28 6 27 3 -20 -3 -2 15 -25 -17 
30
1
5 15
14 4
0
0
