20 20
-2 -15 -15 10 11 9 2 -4 2 12 3 12 5 3 6 -10 10 -11 9 -1 
11 10 12 8 7 4 4 -3 0 -1 1 6 -3 4 -3 -13 0 3 5 12 
15 -11 -1 13 4 5 -11 6 12 10 5 -11 9 -4 0 2 8 1 0 -4 
1 9 13 -7 -9 9 5 8 4 9 -15 -10 15 -6 -14 10 11 -12 -8 3 
-14 0 14 9 -3 8 9 15 -9 1 11 3 4 -5 5 0 -15 5 5 -9 
2 -2 -8 -10 13 3 3 9 9 13 -1 -8 7 2 2 0 5 7 -15 4 
-10 9 8 9 6 -9 7 3 3 2 -2 4 4 1 2 10 12 0 -15 3 
11 -14 -8 0 13 -6 4 8 -7 15 8 -3 5 14 3 -1 7 6 -11 8 
10 12 1 -10 11 6 13 14 3 12 10 8 8 15 5 10 2 -10 0 14 
-9 6 5 1 4 4 14 0 -11 6 14 8 2 5 -7 7 2 15 4 10 
10 4 15 2 7 -7 5 2 8 14 6 -11 0 14 4 4 1 5 6 -9 
14 0 -10 2 10 5 15 8 8 10 12 3 14 13 6 11 -10 1 12 10 
8 -11 6 7 -1 3 14 5 -3 8 15 -7 8 4 -6 13 0 -8 -14 11 
3 -15 0 12 10 2 1 4 4 -2 2 3 3 7 -9 6 9 8 9 -10 
4 -15 7 5 0 2 2 7 -8 -1 13 9 9 3 3 13 -10 -8 -2 2 
-9 5 5 -15 0 5 -5 4 3 11 1 -9 15 9 8 -3 9 14 0 -14 
3 -8 -12 11 10 -14 -6 15 -10 -15 9 4 8 5 9 -9 -7 13 9 1 
-4 0 1 8 2 0 -4 9 -11 5 10 12 6 -11 5 4 13 -1 -11 15 
12 5 3 0 -13 -3 4 -3 6 1 -1 0 -3 4 4 7 8 12 10 11 
-1 9 -11 10 -10 6 3 5 12 3 12 2 -4 2 9 11 10 -15 -15 -2 
30
1
5 2
14 17
0
0
