20 20
15 13 -10 -2 4 3 15 -15 -11 9 -11 2 -13 16 7 -1 13 5 10 5 
-2 10 5 7 2 12 5 2 11 -3 9 15 -6 12 16 14 -2 1 -4 15 
-6 2 12 2 13 -13 8 -8 9 1 6 5 5 8 13 6 16 7 8 6 
-10 11 3 1 -8 14 5 -1 16 14 -7 -11 -8 -15 11 10 8 14 15 -10 
7 -13 -11 7 14 11 -3 14 5 9 13 -8 9 -16 -13 -12 5 8 1 16 
-8 10 -8 6 -3 9 11 -1 11 -6 -13 1 14 15 15 11 13 16 7 -14 
5 1 1 7 6 9 -10 11 16 -3 2 4 16 3 -16 15 15 -13 11 16 
2 8 -16 9 13 -16 0 13 -16 3 5 15 -11 5 10 -11 -15 -10 15 8 
8 -2 5 10 -3 3 11 7 4 -3 -13 5 -10 14 -16 14 -5 16 -9 9 
13 -8 -12 13 6 2 6 9 5 6 -6 12 -9 6 5 12 5 5 7 10 
10 7 5 5 12 5 6 -9 12 -6 6 5 9 6 2 6 13 -12 -8 13 
9 -9 16 -5 14 -16 14 -10 5 -13 -3 4 7 11 3 -3 10 5 -2 8 
8 15 -10 -15 -11 10 5 -11 15 5 3 -16 13 0 -16 13 9 -16 8 2 
16 11 -13 15 15 -16 3 16 4 2 -3 16 11 -10 9 6 7 1 1 5 
-14 7 16 13 11 15 15 14 1 -13 -6 11 -1 11 9 -3 6 -8 10 -8 
16 1 8 5 -12 -13 -16 9 -8 13 9 5 14 -3 11 14 7 -11 -13 7 
-10 15 14 8 10 11 -15 -8 -11 -7 14 16 -1 5 14 -8 1 3 11 -10 
6 8 7 16 6 13 8 5 5 6 1 9 -8 8 -13 13 2 12 2 -6 
15 -4 1 -2 14 16 12 -6 15 9 -3 11 2 5 12 2 7 5 10 -2 
5 10 5 13 -1 7 16 -13 2 -11 9 -11 -15 15 3 4 -2 -10 13 15 
30
1
16 0
3 19
0
0
