20 20
18 8 -8 3 -12 1 2 14 4 11 14 13 -1 5 -10 6 5 8 3 10 
10 11 6 12 -4 0 14 3 7 1 7 6 14 -8 5 13 13 -18 11 2 
5 14 -2 -15 4 13 16 -12 10 0 -8 -4 -12 18 8 8 13 2 1 1 
5 15 13 15 -2 13 5 7 -12 8 6 8 5 -10 16 -2 9 16 -3 18 
7 14 1 8 -14 5 13 7 7 4 3 10 16 3 17 14 10 1 -7 12 
-5 6 18 -16 -10 17 -11 -2 11 6 14 -5 -11 15 8 17 12 6 -3 6 
2 1 4 -2 8 2 -3 -17 12 -3 -8 1 -7 -10 4 0 8 8 -6 2 
1 8 18 15 2 0 7 -2 12 8 13 8 10 6 13 -6 13 3 -3 5 
16 -3 14 -17 3 12 13 17 11 7 18 17 15 4 -7 7 -2 -9 -15 14 
-4 -16 2 14 4 11 15 7 12 3 15 15 1 12 14 -5 5 -13 9 -5 
-5 9 -13 5 -5 14 12 1 15 15 3 12 7 15 11 4 14 2 -16 -4 
14 -15 -9 -2 7 -7 4 15 17 18 7 11 17 13 12 3 -17 14 -3 16 
5 -3 3 13 -6 13 6 10 8 13 8 12 -2 7 0 2 15 18 8 1 
2 -6 8 8 0 4 -10 -7 1 -8 -3 12 -17 -3 2 8 -2 4 1 2 
6 -3 6 12 17 8 15 -11 -5 14 6 11 -2 -11 17 -10 -16 18 6 -5 
12 -7 1 10 14 17 3 16 10 3 4 7 7 13 5 -14 8 1 14 7 
18 -3 16 9 -2 16 -10 5 8 6 8 -12 7 5 13 -2 15 13 15 5 
1 1 2 13 8 8 18 -12 -4 -8 0 10 -12 16 13 4 -15 -2 14 5 
2 11 -18 13 13 5 -8 14 6 7 1 7 3 14 0 -4 12 6 11 10 
10 3 8 5 6 -10 5 -1 13 14 11 4 14 2 1 -12 3 -8 8 18 
30
1
15 12
4 7
0
0
