20 20
2 -9 12 27 14 10 -6 14 2 25 15 -21 11 11 -22 12 -8 14 0 11 
9 22 -26 27 10 15 0 26 -15 21 14 28 27 5 -13 15 25 28 24 8 
15 3 2 9 24 17 5 15 25 23 13 29 29 13 2 18 29 11 -19 7 
-16 -9 -2 26 15 7 -11 10 -14 21 -19 4 19 3 -15 5 -29 -10 -29 -8 
1 20 26 -3 11 -15 13 3 19 25 13 15 23 21 5 -4 4 9 4 -29 
2 25 14 -10 -23 23 -15 -16 19 9 19 14 -27 23 7 23 -28 2 20 28 
1 -27 5 -28 26 7 -26 19 23 -7 23 13 22 -21 6 -12 0 7 -3 2 
5 13 -21 27 11 9 -28 2 -6 11 6 27 10 20 29 6 26 12 14 2 
-24 18 17 1 -1 28 21 -14 14 11 29 22 27 6 -22 25 29 5 11 5 
-26 29 23 24 27 -16 28 22 -29 7 -9 0 19 13 28 29 25 29 12 2 
2 12 29 25 29 28 13 19 0 -9 7 -29 22 28 -16 27 24 23 29 -26 
5 11 5 29 25 -22 6 27 22 29 11 14 -14 21 28 -1 1 17 18 -24 
2 14 12 26 6 29 20 10 27 6 11 -6 2 -28 9 11 27 -21 13 5 
2 -3 7 0 -12 6 -21 22 13 23 -7 23 19 -26 7 26 -28 5 -27 1 
28 20 2 -28 23 7 23 -27 14 19 9 19 -16 -15 23 -23 -10 14 25 2 
-29 4 9 4 -4 5 21 23 15 13 25 19 3 13 -15 11 -3 26 20 1 
-8 -29 -10 -29 5 -15 3 19 4 -19 21 -14 10 -11 7 15 26 -2 -9 -16 
7 -19 11 29 18 2 13 29 29 13 23 25 15 5 17 24 9 2 3 15 
8 24 28 25 15 -13 5 27 28 14 21 -15 26 0 15 10 27 -26 22 9 
11 0 14 -8 12 -22 11 11 -21 15 25 2 14 -6 10 14 27 12 -9 2 
30
1
11 17
8 2
0
0
