20 20
-7 18 8 -2 19 4 17 7 -15 -2 11 -19 22 18 26 -28 -20 3 -29 26 
16 10 -11 19 12 11 -27 -8 -7 -23 26 0 6 -25 22 24 12 12 -17 -7 
29 25 14 -18 27 8 5 24 15 24 -6 19 21 10 4 2 7 5 0 23 
20 12 20 4 13 -9 19 -22 0 5 -12 27 29 -26 -27 10 -17 30 6 24 
23 17 -30 21 -14 -14 14 26 -7 -21 -24 17 22 6 1 20 0 25 -28 8 
18 2 30 -13 -12 20 1 -25 16 5 5 7 -25 11 -5 14 24 13 30 -3 
-1 7 19 5 2 20 6 9 -21 21 28 25 10 30 -8 4 8 26 -10 25 
-8 -30 0 13 2 -25 26 13 25 29 8 -2 9 9 13 4 9 27 18 7 
28 26 24 -15 10 -20 12 -22 1 -24 16 -22 -20 15 -20 -18 12 -3 -18 15 
5 -30 14 8 21 10 16 15 9 2 -9 28 -22 23 26 22 30 30 -14 -10 
-10 -14 30 30 22 26 23 -22 28 -9 2 9 15 16 10 21 8 14 -30 5 
15 -18 -3 12 -18 -20 15 -20 -22 16 -24 1 -22 12 -20 10 -15 24 26 28 
7 18 27 9 4 13 9 9 -2 8 29 25 13 26 -25 2 13 0 -30 -8 
25 -10 26 8 4 -8 30 10 25 28 21 -21 9 6 20 2 5 19 7 -1 
-3 30 13 24 14 -5 11 -25 7 5 5 16 -25 1 20 -12 -13 30 2 18 
8 -28 25 0 20 1 6 22 17 -24 -21 -7 26 14 -14 -14 21 -30 17 23 
24 6 30 -17 10 -27 -26 29 27 -12 5 0 -22 19 -9 13 4 20 12 20 
23 0 5 7 2 4 10 21 19 -6 24 15 24 5 8 27 -18 14 25 29 
-7 -17 12 12 24 22 -25 6 0 26 -23 -7 -8 -27 11 12 19 -11 10 16 
26 -29 3 -20 -28 26 18 22 -19 11 -2 -15 7 17 4 19 -2 8 18 -7 
30
1
3 14
16 5
0
0
