20 20
13 -6 -2 5 11 9 13 2 2 9 -12 5 0 -6 -3 6 7 -5 9 6 
4 13 9 12 -5 15 7 0 11 15 6 4 12 -2 7 1 -7 11 -7 1 
6 2 4 15 0 5 7 10 -15 3 8 3 8 3 4 12 -13 5 4 8 
2 10 12 -3 15 15 14 -6 7 8 13 9 12 11 7 9 15 15 3 9 
13 15 6 12 2 4 9 1 7 4 1 14 -11 8 12 9 12 4 1 2 
-12 11 4 -15 8 12 6 -7 11 12 5 3 3 6 12 12 11 11 15 13 
3 9 14 2 -1 12 3 -8 5 9 -15 14 3 12 12 -7 -13 -12 -7 -7 
-3 4 12 -7 -8 9 1 -3 4 -3 -3 11 -11 6 1 14 11 13 -8 5 
11 10 6 2 3 11 7 -2 12 1 9 4 4 8 -15 5 2 9 -5 3 
-6 12 7 4 1 -5 15 -1 7 -14 14 -3 10 14 15 -7 8 2 8 12 
12 8 2 8 -7 15 14 10 -3 14 -14 7 -1 15 -5 1 4 7 12 -6 
3 -5 9 2 5 -15 8 4 4 9 1 12 -2 7 11 3 2 6 10 11 
5 -8 13 11 14 1 6 -11 11 -3 -3 4 -3 1 9 -8 -7 12 4 -3 
-7 -7 -12 -13 -7 12 12 3 14 -15 9 5 -8 3 12 -1 2 14 9 3 
13 15 11 11 12 12 6 3 3 5 12 11 -7 6 12 8 -15 4 11 -12 
2 1 4 12 9 12 8 -11 14 1 4 7 1 9 4 2 12 6 15 13 
9 3 15 15 9 7 11 12 9 13 8 7 -6 14 15 15 -3 12 10 2 
8 4 5 -13 12 4 3 8 3 8 3 -15 10 7 5 0 15 4 2 6 
1 -7 11 -7 1 7 -2 12 4 6 15 11 0 7 15 -5 12 9 13 4 
6 9 -5 7 6 -3 -6 0 5 -12 9 2 2 13 9 11 5 -2 -6 13 
30
1
6 8
13 11
0
0
