20 20
16 20 19 -5 6 18 5 20 8 3 -16 21 3 19 1 -16 19 -2 6 -5 
4 -9 -11 -1 20 4 -16 9 2 0 3 6 -5 -6 2 25 20 7 21 16 
-25 7 10 3 12 24 21 2 15 -20 6 10 23 20 -13 12 3 10 14 -21 
14 2 13 -5 9 -13 14 2 10 25 14 5 21 15 6 -18 4 11 19 0 
9 -10 17 15 -11 19 6 -1 -4 7 1 -10 -20 -6 1 10 21 10 23 -3 
14 16 16 4 21 -21 22 17 19 -24 -15 5 22 8 14 9 -2 -24 15 -5 
-17 -21 8 16 -2 5 10 14 6 12 -15 9 -23 22 8 7 -21 4 21 9 
22 3 -24 11 14 17 24 12 17 1 6 19 14 -15 22 9 22 15 14 8 
10 6 2 0 13 -19 8 -22 10 -13 15 17 15 -14 18 15 -23 -13 -1 19 
12 0 9 6 -20 12 25 16 13 18 6 9 8 1 11 14 18 11 22 14 
14 22 11 18 14 11 1 8 9 6 18 13 16 25 12 -20 6 9 0 12 
19 -1 -13 -23 15 18 -14 15 17 15 -13 10 -22 8 -19 13 0 2 6 10 
8 14 15 22 9 22 -15 14 19 6 1 17 12 24 17 14 11 -24 3 22 
9 21 4 -21 7 8 22 -23 9 -15 12 6 14 10 5 -2 16 8 -21 -17 
-5 15 -24 -2 9 14 8 22 5 -15 -24 19 17 22 -21 21 4 16 16 14 
-3 23 10 21 10 1 -6 -20 -10 1 7 -4 -1 6 19 -11 15 17 -10 9 
0 19 11 4 -18 6 15 21 5 14 25 10 2 14 -13 9 -5 13 2 14 
-21 14 10 3 12 -13 20 23 10 6 -20 15 2 21 24 12 3 10 7 -25 
16 21 7 20 25 2 -6 -5 6 3 0 2 9 -16 4 20 -1 -11 -9 4 
-5 6 -2 19 -16 1 19 3 21 -16 3 8 20 5 18 6 -5 19 20 16 
30
1
15 12
4 7
0
0
