20 20
8 -11 -12 18 6 29 -8 21 14 14 10 16 22 -29 18 21 -24 19 -6 -8 
-14 14 1 -13 20 15 26 16 3 15 4 -18 15 -1 7 -1 1 -7 8 28 
15 28 -12 26 -5 2 4 -8 22 -23 2 5 23 21 -29 22 16 21 -17 7 
12 -25 -26 -17 -14 29 -12 28 4 -13 7 16 25 6 20 10 8 25 -11 -3 
25 10 5 -6 8 25 -21 21 12 1 13 15 9 18 6 18 18 -15 19 21 
-29 14 29 14 19 27 -22 2 21 20 13 4 15 27 16 -5 -15 15 2 20 
5 2 18 -26 -12 11 28 -7 22 -13 28 -18 1 15 -11 16 27 0 10 22 
28 2 3 22 15 13 19 -25 24 21 -6 16 7 -27 -28 28 18 17 -14 26 
21 5 24 26 0 -19 -14 -2 24 19 -2 -17 26 19 8 24 11 30 19 -7 
8 8 7 7 23 -12 -22 5 16 2 -5 -19 17 16 15 13 30 -30 20 15 
15 20 -30 30 13 15 16 17 -19 -5 2 16 5 -22 -12 23 7 7 8 8 
-7 19 30 11 24 8 19 26 -17 -2 19 24 -2 -14 -19 0 26 24 5 21 
26 -14 17 18 28 -28 -27 7 16 -6 21 24 -25 19 13 15 22 3 2 28 
22 10 0 27 16 -11 15 1 -18 28 -13 22 -7 28 11 -12 -26 18 2 5 
20 2 15 -15 -5 16 27 15 4 13 20 21 2 -22 27 19 14 29 14 -29 
21 19 -15 18 18 6 18 9 15 13 1 12 21 -21 25 8 -6 5 10 25 
-3 -11 25 8 10 20 6 25 16 7 -13 4 28 -12 29 -14 -17 -26 -25 12 
7 -17 21 16 22 -29 21 23 5 2 -23 22 -8 4 2 -5 26 -12 28 15 
28 8 -7 1 -1 7 -1 15 -18 4 15 3 16 26 15 20 -13 1 14 -14 
-8 -6 19 -24 21 18 -29 22 16 10 14 14 21 -8 29 6 18 -12 -11 8 
30
1
16 17
3 2
0
0
