20 20
2 9 -3 12 5 10 -7 5 0 12 4 3 12 10 6 6 -2 -6 8 10 
1 -9 5 -1 7 -3 -7 2 7 7 9 6 4 -7 0 10 10 3 4 12 
-3 -9 1 5 5 9 1 -7 -1 1 -1 2 4 6 5 -7 8 5 3 4 
8 6 3 2 9 12 8 10 3 1 9 10 1 12 2 -4 8 -8 -4 9 
8 7 1 11 5 5 2 -7 4 8 -3 1 -11 9 1 2 2 0 11 -12 
10 4 1 3 -2 -5 8 2 11 2 4 -8 3 6 4 1 11 3 5 -9 
-12 4 1 9 5 1 11 10 12 11 -7 -1 2 0 12 -6 -6 1 -6 -10 
-7 1 -4 12 4 9 3 11 7 -5 -10 0 10 -5 8 7 8 1 -9 5 
-11 1 11 7 -12 2 -10 -7 0 3 8 3 8 0 -7 7 7 2 3 10 
4 12 -4 0 -3 1 6 9 10 -2 9 9 8 9 9 11 0 -8 -2 11 
11 -2 -8 0 11 9 9 8 9 9 -2 10 9 6 1 -3 0 -4 12 4 
10 3 2 7 7 -7 0 8 3 8 3 0 -7 -10 2 -12 7 11 1 -11 
5 -9 1 8 7 8 -5 10 0 -10 -5 7 11 3 9 4 12 -4 1 -7 
-10 -6 1 -6 -6 12 0 2 -1 -7 11 12 10 11 1 5 9 1 4 -12 
-9 5 3 11 1 4 6 3 -8 4 2 11 2 8 -5 -2 3 1 4 10 
-12 11 0 2 2 1 9 -11 1 -3 8 4 -7 2 5 5 11 1 7 8 
9 -4 -8 8 -4 2 12 1 10 9 1 3 10 8 12 9 2 3 6 8 
4 3 5 8 -7 5 6 4 2 -1 1 -1 -7 1 9 5 5 1 -9 -3 
12 4 3 10 10 0 -7 4 6 9 7 7 2 -7 -3 7 -1 5 -9 1 
10 8 -6 -2 6 6 10 12 3 4 12 0 5 -7 10 5 12 -3 9 2 
30
1
17 6
2 13
0
0
