20 20
-1 -12 -3 9 5 6 12 5 13 8 -6 8 -11 18 -11 -15 2 6 14 7 
-3 -1 0 2 9 -11 3 5 -18 0 10 4 0 -17 18 -13 3 3 12 9 
12 18 13 2 13 -12 10 -11 -6 11 2 -5 -16 2 13 18 -16 -1 3 -9 
15 3 1 3 14 2 3 2 6 2 1 13 -10 16 17 6 -11 5 -13 7 
18 -12 3 3 12 -9 8 16 1 7 -6 16 -17 8 6 2 3 15 -14 -18 
-1 17 2 10 15 18 7 0 14 5 1 -6 8 8 5 9 7 10 -2 17 
7 13 -9 5 -10 9 -1 -10 14 8 10 14 15 10 1 4 -2 17 -15 5 
-3 3 0 8 6 17 1 -15 -18 2 -11 -11 -17 -3 -3 -14 0 6 9 13 
4 7 -7 14 14 3 18 9 8 -16 -2 14 6 17 3 18 0 7 13 6 
-16 11 14 -13 -2 -3 -14 2 14 10 -17 3 -3 14 -12 18 18 -1 -5 3 
3 -5 -1 18 18 -12 14 -3 3 -17 10 14 2 -14 -3 -2 -13 14 11 -16 
6 13 7 0 18 3 17 6 14 -2 -16 8 9 18 3 14 14 -7 7 4 
13 9 6 0 -14 -3 -3 -17 -11 -11 2 -18 -15 1 17 6 8 0 3 -3 
5 -15 17 -2 4 1 10 15 14 10 8 14 -10 -1 9 -10 5 -9 13 7 
17 -2 10 7 9 5 8 8 -6 1 5 14 0 7 18 15 10 2 17 -1 
-18 -14 15 3 2 6 8 -17 16 -6 7 1 16 8 -9 12 3 3 -12 18 
7 -13 5 -11 6 17 16 -10 13 1 2 6 2 3 2 14 3 1 3 15 
-9 3 -1 -16 18 13 2 -16 -5 2 11 -6 -11 10 -12 13 2 13 18 12 
9 12 3 3 -13 18 -17 0 4 10 0 -18 5 3 -11 9 2 0 -1 -3 
7 14 6 2 -15 -11 18 -11 8 -6 8 13 5 12 6 5 9 -3 -12 -1 
30
1
19 17
0 2
0
0
