20 20
3 4 5 22 21 3 5 -11 12 -6 20 -20 11 0 18 13 4 -4 -12 12 
-13 1 -7 14 -3 22 11 7 11 22 -6 20 20 10 4 21 22 18 -5 3 
13 -22 -8 17 -4 17 13 18 3 23 12 5 9 22 -10 12 13 13 18 18 
14 8 15 7 -9 -23 3 11 -4 -5 13 -2 4 22 10 -14 12 -1 -14 10 
14 6 20 4 3 21 6 22 11 -1 -1 -19 12 -12 -22 1 -6 -10 21 19 
-2 21 11 17 -3 0 -4 7 23 9 -19 -5 -9 19 7 14 20 3 14 21 
11 4 -22 6 22 -14 9 -18 17 1 11 -8 -19 -14 12 22 17 16 7 -17 
17 -21 10 1 5 16 1 -1 23 5 22 0 12 -10 15 -16 5 8 5 21 
10 22 12 22 13 21 7 13 0 10 20 -11 -4 -12 5 13 -16 -23 3 0 
21 -9 2 -11 -21 -20 17 -6 18 0 -2 11 -15 2 19 15 16 20 0 -16 
-16 0 20 16 15 19 2 -15 11 -2 0 18 -6 17 -20 -21 -11 2 -9 21 
0 3 -23 -16 13 5 -12 -4 -11 20 10 0 13 7 21 13 22 12 22 10 
21 5 8 5 -16 15 -10 12 0 22 5 23 -1 1 16 5 1 10 -21 17 
-17 7 16 17 22 12 -14 -19 -8 11 1 17 -18 9 -14 22 6 -22 4 11 
21 14 3 20 14 7 19 -9 -5 -19 9 23 7 -4 0 -3 17 11 21 -2 
19 21 -10 -6 1 -22 -12 12 -19 -1 -1 11 22 6 21 3 4 20 6 14 
10 -14 -1 12 -14 10 22 4 -2 13 -5 -4 11 3 -23 -9 7 15 8 14 
18 18 13 13 12 -10 22 9 5 12 23 3 18 13 17 -4 17 -8 -22 13 
3 -5 18 22 21 4 10 20 20 -6 22 11 7 11 22 -3 14 -7 1 -13 
12 -12 -4 4 13 18 0 11 -20 20 -6 12 -11 5 3 21 22 5 4 3 
30
1
10 19
9 0
0
0
