20 20
3 -1 -17 -10 -5 14 13 13 -21 10 7 2 2 20 13 16 6 8 20 5 
14 0 -8 -2 -19 5 -1 14 21 1 -1 16 11 17 1 21 13 18 -21 -21 
21 0 20 12 17 14 -3 -21 -14 3 19 1 15 8 1 5 14 18 20 -1 
-3 14 17 7 15 -11 -10 -15 14 3 4 19 10 3 14 12 20 -14 -14 19 
8 3 7 10 17 -3 2 18 -17 17 20 20 0 19 -20 8 18 1 16 -1 
14 13 -13 20 -20 -3 6 3 17 5 5 8 15 18 5 15 -4 18 -16 14 
-20 9 -7 16 -13 20 -11 -7 12 7 18 4 21 -18 6 14 4 -7 -12 20 
7 6 17 -3 16 21 6 9 16 15 12 -19 -17 14 6 3 6 10 18 10 
4 -12 13 14 13 -21 -18 8 2 13 8 21 13 5 4 14 21 8 10 0 
4 -9 5 6 3 5 -15 -21 0 6 14 13 -2 -2 5 0 -16 0 6 -14 
-14 6 0 -16 0 5 -2 -2 13 14 6 0 -21 -15 5 3 6 5 -9 4 
0 10 8 21 14 4 5 13 21 8 13 2 8 -18 -21 13 14 13 -12 4 
10 18 10 6 3 6 14 -17 -19 12 15 16 9 6 21 16 -3 17 6 7 
20 -12 -7 4 14 6 -18 21 4 18 7 12 -7 -11 20 -13 16 -7 9 -20 
14 -16 18 -4 15 5 18 15 8 5 5 17 3 6 -3 -20 20 -13 13 14 
-1 16 1 18 8 -20 19 0 20 20 17 -17 18 2 -3 17 10 7 3 8 
19 -14 -14 20 12 14 3 10 19 4 3 14 -15 -10 -11 15 7 17 14 -3 
-1 20 18 14 5 1 8 15 1 19 3 -14 -21 -3 14 17 12 20 0 21 
-21 -21 18 13 21 1 17 11 16 -1 1 21 14 -1 5 -19 -2 -8 0 14 
5 20 8 6 16 13 20 2 2 7 10 -21 13 13 14 -5 -10 -17 -1 3 
30
1
18 3
1 16
0
0
