20 20
-2 -10 6 3 7 8 1 9 9 -2 -13 8 1 11 11 -2 6 3 11 13 
2 11 0 8 1 7 5 10 5 1 2 8 6 7 6 6 -10 6 -6 8 
3 8 0 -1 6 3 6 -8 5 9 3 2 10 5 9 10 10 7 7 11 
-9 -4 11 -1 9 7 8 3 6 2 -1 -7 1 9 5 8 -13 -3 7 7 
10 -6 -6 3 10 4 2 7 -6 1 6 8 4 7 -3 8 -3 7 3 4 
-2 1 9 2 -6 2 6 8 7 1 -8 9 7 4 -11 1 -3 -9 2 -4 
12 3 11 9 10 6 2 -4 7 13 -8 1 10 -1 0 7 5 2 -6 -4 
-8 9 7 9 3 11 -3 -10 13 6 -2 12 -4 2 -5 1 0 -8 7 3 
12 -9 -11 5 10 7 -10 7 6 8 10 -7 9 9 13 9 12 -9 5 7 
4 6 -4 12 -7 -2 2 12 -12 9 10 10 8 11 6 0 9 -13 9 7 
7 9 -13 9 0 6 11 8 10 10 9 -12 12 2 -2 -7 12 -4 6 4 
7 5 -9 12 9 13 9 9 -7 10 8 6 7 -10 7 10 5 -11 -9 12 
3 7 -8 0 1 -5 2 -4 12 -2 6 13 -10 -3 11 3 9 7 9 -8 
-4 -6 2 5 7 0 -1 10 1 -8 13 7 -4 2 6 10 9 11 3 12 
-4 2 -9 -3 1 -11 4 7 9 -8 1 7 8 6 2 -6 2 9 1 -2 
4 3 7 -3 8 -3 7 4 8 6 1 -6 7 2 4 10 3 -6 -6 10 
7 7 -3 -13 8 5 9 1 -7 -1 2 6 3 8 7 9 -1 11 -4 -9 
11 7 7 10 10 9 5 10 2 3 9 5 -8 6 3 6 -1 0 8 3 
8 -6 6 -10 6 6 7 6 8 2 1 5 10 5 7 1 8 0 11 2 
13 11 3 6 -2 11 11 1 8 -13 -2 9 9 1 8 7 3 6 -10 -2 
30
1
18 19
1 0
0
0
