20 20
-7 -5 15 -11 17 -1 15 -7 14 0 3 -3 14 1 7 15 16 -16 7 -4 
13 -2 13 -7 1 -4 2 16 5 4 14 -15 11 11 10 -10 15 4 0 17 
2 1 1 8 14 17 3 -8 16 -10 -1 -9 13 1 -10 5 2 8 5 4 
5 6 12 -11 12 11 17 -3 16 6 3 -17 -2 17 16 10 -1 10 0 0 
7 -10 -12 -13 16 -8 17 -13 -9 -12 16 3 8 10 17 1 17 0 3 12 
2 0 12 4 15 0 1 13 1 4 -17 8 -6 11 4 -18 2 17 -15 -4 
3 3 1 1 6 -11 13 17 -1 15 8 12 12 8 12 -16 -16 9 -11 1 
5 -1 -1 4 6 14 10 7 7 -3 13 -12 9 6 11 -14 7 15 18 5 
3 7 8 4 5 12 18 5 17 8 -3 -1 1 -11 17 -16 10 -3 15 11 
-17 4 -13 12 -12 2 3 -3 15 14 17 9 12 6 5 4 14 4 16 17 
17 16 4 14 4 5 6 12 9 17 14 15 -3 3 2 -12 12 -13 4 -17 
11 15 -3 10 -16 17 -11 1 -1 -3 8 17 5 18 12 5 4 8 7 3 
5 18 15 7 -14 11 6 9 -12 13 -3 7 7 10 14 6 4 -1 -1 5 
1 -11 9 -16 -16 12 8 12 12 8 15 -1 17 13 -11 6 1 1 3 3 
-4 -15 17 2 -18 4 11 -6 8 -17 4 1 13 1 0 15 4 12 0 2 
12 3 0 17 1 17 10 8 3 16 -12 -9 -13 17 -8 16 -13 -12 -10 7 
0 0 10 -1 10 16 17 -2 -17 3 6 16 -3 17 11 12 -11 12 6 5 
4 5 8 2 5 -10 1 13 -9 -1 -10 16 -8 3 17 14 8 1 1 2 
17 0 4 15 -10 10 11 11 -15 14 4 5 16 2 -4 1 -7 13 -2 13 
-4 7 -16 16 15 7 1 14 -3 3 0 14 -7 15 -1 17 -11 15 -5 -7 
30
1
4 10
15 9
0
0
