20 20
12 7 -8 1 2 -19 17 7 -4 1 -8 9 2 7 14 -12 16 -3 7 11 
2 -1 -4 -19 -16 -13 -4 -1 18 6 17 15 19 0 17 18 19 11 20 8 
19 17 0 -4 5 15 6 -18 17 18 -15 0 -5 8 2 20 10 11 15 9 
8 -18 15 9 -16 13 1 5 -19 12 17 16 -16 14 -12 3 -17 -14 2 -19 
-20 16 -2 18 3 -10 -16 4 -14 -12 -12 13 3 1 16 -13 2 2 -2 0 
14 4 16 2 -14 5 -19 13 18 14 -3 -19 -20 7 6 20 -11 -4 -17 12 
14 9 -9 -2 14 -13 14 8 16 13 -2 14 6 4 17 7 4 4 0 1 
3 11 8 12 6 16 16 15 5 12 6 11 -6 1 0 6 16 1 2 8 
-9 20 6 5 4 13 11 11 -8 5 5 -4 13 1 5 18 1 -2 11 -9 
7 4 6 18 4 -9 17 12 12 16 18 9 -18 14 1 2 7 16 -15 14 
14 -15 16 7 2 1 14 -18 9 18 16 12 12 17 -9 4 18 6 4 7 
-9 11 -2 1 18 5 1 13 -4 5 5 -8 11 11 13 4 5 6 20 -9 
8 2 1 16 6 0 1 -6 11 6 12 5 15 16 16 6 12 8 11 3 
1 0 4 4 7 17 4 6 14 -2 13 16 8 14 -13 14 -2 -9 9 14 
12 -17 -4 -11 20 6 7 -20 -19 -3 14 18 13 -19 5 -14 2 16 4 14 
0 -2 2 2 -13 16 1 3 13 -12 -12 -14 4 -16 -10 3 18 -2 16 -20 
-19 2 -14 -17 3 -12 14 -16 16 17 12 -19 5 1 13 -16 9 15 -18 8 
9 15 11 10 20 2 8 -5 0 -15 18 17 -18 6 15 5 -4 0 17 19 
8 20 11 19 18 17 0 19 15 17 6 18 -1 -4 -13 -16 -19 -4 -1 2 
11 7 -3 16 -12 14 7 2 9 -8 1 -4 7 17 -19 2 1 -8 7 12 
30
1
4 9
15 10
0
0
