20 20
0 7 6 2 -14 11 -18 18 9 -1 -7 8 12 19 -1 9 10 17 11 -6 
18 13 -13 13 3 18 4 -5 10 -13 -1 -14 5 1 8 9 19 13 15 5 
-1 13 12 -7 18 14 14 3 9 18 4 8 7 15 19 -11 7 15 -2 8 
9 15 4 8 14 0 10 17 17 7 -7 11 18 -12 18 13 3 -14 -13 15 
4 19 -14 8 2 9 -18 5 4 3 -12 -12 6 11 -9 10 12 -8 13 3 
-15 17 19 18 19 12 19 18 16 12 19 2 12 13 10 13 5 1 12 19 
-18 -4 3 11 6 -8 7 14 -11 10 6 12 11 19 17 3 14 13 0 -10 
-19 -4 8 5 5 6 16 -6 -1 -18 12 -11 -2 13 -13 4 7 10 13 18 
-16 6 7 0 18 12 -5 11 -16 17 14 16 -7 5 2 13 1 4 8 5 
1 14 1 11 -12 10 -13 3 10 5 -15 13 8 13 -3 3 9 2 4 6 
6 4 2 9 3 -3 13 8 13 -15 5 10 3 -13 10 -12 11 1 14 1 
5 8 4 1 13 2 5 -7 16 14 17 -16 11 -5 12 18 0 7 6 -16 
18 13 10 7 4 -13 13 -2 -11 12 -18 -1 -6 16 6 5 5 8 -4 -19 
-10 0 13 14 3 17 19 11 12 6 10 -11 14 7 -8 6 11 3 -4 -18 
19 12 1 5 13 10 13 12 2 19 12 16 18 19 12 19 18 19 17 -15 
3 13 -8 12 10 -9 11 6 -12 -12 3 4 5 -18 9 2 8 -14 19 4 
15 -13 -14 3 13 18 -12 18 11 -7 7 17 17 10 0 14 8 4 15 9 
8 -2 15 7 -11 19 15 7 8 4 18 9 3 14 14 18 -7 12 13 -1 
5 15 13 19 9 8 1 5 -14 -1 -13 10 -5 4 18 3 13 -13 13 18 
-6 11 17 10 9 -1 19 12 8 -7 -1 9 18 -18 11 -14 2 6 7 0 
30
1
16 18
3 1
0
0
