20 20
20 3 12 15 10 19 11 10 -1 15 -9 -19 19 -20 -9 17 15 5 9 19 
19 -23 21 4 14 4 13 22 -11 22 -22 -11 -18 20 22 13 5 14 16 -15 
16 -13 18 11 16 20 -16 -17 23 20 22 10 21 -19 22 22 -4 18 -8 -20 
16 7 3 -17 20 7 -2 -21 10 -20 15 -5 11 9 8 -15 11 4 4 -5 
17 -6 14 -4 18 -10 8 -18 8 6 16 -21 8 13 20 7 23 23 1 9 
-19 9 4 -4 8 -17 20 6 4 10 1 -18 17 18 -22 -13 1 5 -3 16 
2 22 5 15 -12 -5 11 -18 -20 16 -19 -17 3 0 4 19 16 -1 15 -7 
19 -4 18 19 4 11 19 -18 21 13 -11 6 7 -19 6 16 4 1 21 -8 
-2 19 22 20 -18 16 -8 18 11 8 5 21 13 11 2 15 22 22 -4 -4 
15 2 -16 7 4 5 21 -18 17 22 3 16 19 -10 21 -19 -14 -17 23 3 
3 23 -17 -14 -19 21 -10 19 16 3 22 17 -18 21 5 4 7 -16 2 15 
-4 -4 22 22 15 2 11 13 21 5 8 11 18 -8 16 -18 20 22 19 -2 
-8 21 1 4 16 6 -19 7 6 -11 13 21 -18 19 11 4 19 18 -4 19 
-7 15 -1 16 19 4 0 3 -17 -19 16 -20 -18 11 -5 -12 15 5 22 2 
16 -3 5 1 -13 -22 18 17 -18 1 10 4 6 20 -17 8 -4 4 9 -19 
9 1 23 23 7 20 13 8 -21 16 6 8 -18 8 -10 18 -4 14 -6 17 
-5 4 4 11 -15 8 9 11 -5 15 -20 10 -21 -2 7 20 -17 3 7 16 
-20 -8 18 -4 22 22 -19 21 10 22 20 23 -17 -16 20 16 11 18 -13 16 
-15 16 14 5 13 22 20 -18 -11 -22 22 -11 22 13 4 14 4 21 -23 19 
19 9 5 15 17 -9 -20 19 -19 -9 15 -1 10 11 19 10 15 12 3 20 
30
1
2 8
17 11
0
0
