20 20
1 16 -20 19 -2 17 10 12 9 16 17 -3 18 10 6 3 18 17 1 -6 
-10 13 9 9 14 19 -21 -1 1 2 14 23 -5 13 18 9 14 10 -18 17 
-16 21 8 10 6 3 8 5 -6 11 21 5 15 2 16 -16 6 4 -10 11 
16 22 -16 9 19 18 -1 5 20 14 11 16 10 13 18 -18 21 20 1 -15 
6 -22 12 16 9 22 -4 14 9 13 11 1 0 -10 -8 -19 -14 -1 5 -21 
13 20 -1 8 11 6 -9 15 1 12 6 22 11 5 -12 5 -2 22 10 16 
-20 16 8 10 19 4 16 2 -19 16 20 -1 9 -10 1 2 13 20 18 -1 
13 2 13 23 12 13 -3 -11 10 4 3 10 -14 10 11 5 -20 -18 7 4 
-22 -6 12 17 5 7 10 3 13 3 1 18 19 3 -22 9 8 3 10 -9 
1 9 -14 4 2 0 -8 -22 10 23 4 1 19 16 -13 7 7 8 -7 21 
21 -7 8 7 7 -13 16 19 1 4 23 10 -22 -8 0 2 4 -14 9 1 
-9 10 3 8 9 -22 3 19 18 1 3 13 3 10 7 5 17 12 -6 -22 
4 7 -18 -20 5 11 10 -14 10 3 4 10 -11 -3 13 12 23 13 2 13 
-1 18 20 13 2 1 -10 9 -1 20 16 -19 2 16 4 19 10 8 16 -20 
16 10 22 -2 5 -12 5 11 22 6 12 1 15 -9 6 11 8 -1 20 13 
-21 5 -1 -14 -19 -8 -10 0 1 11 13 9 14 -4 22 9 16 12 -22 6 
-15 1 20 21 -18 18 13 10 16 11 14 20 5 -1 18 19 9 -16 22 16 
11 -10 4 6 -16 16 2 15 5 21 11 -6 5 8 3 6 10 8 21 -16 
17 -18 10 14 9 18 13 -5 23 14 2 1 -1 -21 19 14 9 9 13 -10 
-6 1 17 18 3 6 10 18 -3 17 16 9 12 10 17 -2 19 -20 16 1 
30
1
10 13
9 6
0
0
