20 20
-1 3 8 5 10 -5 8 10 5 6 -1 -8 8 6 -7 -6 -5 8 -4 3 
6 10 2 10 -5 10 2 10 -8 0 8 -3 1 6 -3 2 -2 9 -9 1 
9 1 10 2 4 2 -5 3 4 -7 7 6 0 6 4 8 -3 9 6 5 
9 6 5 8 -2 6 2 6 -1 6 7 6 3 -8 3 4 4 9 8 -10 
7 5 3 10 10 0 0 -10 3 -7 7 -2 7 2 4 2 -4 4 8 3 
-6 -4 3 3 3 2 5 -10 -9 6 6 7 3 -8 -3 -7 8 2 4 -5 
9 5 6 -4 4 3 2 -10 8 9 2 5 6 -2 9 -1 -9 7 10 10 
5 -4 6 -8 7 10 1 7 -3 4 3 1 10 6 -5 0 3 9 -2 9 
7 5 0 0 7 -1 6 8 0 -4 7 10 7 4 -6 9 -3 10 10 -9 
-2 7 -5 8 4 3 0 9 -1 -10 5 2 2 3 5 0 4 7 4 3 
3 4 7 4 0 5 3 2 2 5 -10 -1 9 0 3 4 8 -5 7 -2 
-9 10 10 -3 9 -6 4 7 10 7 -4 0 8 6 -1 7 0 0 5 7 
9 -2 9 3 0 -5 6 10 1 3 4 -3 7 1 10 7 -8 6 -4 5 
10 10 7 -9 -1 9 -2 6 5 2 9 8 -10 2 3 4 -4 6 5 9 
-5 4 2 8 -7 -3 -8 3 7 6 6 -9 -10 5 2 3 3 3 -4 -6 
3 8 4 -4 2 4 2 7 -2 7 -7 3 -10 0 0 10 10 3 5 7 
-10 8 9 4 4 3 -8 3 6 7 6 -1 6 2 6 -2 8 5 6 9 
5 6 9 -3 8 4 6 0 6 7 -7 4 3 -5 2 4 2 10 1 9 
1 -9 9 -2 2 -3 6 1 -3 8 0 -8 10 2 10 -5 10 2 10 6 
3 -4 8 -5 -6 -7 6 8 -8 -1 6 5 10 8 -5 10 5 8 3 -1 
30
1
16 11
3 8
0
0
