20 20
5 16 9 18 3 17 5 2 9 8 6 1 9 17 -11 10 17 7 3 -1 
-11 4 -10 -3 -11 -3 0 -14 -7 12 -16 6 -17 4 5 17 18 10 14 0 
1 10 0 7 -1 1 4 12 15 -3 1 15 12 1 4 -13 12 5 8 3 
9 18 14 -14 4 -11 2 14 3 10 7 4 4 15 10 8 13 -10 9 16 
-11 8 16 8 0 14 8 -13 1 -4 1 -4 5 0 16 17 13 1 10 9 
7 10 9 10 4 2 -17 6 13 5 8 1 4 2 -9 -4 14 3 16 -3 
-4 5 8 5 14 1 14 4 -4 10 12 -12 5 16 13 -8 6 11 1 15 
-12 11 -13 14 8 14 11 15 2 -16 14 -8 11 5 7 7 7 -13 4 10 
13 8 9 14 6 8 2 12 10 18 14 -12 18 3 9 -6 7 10 -14 8 
-5 17 15 3 7 15 8 10 6 5 12 -14 1 1 7 2 15 17 0 -10 
-10 0 17 15 2 7 1 1 -14 12 5 6 10 8 15 7 3 15 17 -5 
8 -14 10 7 -6 9 3 18 -12 14 18 10 12 2 8 6 14 9 8 13 
10 4 -13 7 7 7 5 11 -8 14 -16 2 15 11 14 8 14 -13 11 -12 
15 1 11 6 -8 13 16 5 -12 12 10 -4 4 14 1 14 5 8 5 -4 
-3 16 3 14 -4 -9 2 4 1 8 5 13 6 -17 2 4 10 9 10 7 
9 10 1 13 17 16 0 5 -4 1 -4 1 -13 8 14 0 8 16 8 -11 
16 9 -10 13 8 10 15 4 4 7 10 3 14 2 -11 4 -14 14 18 9 
3 8 5 12 -13 4 1 12 15 1 -3 15 12 4 1 -1 7 0 10 1 
0 14 10 18 17 5 4 -17 6 -16 12 -7 -14 0 -3 -11 -3 -10 4 -11 
-1 3 7 17 10 -11 17 9 1 6 8 9 2 5 17 3 18 9 16 5 
30
1
15 8
4 11
0
0
