20 20
17 16 6 16 19 9 -4 4 11 13 -20 1 24 5 13 7 24 26 21 3 
2 16 1 18 3 26 9 8 24 16 12 12 20 26 20 -22 4 -11 -2 0 
13 -6 3 23 7 19 23 17 22 23 -19 9 23 24 24 11 -10 16 -22 9 
23 -11 5 25 12 23 9 24 19 16 13 -1 24 -18 0 26 9 16 20 6 
19 13 12 -20 5 15 15 -16 -15 -5 -24 16 7 8 -18 -1 11 -12 -12 -17 
4 -7 1 17 -14 -18 1 -12 23 6 -2 -13 18 12 23 3 0 24 9 26 
-4 -20 -14 25 6 22 4 -22 2 -4 -1 24 20 4 -23 0 15 4 17 19 
-14 5 7 24 -2 12 24 -12 3 -14 6 1 -15 -11 4 17 26 15 -11 26 
8 4 2 8 19 25 24 10 5 26 -15 14 -25 5 -24 2 9 20 20 -1 
23 26 8 6 14 3 23 -19 21 -1 25 13 9 8 9 2 1 -1 11 -10 
-10 11 -1 1 2 9 8 9 13 25 -1 21 -19 23 3 14 6 8 26 23 
-1 20 20 9 2 -24 5 -25 14 -15 26 5 10 24 25 19 8 2 4 8 
26 -11 15 26 17 4 -11 -15 1 6 -14 3 -12 24 12 -2 24 7 5 -14 
19 17 4 15 0 -23 4 20 24 -1 -4 2 -22 4 22 6 25 -14 -20 -4 
26 9 24 0 3 23 12 18 -13 -2 6 23 -12 1 -18 -14 17 1 -7 4 
-17 -12 -12 11 -1 -18 8 7 16 -24 -5 -15 -16 15 15 5 -20 12 13 19 
6 20 16 9 26 0 -18 24 -1 13 16 19 24 9 23 12 25 5 -11 23 
9 -22 16 -10 11 24 24 23 9 -19 23 22 17 23 19 7 23 3 -6 13 
0 -2 -11 4 -22 20 26 20 12 12 16 24 8 9 26 3 18 1 16 2 
3 21 26 24 7 13 5 24 1 -20 13 11 4 -4 9 19 16 6 16 17 
30
1
10 2
9 17
0
0
