20 20
13 8 14 -11 -3 2 -19 -7 17 18 8 9 25 -20 -23 -18 25 22 -9 -24 
22 16 5 25 10 18 13 20 -22 11 14 15 8 9 5 2 19 -15 6 -2 
15 -22 5 9 5 22 10 -1 0 -10 -23 -3 25 -3 1 25 27 10 10 13 
-20 11 5 26 11 16 6 5 22 13 20 26 2 24 2 27 5 -15 6 21 
5 -2 11 21 23 5 -25 0 2 23 -3 15 17 11 10 8 -23 -8 24 8 
21 20 6 17 -26 16 4 18 -11 21 21 13 -12 24 19 4 -10 -13 -9 -3 
19 5 9 18 19 27 -9 12 -23 14 8 -22 -6 21 13 -21 -4 -8 20 -14 
-27 24 11 18 5 -16 3 7 15 20 -5 9 19 -8 10 -12 26 -14 3 8 
21 17 -10 5 10 -11 9 17 -11 17 1 12 -8 20 22 25 22 8 6 25 
19 20 11 -1 20 22 11 1 19 -27 27 24 -7 26 22 17 9 3 20 18 
18 20 3 9 17 22 26 -7 24 27 -27 19 1 11 22 20 -1 11 20 19 
25 6 8 22 25 22 20 -8 12 1 17 -11 17 9 -11 10 5 -10 17 21 
8 3 -14 26 -12 10 -8 19 9 -5 20 15 7 3 -16 5 18 11 24 -27 
-14 20 -8 -4 -21 13 21 -6 -22 8 14 -23 12 -9 27 19 18 9 5 19 
-3 -9 -13 -10 4 19 24 -12 13 21 21 -11 18 4 16 -26 17 6 20 21 
8 24 -8 -23 8 10 11 17 15 -3 23 2 0 -25 5 23 21 11 -2 5 
21 6 -15 5 27 2 24 2 26 20 13 22 5 6 16 11 26 5 11 -20 
13 10 10 27 25 1 -3 25 -3 -23 -10 0 -1 10 22 5 9 5 -22 15 
-2 6 -15 19 2 5 9 8 15 14 11 -22 20 13 18 10 25 5 16 22 
-24 -9 22 25 -18 -23 -20 25 9 8 18 17 -7 -19 2 -3 -11 14 8 13 
30
1
18 8
1 11
0
0
