20 20
10 0 5 -10 6 10 5 12 -11 6 6 2 3 11 7 -4 0 6 11 5 
9 11 -11 9 1 8 5 6 2 -7 11 -7 12 -5 3 11 6 0 6 -10 
-4 5 7 12 8 9 -10 -3 6 0 -9 10 -9 -3 -8 7 5 -9 4 2 
9 -11 8 -3 2 11 -11 9 1 1 7 4 -1 9 9 7 1 12 -12 -11 
11 -10 -7 5 6 5 8 9 4 3 -8 2 4 2 7 -8 3 6 -4 8 
6 -4 1 -3 8 9 9 3 4 6 5 8 7 1 8 11 6 11 5 -11 
11 -7 6 2 8 7 10 1 11 1 8 8 1 5 8 9 2 7 -6 -9 
1 0 2 0 2 -7 11 0 4 5 6 4 11 10 -8 12 -11 5 -5 4 
-6 4 11 6 5 5 4 11 12 10 10 10 5 -1 12 -12 1 4 2 8 
3 1 1 1 9 6 11 4 -5 9 1 -7 6 4 8 8 10 9 7 -2 
-2 7 9 10 8 8 4 6 -7 1 9 -5 4 11 6 9 1 1 1 3 
8 2 4 1 -12 12 -1 5 10 10 10 12 11 4 5 5 6 11 4 -6 
4 -5 5 -11 12 -8 10 11 4 6 5 4 0 11 -7 2 0 2 0 1 
-9 -6 7 2 9 8 5 1 8 8 1 11 1 10 7 8 2 6 -7 11 
-11 5 11 6 11 8 1 7 8 5 6 4 3 9 9 8 -3 1 -4 6 
8 -4 6 3 -8 7 2 4 2 -8 3 4 9 8 5 6 5 -7 -10 11 
-11 -12 12 1 7 9 9 -1 4 7 1 1 9 -11 11 2 -3 8 -11 9 
2 4 -9 5 7 -8 -3 -9 10 -9 0 6 -3 -10 9 8 12 7 5 -4 
-10 6 0 6 11 3 -5 12 -7 11 -7 2 6 5 8 1 9 -11 11 9 
5 11 6 0 -4 7 11 3 2 6 6 -11 12 5 10 6 -10 5 0 10 
30
1
2 4
17 15
0
0
