20 20
14 1 -13 -9 11 21 8 5 -8 10 2 4 20 -12 7 -12 -6 7 0 17 
14 6 9 -8 -1 7 2 13 6 -5 5 -20 10 8 -20 -1 18 11 8 7 
3 19 4 18 18 12 10 20 0 17 14 -14 15 3 2 10 8 -13 5 -13 
-9 -5 13 14 -12 -17 -5 -22 -13 8 10 0 10 15 -3 -2 18 -21 14 17 
-14 4 7 14 -20 17 1 15 19 21 -16 -5 -15 3 -16 -4 14 22 -7 14 
19 15 7 7 2 14 14 -16 -20 17 15 19 19 -14 8 -13 17 8 -10 8 
10 -17 11 8 11 4 -4 20 16 12 12 -21 16 16 -4 17 2 2 9 14 
18 1 22 -11 1 -8 -14 5 12 2 2 12 13 13 8 20 16 -2 9 4 
9 -21 11 14 11 4 -18 21 12 -17 21 4 12 -6 10 8 16 1 10 18 
15 -19 1 -3 10 20 6 0 1 -7 -14 15 22 21 9 10 9 -15 22 -22 
-22 22 -15 9 10 9 21 22 15 -14 -7 1 0 6 20 10 -3 1 -19 15 
18 10 1 16 8 10 -6 12 4 21 -17 12 21 -18 4 11 14 11 -21 9 
4 9 -2 16 20 8 13 13 12 2 2 12 5 -14 -8 1 -11 22 1 18 
14 9 2 2 17 -4 16 16 -21 12 12 16 20 -4 4 11 8 11 -17 10 
8 -10 8 17 -13 8 -14 19 19 15 17 -20 -16 14 14 2 7 7 15 19 
14 -7 22 14 -4 -16 3 -15 -5 -16 21 19 15 1 17 -20 14 7 4 -14 
17 14 -21 18 -2 -3 15 10 0 10 8 -13 -22 -5 -17 -12 14 13 -5 -9 
-13 5 -13 8 10 2 3 15 -14 14 17 0 20 10 12 18 18 4 19 3 
7 8 11 18 -1 -20 8 10 -20 5 -5 6 13 2 7 -1 -8 9 6 14 
17 0 7 -6 -12 7 -12 20 4 2 10 -8 5 8 21 11 -9 -13 1 14 
30
1
13 4
6 15
0
0
