20 20
20 17 7 -4 16 5 23 13 -9 -18 -15 -17 12 2 22 19 23 23 4 -15 
18 22 23 23 19 8 -20 9 16 -23 -6 23 5 -21 7 7 18 8 -17 -5 
6 -6 22 15 14 3 14 11 3 11 23 -19 4 3 12 -16 16 10 -4 13 
15 19 4 -13 21 12 -15 -4 21 -20 18 -5 -16 -15 -1 15 5 11 2 6 
8 18 12 14 15 -8 8 -4 6 2 21 8 7 1 19 -21 21 18 -6 12 
16 20 3 10 23 4 -13 -5 -18 1 -16 13 -7 -22 14 0 19 6 1 16 
21 5 -5 5 19 5 10 20 -9 -20 16 15 15 -17 15 1 7 23 16 4 
22 20 -21 14 17 2 4 9 -18 1 11 -16 17 18 -1 19 19 4 23 14 
-13 -18 -22 -4 -5 17 4 -1 23 16 -4 11 12 18 1 20 2 13 4 18 
15 15 16 17 -15 -7 14 9 -18 18 -12 17 17 22 8 13 -2 5 7 13 
13 7 5 -2 13 8 22 17 17 -12 18 -18 9 14 -7 -15 17 16 15 15 
18 4 13 2 20 1 18 12 11 -4 16 23 -1 4 17 -5 -4 -22 -18 -13 
14 23 4 19 19 -1 18 17 -16 11 1 -18 9 4 2 17 14 -21 20 22 
4 16 23 7 1 15 -17 15 15 16 -20 -9 20 10 5 19 5 -5 5 21 
16 1 6 19 0 14 -22 -7 13 -16 1 -18 -5 -13 4 23 10 3 20 16 
12 -6 18 21 -21 19 1 7 8 21 2 6 -4 8 -8 15 14 12 18 8 
6 2 11 5 15 -1 -15 -16 -5 18 -20 21 -4 -15 12 21 -13 4 19 15 
13 -4 10 16 -16 12 3 4 -19 23 11 3 11 14 3 14 15 22 -6 6 
-5 -17 8 18 7 7 -21 5 23 -6 -23 16 9 -20 8 19 23 23 22 18 
-15 4 23 23 19 22 2 12 -17 -15 -18 -9 13 23 5 16 -4 7 17 20 
30
1
12 17
7 2
0
0
