20 20
-7 -1 15 -4 5 -3 22 20 15 2 5 23 -8 2 2 15 24 -1 6 10 
8 20 -20 0 19 1 -6 2 -9 6 -15 14 24 -19 -16 -24 3 21 10 -6 
-24 13 -12 -19 12 3 18 13 -6 4 4 8 14 -2 21 2 6 2 -11 12 
4 10 -4 17 -13 12 24 -18 15 18 1 15 0 24 6 -13 11 14 5 -23 
8 -15 8 0 21 23 18 14 5 10 -24 11 4 13 8 4 -18 15 16 24 
-10 -1 -15 1 8 17 16 20 -11 -7 4 18 -11 11 -23 -1 17 12 12 15 
1 21 5 21 12 -12 16 -16 -22 16 8 -11 23 11 -18 3 -23 13 20 15 
10 5 2 19 16 13 0 -14 6 23 24 17 23 -19 20 -5 0 5 -15 -23 
8 17 2 10 12 16 8 2 17 5 4 7 10 14 -4 0 6 8 -24 4 
19 0 -20 4 17 7 -20 4 -17 12 6 20 4 -6 -16 10 6 23 1 23 
23 1 23 6 10 -16 -6 4 20 6 12 -17 4 -20 7 17 4 -20 0 19 
4 -24 8 6 0 -4 14 10 7 4 5 17 2 8 16 12 10 2 17 8 
-23 -15 5 0 -5 20 -19 23 17 24 23 6 -14 0 13 16 19 2 5 10 
15 20 13 -23 3 -18 11 23 -11 8 16 -22 -16 16 -12 12 21 5 21 1 
15 12 12 17 -1 -23 11 -11 18 4 -7 -11 20 16 17 8 1 -15 -1 -10 
24 16 15 -18 4 8 13 4 11 -24 10 5 14 18 23 21 0 8 -15 8 
-23 5 14 11 -13 6 24 0 15 1 18 15 -18 24 12 -13 17 -4 10 4 
12 -11 2 6 2 21 -2 14 8 4 4 -6 13 18 3 12 -19 -12 13 -24 
-6 10 21 3 -24 -16 -19 24 14 -15 6 -9 2 -6 1 19 0 -20 20 8 
10 6 -1 24 15 2 2 -8 23 5 2 15 20 22 -3 5 -4 15 -1 -7 
30
1
3 16
16 3
0
0
