20 20
14 13 13 17 -1 4 8 -7 18 19 13 8 3 -10 9 22 19 1 -18 9 
24 4 22 4 23 8 -22 24 24 13 19 13 -19 -17 13 15 14 6 3 -23 
-18 -11 3 9 -14 -5 9 12 -16 -19 1 14 -15 18 21 2 23 19 16 8 
12 15 18 1 21 18 22 -1 -7 2 14 -17 1 13 17 -23 17 11 11 21 
2 14 -7 9 -14 15 19 -23 14 23 16 -12 1 -9 21 23 6 24 -3 -5 
13 -17 20 10 25 24 24 24 21 -20 3 11 16 -1 9 -7 -5 6 7 5 
13 -9 12 25 21 -11 11 0 4 24 7 -14 18 16 12 4 -12 10 17 4 
17 24 14 5 16 13 16 25 5 20 4 -10 13 -15 24 16 -11 2 1 4 
25 9 15 -3 8 -5 -8 13 25 22 -8 22 20 6 -13 -2 5 21 20 18 
-20 17 -20 21 20 3 -13 5 14 24 -5 18 20 14 -15 20 -17 13 -6 -6 
-6 -6 13 -17 20 -15 14 20 18 -5 24 14 5 -13 3 20 21 -20 17 -20 
18 20 21 5 -2 -13 6 20 22 -8 22 25 13 -8 -5 8 -3 15 9 25 
4 1 2 -11 16 24 -15 13 -10 4 20 5 25 16 13 16 5 14 24 17 
4 17 10 -12 4 12 16 18 -14 7 24 4 0 11 -11 21 25 12 -9 13 
5 7 6 -5 -7 9 -1 16 11 3 -20 21 24 24 24 25 10 20 -17 13 
-5 -3 24 6 23 21 -9 1 -12 16 23 14 -23 19 15 -14 9 -7 14 2 
21 11 11 17 -23 17 13 1 -17 14 2 -7 -1 22 18 21 1 18 15 12 
8 16 19 23 2 21 18 -15 14 1 -19 -16 12 9 -5 -14 9 3 -11 -18 
-23 3 6 14 15 13 -17 -19 13 19 13 24 24 -22 8 23 4 22 4 24 
9 -18 1 19 22 9 -10 3 8 13 19 18 -7 8 4 -1 17 13 13 14 
30
1
3 4
16 15
0
0
