20 20
2 -3 13 -3 3 -7 11 8 12 8 1 -10 4 6 16 15 -13 15 -14 15 
10 1 13 6 10 10 1 3 13 10 11 16 16 -14 5 2 1 10 4 8 
-4 11 14 15 17 4 -13 10 2 1 10 -13 7 16 7 5 5 2 15 4 
-8 -14 -16 -6 5 -9 -9 13 -7 16 9 -4 -4 -4 9 0 -9 14 11 13 
9 14 9 7 3 6 2 10 -17 13 1 5 6 16 8 9 6 3 13 16 
15 6 1 10 -13 16 11 2 -9 6 -5 10 11 7 -14 17 5 12 -8 14 
12 6 -15 6 10 1 16 2 2 4 2 9 15 16 9 -2 3 -12 13 6 
17 7 -10 3 0 7 15 6 11 17 15 -10 -17 8 17 12 11 -5 -2 5 
-13 10 9 -3 12 -14 15 10 17 16 8 -13 -4 13 16 12 10 11 11 4 
-15 8 6 -1 12 4 2 4 6 5 8 10 14 9 9 2 -8 17 -3 10 
10 -3 17 -8 2 9 9 14 10 8 5 6 4 2 4 12 -1 6 8 -15 
4 11 11 10 12 16 13 -4 -13 8 16 17 10 15 -14 12 -3 9 10 -13 
5 -2 -5 11 12 17 8 -17 -10 15 17 11 6 15 7 0 3 -10 7 17 
6 13 -12 3 -2 9 16 15 9 2 4 2 2 16 1 10 6 -15 6 12 
14 -8 12 5 17 -14 7 11 10 -5 6 -9 2 11 16 -13 10 1 6 15 
16 13 3 6 9 8 16 6 5 1 13 -17 10 2 6 3 7 9 14 9 
13 11 14 -9 0 9 -4 -4 -4 9 16 -7 13 -9 -9 5 -6 -16 -14 -8 
4 15 2 5 5 7 16 7 -13 10 1 2 10 -13 4 17 15 14 11 -4 
8 4 10 1 2 5 -14 16 16 11 10 13 3 1 10 10 6 13 1 10 
15 -14 15 -13 15 16 6 4 -10 1 8 12 8 11 -7 3 -3 13 -3 2 
30
1
9 0
10 19
0
0
