20 20
15 -7 -6 20 -19 15 20 16 7 18 9 11 0 19 16 -11 19 7 0 13 
17 5 12 13 -7 15 6 5 12 2 20 3 17 11 10 15 19 -11 3 1 
-2 3 -3 -2 4 -8 4 -15 7 16 3 20 1 -5 16 -11 18 8 -8 12 
1 -5 15 3 3 20 3 15 6 6 1 0 5 6 9 4 16 12 17 3 
5 8 1 8 18 10 14 12 -18 -20 -16 -10 -4 2 -16 19 14 14 15 8 
18 18 14 -15 13 4 -12 6 9 16 8 11 19 20 16 10 6 20 6 19 
4 0 18 5 -4 6 15 16 -7 -20 19 -7 18 16 3 -3 -1 -18 5 16 
4 9 3 1 17 16 2 16 12 16 2 5 -11 18 19 -20 13 7 10 3 
-17 7 -13 5 19 2 9 8 13 10 15 19 4 6 15 11 17 -4 7 -18 
-1 -2 16 10 20 -16 -16 8 3 -6 18 11 2 0 5 -3 20 4 -4 -18 
-18 -4 4 20 -3 5 0 2 11 18 -6 3 8 -16 -16 20 10 16 -2 -1 
-18 7 -4 17 11 15 6 4 19 15 10 13 8 9 2 19 5 -13 7 -17 
3 10 7 13 -20 19 18 -11 5 2 16 12 16 2 16 17 1 3 9 4 
16 5 -18 -1 -3 3 16 18 -7 19 -20 -7 16 15 6 -4 5 18 0 4 
19 6 20 6 10 16 20 19 11 8 16 9 6 -12 4 13 -15 14 18 18 
8 15 14 14 19 -16 2 -4 -10 -16 -20 -18 12 14 10 18 8 1 8 5 
3 17 12 16 4 9 6 5 0 1 6 6 15 3 20 3 3 15 -5 1 
12 -8 8 18 -11 16 -5 1 20 3 16 7 -15 4 -8 4 -2 -3 3 -2 
1 3 -11 19 15 10 11 17 3 20 2 12 5 6 15 -7 13 12 5 17 
13 0 7 19 -11 16 19 0 11 9 18 7 16 20 15 -19 20 -6 -7 15 
30
1
7 3
12 16
0
0
