20 20
-27 17 19 18 -19 -15 23 -12 19 -8 -14 20 0 -7 10 10 -9 12 -4 -3 
-5 25 11 24 21 10 7 -6 11 23 22 -9 -5 4 9 4 8 -15 27 0 
24 23 18 21 10 13 8 -13 19 13 20 14 -21 18 6 2 -24 13 -3 16 
10 8 6 9 10 -13 26 20 20 -14 -11 9 -4 1 9 20 11 13 26 7 
22 12 1 -10 2 -16 -14 14 22 23 8 22 18 10 2 6 -4 5 27 24 
24 3 22 26 15 -18 3 16 6 7 24 18 1 13 -18 18 10 0 26 12 
10 23 15 17 16 27 8 8 15 6 18 12 16 22 -27 6 10 12 11 12 
27 3 24 23 21 1 -13 21 23 -5 18 0 -21 19 -13 23 12 25 5 -5 
7 20 -16 21 6 17 6 17 -27 2 23 22 21 -14 2 20 19 4 21 -12 
-12 8 -11 27 -27 23 -27 1 -24 22 14 -4 4 23 21 15 20 -26 6 15 
15 6 -26 20 15 21 23 4 -4 14 22 -24 1 -27 23 -27 27 -11 8 -12 
-12 21 4 19 20 2 -14 21 22 23 2 -27 17 6 17 6 21 -16 20 7 
-5 5 25 12 23 -13 19 -21 0 18 -5 23 21 -13 1 21 23 24 3 27 
12 11 12 10 6 -27 22 16 12 18 6 15 8 8 27 16 17 15 23 10 
12 26 0 10 18 -18 13 1 18 24 7 6 16 3 -18 15 26 22 3 24 
24 27 5 -4 6 2 10 18 22 8 23 22 14 -14 -16 2 -10 1 12 22 
7 26 13 11 20 9 1 -4 9 -11 -14 20 20 26 -13 10 9 6 8 10 
16 -3 13 -24 2 6 18 -21 14 20 13 19 -13 8 13 10 21 18 23 24 
0 27 -15 8 4 9 4 -5 -9 22 23 11 -6 7 10 21 24 11 25 -5 
-3 -4 12 -9 10 10 -7 0 20 -14 -8 19 -12 23 -15 -19 18 19 17 -27 
30
1
11 10
8 9
0
0
