20 20
8 13 6 18 -12 11 17 12 -16 5 7 9 5 17 1 13 -8 -11 15 2 
1 13 4 17 16 16 -12 8 -10 9 11 12 2 -9 18 -8 11 -11 -15 16 
0 4 -4 6 11 10 14 18 16 -17 3 15 4 12 18 4 -4 6 4 13 
6 -10 15 9 7 -15 -16 4 12 -7 7 13 0 15 0 15 -5 -13 4 -10 
9 1 3 3 14 12 -11 -5 2 10 -11 1 15 7 14 13 11 -6 -17 5 
1 2 0 -10 8 7 3 14 17 13 9 17 -3 9 5 -16 3 12 13 -17 
11 16 -11 16 -15 12 12 -17 16 1 12 12 16 11 1 4 7 7 6 4 
-1 -16 17 -11 -3 17 6 6 -5 3 17 13 -5 4 2 10 -2 16 -14 2 
12 9 4 16 10 6 14 14 14 7 7 18 1 15 5 -8 16 12 0 4 
-10 12 18 -4 13 -4 17 4 13 3 0 8 13 18 18 13 7 7 3 11 
11 3 7 7 13 18 18 13 8 0 3 13 4 17 -4 13 -4 18 12 -10 
4 0 12 16 -8 5 15 1 18 7 7 14 14 14 6 10 16 4 9 12 
2 -14 16 -2 10 2 4 -5 13 17 3 -5 6 6 17 -3 -11 17 -16 -1 
4 6 7 7 4 1 11 16 12 12 1 16 -17 12 12 -15 16 -11 16 11 
-17 13 12 3 -16 5 9 -3 17 9 13 17 14 3 7 8 -10 0 2 1 
5 -17 -6 11 13 14 7 15 1 -11 10 2 -5 -11 12 14 3 3 1 9 
-10 4 -13 -5 15 0 15 0 13 7 -7 12 4 -16 -15 7 9 15 -10 6 
13 4 6 -4 4 18 12 4 15 3 -17 16 18 14 10 11 6 -4 4 0 
16 -15 -11 11 -8 18 -9 2 12 11 9 -10 8 -12 16 16 17 4 13 1 
2 15 -11 -8 13 1 17 5 9 7 5 -16 12 17 11 -12 18 6 13 8 
30
1
16 9
3 10
0
0
