20 20
-18 -7 15 8 7 -20 6 7 6 17 3 23 3 -5 18 9 1 26 23 -17 
-7 13 12 -25 -14 11 14 13 28 27 23 4 23 29 27 -19 16 10 28 21 
5 -7 -6 9 -9 26 -15 20 30 26 3 20 9 19 8 9 21 11 4 10 
-4 29 22 26 1 27 -7 1 15 23 18 8 14 12 3 5 16 10 -4 26 
27 -3 24 10 22 20 22 -8 24 -8 5 16 24 21 -12 -3 4 29 29 6 
7 14 -16 7 11 14 13 9 12 -18 22 -4 12 21 3 3 21 -4 -29 23 
3 15 2 6 25 15 6 19 -16 14 26 20 14 -11 26 6 23 -8 -19 15 
18 1 22 18 17 4 24 17 -10 -5 21 -22 -4 15 12 -13 4 10 -28 -28 
13 30 25 10 28 25 21 26 12 13 18 22 6 -26 11 27 6 24 15 28 
16 9 4 28 16 12 -10 5 -22 -5 26 9 8 -2 -13 10 2 6 -28 12 
12 -28 6 2 10 -13 -2 8 9 26 -5 -22 5 -10 12 16 28 4 9 16 
28 15 24 6 27 11 -26 6 22 18 13 12 26 21 25 28 10 25 30 13 
-28 -28 10 4 -13 12 15 -4 -22 21 -5 -10 17 24 4 17 18 22 1 18 
15 -19 -8 23 6 26 -11 14 20 26 14 -16 19 6 15 25 6 2 15 3 
23 -29 -4 21 3 3 21 12 -4 22 -18 12 9 13 14 11 7 -16 14 7 
6 29 29 4 -3 -12 21 24 16 5 -8 24 -8 22 20 22 10 24 -3 27 
26 -4 10 16 5 3 12 14 8 18 23 15 1 -7 27 1 26 22 29 -4 
10 4 11 21 9 8 19 9 20 3 26 30 20 -15 26 -9 9 -6 -7 5 
21 28 10 16 -19 27 29 23 4 23 27 28 13 14 11 -14 -25 12 13 -7 
-17 23 26 1 9 18 -5 3 23 3 17 6 7 6 -20 7 8 15 -7 -18 
30
1
16 8
3 11
0
0
