20 20
12 2 7 1 3 0 22 5 -9 24 -17 23 -4 18 4 1 1 -24 -22 2 
14 9 -11 -12 11 -5 9 15 -23 -16 1 24 2 3 16 4 21 -10 -1 19 
2 2 -8 -14 17 -21 -8 -23 13 15 24 20 20 0 2 12 16 6 6 16 
23 -13 21 6 -23 3 13 5 7 -23 10 22 -11 6 14 19 -6 5 14 14 
24 -1 4 7 -20 22 -5 2 -22 24 20 1 19 -20 4 24 -9 -20 24 -15 
-22 -18 11 7 19 10 18 -4 -21 22 20 -24 -15 7 19 13 13 14 14 23 
24 -5 4 13 -2 19 13 20 3 2 -13 21 -3 17 -5 3 19 21 -11 23 
22 -20 13 17 5 9 -13 16 24 -3 -7 5 13 23 2 -4 19 -19 1 18 
14 23 -7 24 1 21 21 22 12 -19 0 17 24 4 22 -1 9 18 -1 -17 
7 4 15 22 -13 7 -8 14 19 16 16 2 16 18 -23 21 21 24 -17 19 
19 -17 24 21 21 -23 18 16 2 16 16 19 14 -8 7 -13 22 15 4 7 
-17 -1 18 9 -1 22 4 24 17 0 -19 12 22 21 21 1 24 -7 23 14 
18 1 -19 19 -4 2 23 13 5 -7 -3 24 16 -13 9 5 17 13 -20 22 
23 -11 21 19 3 -5 17 -3 21 -13 2 3 20 13 19 -2 13 4 -5 24 
23 14 14 13 13 19 7 -15 -24 20 22 -21 -4 18 10 19 7 11 -18 -22 
-15 24 -20 -9 24 4 -20 19 1 20 24 -22 2 -5 22 -20 7 4 -1 24 
14 14 5 -6 19 14 6 -11 22 10 -23 7 5 13 3 -23 6 21 -13 23 
16 6 6 16 12 2 0 20 20 24 15 13 -23 -8 -21 17 -14 -8 2 2 
19 -1 -10 21 4 16 3 2 24 1 -16 -23 15 9 -5 11 -12 -11 9 14 
2 -22 -24 1 1 4 18 -4 23 -17 24 -9 5 22 0 3 1 7 2 12 
30
1
5 0
14 19
0
0
