20 20
11 8 0 1 -3 7 4 7 8 7 1 -1 -7 -8 5 3 -2 -11 4 3 
4 3 1 11 0 -10 8 3 2 -3 -8 3 -9 0 9 1 7 11 3 6 
7 -11 5 3 -3 3 10 9 1 4 -4 10 -4 6 11 1 2 9 3 -9 
-10 -7 1 9 -1 1 10 8 7 5 4 -1 5 5 -11 11 8 -7 8 1 
10 9 1 7 7 -7 8 9 9 7 8 8 2 3 3 8 -8 5 10 -3 
2 3 11 7 3 7 1 7 2 2 9 5 2 -1 5 4 9 -2 10 -4 
5 10 1 7 4 8 2 1 1 -11 11 2 5 4 1 5 7 0 10 0 
-6 6 3 11 2 7 4 6 4 3 10 4 -9 1 -8 -9 6 10 9 1 
1 -9 0 1 -4 3 -11 9 6 1 3 9 5 2 3 6 7 6 -2 1 
5 4 6 5 10 9 -3 7 11 1 -8 6 0 2 8 7 -2 5 8 1 
1 8 5 -2 7 8 2 0 6 -8 1 11 7 -3 9 10 5 6 4 5 
1 -2 6 7 6 3 2 5 9 3 1 6 9 -11 3 -4 1 0 -9 1 
1 9 10 6 -9 -8 1 -9 4 10 3 4 6 4 7 2 11 3 6 -6 
0 10 0 7 5 1 4 5 2 11 -11 1 1 2 8 4 7 1 10 5 
-4 10 -2 9 4 5 -1 2 5 9 2 2 7 1 7 3 7 11 3 2 
-3 10 5 -8 8 3 3 2 8 8 7 9 9 8 -7 7 7 1 9 10 
1 8 -7 8 11 -11 5 5 -1 4 5 7 8 10 1 -1 9 1 -7 -10 
-9 3 9 2 1 11 6 -4 10 -4 4 1 9 10 3 -3 3 5 -11 7 
6 3 11 7 1 9 0 -9 3 -8 -3 2 3 8 -10 0 11 1 3 4 
3 4 -11 -2 3 5 -8 -7 -1 1 7 8 7 4 7 -3 1 0 8 11 
30
1
15 11
4 8
0
0
