20 20
15 1 3 17 3 10 16 -18 21 20 5 -6 -19 2 6 11 -19 4 -10 9 
8 2 20 17 -11 21 -7 20 -3 16 6 18 7 18 14 6 3 21 10 20 
1 14 10 12 -9 19 12 9 16 12 -12 21 19 -1 12 12 2 5 -6 21 
-7 18 13 -10 13 2 1 -19 9 -10 -2 -7 13 -2 3 8 4 -4 7 4 
1 5 -5 12 5 10 -10 -16 0 20 4 4 3 4 11 -3 9 -8 20 11 
14 6 13 21 20 17 -11 0 17 19 8 17 7 15 8 14 -4 -19 15 5 
15 19 5 2 7 5 -9 7 -9 18 15 4 10 6 1 -3 -18 11 17 -7 
7 12 16 16 16 8 -3 10 -14 18 11 13 17 4 17 -15 2 12 1 21 
-1 -16 9 15 -14 14 3 -2 -6 -8 16 4 18 13 17 -18 3 -4 10 17 
12 3 0 3 -17 -4 -3 -14 19 -19 11 7 17 15 18 21 21 13 19 -21 
-21 19 13 21 21 18 15 17 7 11 -19 19 -14 -3 -4 -17 3 0 3 12 
17 10 -4 3 -18 17 13 18 4 16 -8 -6 -2 3 14 -14 15 9 -16 -1 
21 1 12 2 -15 17 4 17 13 11 18 -14 10 -3 8 16 16 16 12 7 
-7 17 11 -18 -3 1 6 10 4 15 18 -9 7 -9 5 7 2 5 19 15 
5 15 -19 -4 14 8 15 7 17 8 19 17 0 -11 17 20 21 13 6 14 
11 20 -8 9 -3 11 4 3 4 4 20 0 -16 -10 10 5 12 -5 5 1 
4 7 -4 4 8 3 -2 13 -7 -2 -10 9 -19 1 2 13 -10 13 18 -7 
21 -6 5 2 12 12 -1 19 21 -12 12 16 9 12 19 -9 12 10 14 1 
20 10 21 3 6 14 18 7 18 6 16 -3 20 -7 21 -11 17 20 2 8 
9 -10 4 -19 11 6 2 -19 -6 5 20 21 -18 16 10 3 17 3 1 15 
30
1
10 5
9 14
0
0
