20 20
4 14 6 24 16 -18 -2 -13 13 7 -23 6 23 20 20 -16 -24 21 -9 4 
10 12 15 12 13 18 -12 -19 4 15 23 24 25 22 -3 24 11 16 17 5 
2 10 6 -16 22 8 -12 20 15 -23 -11 25 12 5 18 8 23 22 -12 -20 
4 12 13 22 0 7 -22 6 -4 15 18 17 12 7 -18 10 24 3 19 8 
6 17 -10 -2 5 -6 6 -25 15 9 15 18 19 1 -22 2 -16 -2 21 -23 
24 1 3 21 7 17 -19 -11 23 10 4 25 -25 8 4 -8 1 21 -10 7 
24 17 -1 10 2 3 -6 0 -10 20 -11 -2 -6 22 10 -5 -9 16 -12 10 
5 5 19 -2 13 10 2 -7 4 -12 22 20 19 -23 2 24 -2 -10 23 5 
16 -13 -24 -17 9 13 0 7 17 3 -12 6 1 -15 14 14 -16 -9 2 -15 
19 15 6 10 12 5 21 24 -23 12 10 10 13 -23 14 -18 -12 -9 22 19 
19 22 -9 -12 -18 14 -23 13 10 10 12 -23 24 21 5 12 10 6 15 19 
-15 2 -9 -16 14 14 -15 1 6 -12 3 17 7 0 13 9 -17 -24 -13 16 
5 23 -10 -2 24 2 -23 19 20 22 -12 4 -7 2 10 13 -2 19 5 5 
10 -12 16 -9 -5 10 22 -6 -2 -11 20 -10 0 -6 3 2 10 -1 17 24 
7 -10 21 1 -8 4 8 -25 25 4 10 23 -11 -19 17 7 21 3 1 24 
-23 21 -2 -16 2 -22 1 19 18 15 9 15 -25 6 -6 5 -2 -10 17 6 
8 19 3 24 10 -18 7 12 17 18 15 -4 6 -22 7 0 22 13 12 4 
-20 -12 22 23 8 18 5 12 25 -11 -23 15 20 -12 8 22 -16 6 10 2 
5 17 16 11 24 -3 22 25 24 23 15 4 -19 -12 18 13 12 15 12 10 
4 -9 21 -24 -16 20 20 23 6 -23 7 13 -13 -2 -18 16 24 6 14 4 
30
1
4 18
15 1
0
0
