20 20
26 21 13 13 -21 -8 22 -19 21 13 -18 -8 11 -26 23 -21 -19 -10 23 19 
23 1 -15 20 -15 4 16 5 23 28 -16 10 -28 26 24 27 6 -11 9 20 
-12 3 22 7 -8 1 28 -6 -18 -5 0 4 7 -21 25 4 19 -10 10 -23 
24 20 -9 24 27 22 13 16 21 19 26 22 4 -10 16 19 -26 12 5 24 
17 -28 -23 6 3 7 2 10 13 20 6 3 27 -21 4 20 22 17 6 12 
21 -3 13 21 2 1 9 13 28 25 28 8 9 13 23 24 28 -14 3 27 
-12 -7 2 2 20 5 7 12 25 23 21 11 7 9 3 1 19 -24 3 8 
26 3 1 10 -8 26 7 24 7 10 12 -18 27 3 14 5 1 27 -5 0 
-25 18 -17 10 21 19 -14 28 11 2 9 3 6 20 24 -19 5 -23 -9 11 
11 -11 -8 -5 2 10 20 -24 4 -12 4 23 8 13 1 3 -2 -25 23 22 
22 23 -25 -2 3 1 13 8 23 4 -12 4 -24 20 10 2 -5 -8 -11 11 
11 -9 -23 5 -19 24 20 6 3 9 2 11 28 -14 19 21 10 -17 18 -25 
0 -5 27 1 5 14 3 27 -18 12 10 7 24 7 26 -8 10 1 3 26 
8 3 -24 19 1 3 9 7 11 21 23 25 12 7 5 20 2 2 -7 -12 
27 3 -14 28 24 23 13 9 8 28 25 28 13 9 1 2 21 13 -3 21 
12 6 17 22 20 4 -21 27 3 6 20 13 10 2 7 3 6 -23 -28 17 
24 5 12 -26 19 16 -10 4 22 26 19 21 16 13 22 27 24 -9 20 24 
-23 10 -10 19 4 25 -21 7 4 0 -5 -18 -6 28 1 -8 7 22 3 -12 
20 9 -11 6 27 24 26 -28 10 -16 28 23 5 16 4 -15 20 -15 1 23 
19 23 -10 -19 -21 23 -26 11 -8 -18 13 21 -19 22 -8 -21 13 13 21 26 
30
1
2 16
17 3
0
0
