20 20
7 -2 -10 -2 4 4 13 -9 3 -1 6 -10 12 6 4 -3 4 1 -14 -8 
6 -7 4 7 8 14 -14 -10 5 2 10 3 3 -6 2 6 6 9 4 12 
13 -4 -1 3 2 6 14 10 -12 4 7 -12 14 0 6 3 10 -6 6 6 
4 5 13 1 12 8 -6 3 1 1 6 -3 5 5 4 -7 0 2 12 -6 
6 14 6 9 -12 6 13 5 8 5 -14 12 11 2 4 2 5 9 -14 5 
7 1 12 14 3 6 -3 1 3 5 7 -8 3 3 5 9 6 5 1 14 
2 11 4 -5 6 2 3 11 12 -13 12 4 11 -1 4 -10 10 13 8 14 
4 14 14 3 14 4 10 -7 -4 6 14 4 -9 8 3 -1 1 1 -6 0 
0 2 3 11 11 6 -14 1 9 0 -8 6 1 12 3 3 14 4 -5 12 
-3 10 12 -11 -3 9 9 8 9 7 13 11 4 5 14 6 -2 10 1 6 
6 1 10 -2 6 14 5 4 11 13 7 9 8 9 9 -3 -11 12 10 -3 
12 -5 4 14 3 3 12 1 6 -8 0 9 1 -14 6 11 11 3 2 0 
0 -6 1 1 -1 3 8 -9 4 14 6 -4 -7 10 4 14 3 14 14 4 
14 8 13 10 -10 4 -1 11 4 12 -13 12 11 3 2 6 -5 4 11 2 
14 1 5 6 9 5 3 3 -8 7 5 3 1 -3 6 3 14 12 1 7 
5 -14 9 5 2 4 2 11 12 -14 5 8 5 13 6 -12 9 6 14 6 
-6 12 2 0 -7 4 5 5 -3 6 1 1 3 -6 8 12 1 13 5 4 
6 6 -6 10 3 6 0 14 -12 7 4 -12 10 14 6 2 3 -1 -4 13 
12 4 9 6 6 2 -6 3 3 10 2 5 -10 -14 14 8 7 4 -7 6 
-8 -14 1 4 -3 4 6 12 -10 6 -1 3 -9 13 4 4 -2 -10 -2 7 
30
1
3 2
16 17
0
0
