20 20
13 -18 15 10 -18 -3 -24 16 15 -11 10 -18 12 14 21 -24 16 14 6 15 
-16 4 5 22 10 17 7 16 1 -1 -8 6 -26 15 22 0 18 -21 -6 0 
7 2 -5 21 19 0 15 10 2 14 20 2 8 24 -10 21 6 10 -10 26 
9 16 -26 -26 -13 -12 17 4 12 -21 21 18 16 26 8 12 3 6 24 7 
8 -18 -19 -8 7 -8 19 7 -17 22 24 20 26 5 -8 -2 20 2 23 4 
-23 -4 17 14 17 8 -7 8 18 -8 15 -9 -10 4 21 23 -2 25 -2 15 
-18 26 6 16 22 6 4 14 3 16 24 8 9 7 17 2 5 -19 24 17 
3 -13 -13 26 9 22 12 19 13 12 8 7 24 -10 10 16 -10 23 7 17 
-8 21 -19 -21 10 11 26 4 6 19 12 15 25 11 20 12 7 3 24 16 
23 20 13 17 -15 8 26 -2 -24 -16 14 2 15 -25 16 -1 3 -8 25 -7 
-7 25 -8 3 -1 16 -25 15 2 14 -16 -24 -2 26 8 -15 17 13 20 23 
16 24 3 7 12 20 11 25 15 12 19 6 4 26 11 10 -21 -19 21 -8 
17 7 23 -10 16 10 -10 24 7 8 12 13 19 12 22 9 26 -13 -13 3 
17 24 -19 5 2 17 7 9 8 24 16 3 14 4 6 22 16 6 26 -18 
15 -2 25 -2 23 21 4 -10 -9 15 -8 18 8 -7 8 17 14 17 -4 -23 
4 23 2 20 -2 -8 5 26 20 24 22 -17 7 19 -8 7 -8 -19 -18 8 
7 24 6 3 12 8 26 16 18 21 -21 12 4 17 -12 -13 -26 -26 16 9 
26 -10 10 6 21 -10 24 8 2 20 14 2 10 15 0 19 21 -5 2 7 
0 -6 -21 18 0 22 15 -26 6 -8 -1 1 16 7 17 10 22 5 4 -16 
15 6 14 16 -24 21 14 12 -18 10 -11 15 16 -24 -3 -18 10 15 -18 13 
30
1
3 17
16 2
0
0
