20 20
14 -15 30 -26 21 15 26 30 18 26 -26 13 -24 -11 28 -16 25 -11 -16 -7 
20 -6 -27 -18 26 11 17 5 -20 30 -7 1 4 28 14 -30 13 14 30 -30 
4 -9 26 8 10 24 15 0 27 -27 -18 2 19 -27 12 13 1 25 30 -9 
12 14 23 22 27 -3 19 -30 21 22 -26 22 14 11 5 2 16 6 -22 -21 
19 22 -21 19 19 19 27 1 24 22 20 20 10 -25 3 13 17 -29 26 -3 
-28 30 6 -8 -14 15 -22 13 11 1 9 2 13 26 18 14 -7 11 20 7 
21 6 20 -14 -9 30 16 29 -6 -20 17 28 22 30 21 15 11 5 9 -24 
4 26 24 -29 14 -14 26 20 10 3 2 22 -5 2 -2 -16 -8 22 6 3 
22 30 25 9 11 12 5 6 4 5 12 19 5 18 20 10 30 20 26 2 
1 24 20 -24 -6 5 30 29 20 3 21 16 12 8 0 28 -27 21 16 17 
17 16 21 -27 28 0 8 12 16 21 3 20 29 30 5 -6 -24 20 24 1 
2 26 20 30 10 20 18 5 19 12 5 4 6 5 12 11 9 25 30 22 
3 6 22 -8 -16 -2 2 -5 22 2 3 10 20 26 -14 14 -29 24 26 4 
-24 9 5 11 15 21 30 22 28 17 -20 -6 29 16 30 -9 -14 20 6 21 
7 20 11 -7 14 18 26 13 2 9 1 11 13 -22 15 -14 -8 6 30 -28 
-3 26 -29 17 13 3 -25 10 20 20 22 24 1 27 19 19 19 -21 22 19 
-21 -22 6 16 2 5 11 14 22 -26 22 21 -30 19 -3 27 22 23 14 12 
-9 30 25 1 13 12 -27 19 2 -18 -27 27 0 15 24 10 8 26 -9 4 
-30 30 14 13 -30 14 28 4 1 -7 30 -20 5 17 11 26 -18 -27 -6 20 
-7 -16 -11 25 -16 28 -11 -24 13 -26 26 18 30 26 15 21 -26 30 -15 14 
30
1
2 0
17 19
0
0
