20 20
13 13 3 -16 14 5 14 22 -11 20 -10 1 24 23 17 -14 5 -21 -23 12 
0 24 22 1 14 5 13 19 -1 11 3 19 17 -2 -7 -22 -4 19 -2 17 
13 18 5 20 -11 3 6 3 7 15 19 9 -24 18 11 12 8 10 3 16 
24 -1 -11 1 1 23 1 10 1 -17 22 18 18 -23 -22 17 21 21 14 19 
2 10 -9 -10 -2 -16 3 12 23 20 18 -4 16 4 17 13 23 -14 5 8 
18 22 12 24 -1 -9 14 19 10 20 21 17 -2 2 11 -14 17 3 -22 24 
-4 7 9 -4 -2 10 23 7 -1 14 -20 14 -8 9 15 6 8 -24 3 4 
21 -19 0 18 4 -16 -20 13 6 16 9 21 19 2 22 19 10 21 -8 7 
-7 -17 24 6 -19 15 -19 9 19 6 15 11 15 -1 -11 24 20 19 13 21 
23 23 1 14 17 -16 5 1 -4 -24 -10 4 0 8 1 -21 12 1 10 5 
5 10 1 12 -21 1 8 0 4 -10 -24 -4 1 5 -16 17 14 1 23 23 
21 13 19 20 24 -11 -1 15 11 15 6 19 9 -19 15 -19 6 24 -17 -7 
7 -8 21 10 19 22 2 19 21 9 16 6 13 -20 -16 4 18 0 -19 21 
4 3 -24 8 6 15 9 -8 14 -20 14 -1 7 23 10 -2 -4 9 7 -4 
24 -22 3 17 -14 11 2 -2 17 21 20 10 19 14 -9 -1 24 12 22 18 
8 5 -14 23 13 17 4 16 -4 18 20 23 12 3 -16 -2 -10 -9 10 2 
19 14 21 21 17 -22 -23 18 18 22 -17 1 10 1 23 1 1 -11 -1 24 
16 3 10 8 12 11 18 -24 9 19 15 7 3 6 3 -11 20 5 18 13 
17 -2 19 -4 -22 -7 -2 17 19 3 11 -1 19 13 5 14 1 22 24 0 
12 -23 -21 5 -14 17 23 24 1 -10 20 -11 22 14 5 14 -16 3 13 13 
30
1
19 17
0 2
0
0
