20 20
-3 -26 5 -4 25 18 -26 16 16 18 3 23 17 11 5 -11 26 3 -17 15 
-18 -23 7 28 7 18 3 25 22 3 11 -13 2 25 4 0 1 -2 20 3 
6 -10 1 -11 23 10 0 12 -11 25 25 22 20 -27 -19 22 4 3 9 19 
26 7 9 -11 24 28 -19 15 28 11 24 15 -22 26 28 4 26 7 -23 22 
12 20 28 10 6 -25 17 5 26 17 18 -10 24 -23 7 18 19 1 23 10 
3 8 21 12 26 20 -4 9 -10 -21 26 -8 9 1 2 27 1 -5 23 21 
22 3 -13 15 -10 -21 27 -9 18 5 26 27 8 -15 22 27 20 -19 -15 9 
18 -18 1 23 20 9 14 21 -26 -19 26 27 25 18 24 10 20 -11 22 10 
5 -27 27 24 15 8 4 16 6 25 16 2 21 9 28 26 19 4 -10 22 
-19 -13 1 5 -3 13 -16 13 21 10 7 12 7 11 25 16 17 6 4 22 
22 4 6 17 16 25 11 7 12 7 10 21 13 -16 13 -3 5 1 -13 -19 
22 -10 4 19 26 28 9 21 2 16 25 6 16 4 8 15 24 27 -27 5 
10 22 -11 20 10 24 18 25 27 26 -19 -26 21 14 9 20 23 1 -18 18 
9 -15 -19 20 27 22 -15 8 27 26 5 18 -9 27 -21 -10 15 -13 3 22 
21 23 -5 1 27 2 1 9 -8 26 -21 -10 9 -4 20 26 12 21 8 3 
10 23 1 19 18 7 -23 24 -10 18 17 26 5 17 -25 6 10 28 20 12 
22 -23 7 26 4 28 26 -22 15 24 11 28 15 -19 28 24 -11 9 7 26 
19 9 3 4 22 -19 -27 20 22 25 25 -11 12 0 10 23 -11 1 -10 6 
3 20 -2 1 0 4 25 2 -13 11 3 22 25 3 18 7 28 7 -23 -18 
15 -17 3 26 -11 5 11 17 23 3 18 16 16 -26 18 25 -4 5 -26 -3 
30
1
17 12
2 7
0
0
