20 20
9 -14 10 1 13 18 13 1 0 19 3 -8 7 9 16 14 -7 14 17 12 
-4 -15 19 3 17 4 17 -18 3 7 9 4 -11 6 11 11 13 -13 1 10 
16 -18 15 -19 -17 -17 -2 2 6 1 -13 6 14 8 3 7 -10 12 10 3 
12 13 12 -2 14 7 19 10 3 3 -6 19 11 3 4 3 6 5 15 -14 
7 -9 15 3 -9 10 12 5 0 18 6 16 13 8 15 17 15 7 8 -6 
-2 3 8 -5 8 -9 16 16 14 7 3 2 4 0 17 -9 5 15 16 8 
-9 1 -19 3 -10 7 -19 5 16 -11 -12 -19 -18 11 16 3 -18 2 -11 -16 
15 15 15 -11 11 6 2 -4 8 0 8 11 12 18 18 -6 11 1 19 11 
11 13 5 12 16 16 -16 15 13 -7 -3 -2 18 10 6 5 18 -18 19 15 
-17 4 1 5 -8 -3 -12 6 10 -6 -2 -12 12 11 12 16 7 19 -18 19 
19 -18 19 7 16 12 11 12 -12 -2 -6 10 6 -12 -3 -8 5 1 4 -17 
15 19 -18 18 5 6 10 18 -2 -3 -7 13 15 -16 16 16 12 5 13 11 
11 19 1 11 -6 18 18 12 11 8 0 8 -4 2 6 11 -11 15 15 15 
-16 -11 2 -18 3 16 11 -18 -19 -12 -11 16 5 -19 7 -10 3 -19 1 -9 
8 16 15 5 -9 17 0 4 2 3 7 14 16 16 -9 8 -5 8 3 -2 
-6 8 7 15 17 15 8 13 16 6 18 0 5 12 10 -9 3 15 -9 7 
-14 15 5 6 3 4 3 11 19 -6 3 3 10 19 7 14 -2 12 13 12 
3 10 12 -10 7 3 8 14 6 -13 1 6 2 -2 -17 -17 -19 15 -18 16 
10 1 -13 13 11 11 6 -11 4 9 7 3 -18 17 4 17 3 19 -15 -4 
12 17 14 -7 14 16 9 7 -8 3 19 0 1 13 18 13 1 10 -14 9 
30
1
12 14
7 5
0
0
