20 20
-21 -7 24 2 2 7 2 7 -24 8 0 9 -12 21 -26 9 16 6 -23 1 
13 1 4 -16 -9 -4 23 1 -15 26 -2 6 25 16 -25 -20 10 14 14 -13 
15 12 25 18 26 0 25 4 10 1 22 23 16 16 -17 6 20 2 19 24 
15 12 24 21 3 -1 26 22 24 12 12 26 -25 8 1 -13 25 13 -21 23 
18 1 19 0 13 11 16 12 19 14 -17 10 -25 22 18 2 -19 6 4 4 
-20 19 -10 10 7 12 4 1 13 16 22 12 -15 26 26 16 4 -8 10 12 
20 1 8 -2 25 -11 -25 11 6 22 7 9 25 -7 -26 14 16 -3 11 16 
19 20 4 21 22 10 2 14 -20 -18 -26 2 13 13 17 4 8 20 -4 13 
3 -16 17 -15 1 4 -17 10 15 -26 22 -3 2 4 9 11 7 11 15 9 
13 0 11 -14 24 3 12 25 21 25 -11 15 24 8 11 26 11 -10 20 3 
3 20 -10 11 26 11 8 24 15 -11 25 21 25 12 3 24 -14 11 0 13 
9 15 11 7 11 9 4 2 -3 22 -26 15 10 -17 4 1 -15 17 -16 3 
13 -4 20 8 4 17 13 13 2 -26 -18 -20 14 2 10 22 21 4 20 19 
16 11 -3 16 14 -26 -7 25 9 7 22 6 11 -25 -11 25 -2 8 1 20 
12 10 -8 4 16 26 26 -15 12 22 16 13 1 4 12 7 10 -10 19 -20 
4 4 6 -19 2 18 22 -25 10 -17 14 19 12 16 11 13 0 19 1 18 
23 -21 13 25 -13 1 8 -25 26 12 12 24 22 26 -1 3 21 24 12 15 
24 19 2 20 6 -17 16 16 23 22 1 10 4 25 0 26 18 25 12 15 
-13 14 14 10 -20 -25 16 25 6 -2 26 -15 1 23 -4 -9 -16 4 1 13 
1 -23 6 16 9 -26 21 -12 9 0 8 -24 7 2 7 2 2 24 -7 -21 
30
1
2 16
17 3
0
0
