20 20
29 0 -4 -12 -11 17 -26 6 13 -22 24 11 9 -9 16 -7 -12 19 -7 3 
27 29 14 19 18 18 25 26 26 20 14 9 14 -25 -8 -18 8 26 25 6 
16 28 -2 -7 8 9 26 8 8 12 -10 24 -22 -6 4 27 17 14 -5 17 
6 21 22 0 26 28 2 -9 29 -24 11 -17 22 -20 -24 26 -2 -6 17 -5 
8 9 3 24 26 -24 -14 15 6 24 17 -25 -29 -24 2 23 21 3 27 26 
29 9 -5 -1 28 -3 22 29 16 3 27 -9 21 9 15 22 4 27 26 -14 
-11 -23 -26 -6 19 -21 4 0 -26 8 11 22 14 -1 17 18 -8 13 5 19 
17 14 10 10 18 18 22 13 7 -6 11 24 20 -29 15 27 16 -7 24 -1 
25 -3 5 18 -14 21 26 -11 2 22 -23 -3 9 15 22 6 24 -11 9 21 
27 24 7 8 5 24 23 24 22 11 4 9 26 23 -9 16 15 21 15 7 
7 15 21 15 16 -9 23 26 9 4 11 22 24 23 24 5 8 7 24 27 
21 9 -11 24 6 22 15 9 -3 -23 22 2 -11 26 21 -14 18 5 -3 25 
-1 24 -7 16 27 15 -29 20 24 11 -6 7 13 22 18 18 10 10 14 17 
19 5 13 -8 18 17 -1 14 22 11 8 -26 0 4 -21 19 -6 -26 -23 -11 
-14 26 27 4 22 15 9 21 -9 27 3 16 29 22 -3 28 -1 -5 9 29 
26 27 3 21 23 2 -24 -29 -25 17 24 6 15 -14 -24 26 24 3 9 8 
-5 17 -6 -2 26 -24 -20 22 -17 11 -24 29 -9 2 28 26 0 22 21 6 
17 -5 14 17 27 4 -6 -22 24 -10 12 8 8 26 9 8 -7 -2 28 16 
6 25 26 8 -18 -8 -25 14 9 14 20 26 26 25 18 18 19 14 29 27 
3 -7 19 -12 -7 16 -9 9 11 24 -22 13 6 -26 17 -11 -12 -4 0 29 
30
1
14 13
5 6
0
0
