20 20
6 24 11 1 -9 -4 3 6 21 17 18 27 26 -13 -21 -7 21 -13 5 -17 
20 16 4 -1 18 26 0 24 -12 5 24 18 26 2 23 -16 22 -18 0 4 
2 5 -27 14 -19 -2 26 10 1 23 26 18 9 8 6 7 7 8 1 8 
1 -10 16 27 14 15 23 -22 -22 23 17 18 -3 -2 -16 -4 4 4 26 27 
23 20 16 17 3 19 -2 -15 4 28 17 19 1 6 6 4 13 3 18 7 
17 -17 6 -2 18 -19 6 -25 12 24 24 10 23 15 19 9 10 25 25 20 
-13 4 4 23 25 2 8 -2 16 20 -8 -26 12 -5 28 24 7 -7 7 5 
20 -4 -25 -12 15 22 11 18 -13 -26 23 2 22 -18 24 1 5 -22 -3 13 
-27 -13 8 11 11 -24 24 6 15 22 1 -24 20 -28 1 12 28 5 2 -10 
-26 3 4 6 26 5 25 12 20 28 17 22 22 -11 27 2 10 -1 4 7 
7 4 -1 10 2 27 -11 22 22 17 28 20 12 25 5 26 6 4 3 -26 
-10 2 5 28 12 1 -28 20 -24 1 22 15 6 24 -24 11 11 8 -13 -27 
13 -3 -22 5 1 24 -18 22 2 23 -26 -13 18 11 22 15 -12 -25 -4 20 
5 7 -7 7 24 28 -5 12 -26 -8 20 16 -2 8 2 25 23 4 4 -13 
20 25 25 10 9 19 15 23 10 24 24 12 -25 6 -19 18 -2 6 -17 17 
7 18 3 13 4 6 6 1 19 17 28 4 -15 -2 19 3 17 16 20 23 
27 26 4 4 -4 -16 -2 -3 18 17 23 -22 -22 23 15 14 27 16 -10 1 
8 1 8 7 7 6 8 9 18 26 23 1 10 26 -2 -19 14 -27 5 2 
4 0 -18 22 -16 23 2 26 18 24 5 -12 24 0 26 18 -1 4 16 20 
-17 5 -13 21 -7 -21 -13 26 27 18 17 21 6 3 -4 -9 1 11 24 6 
30
1
2 14
17 5
0
0
