20 20
-5 6 -4 6 1 7 -9 11 7 -8 -16 8 5 -3 -10 15 9 14 2 -5 
9 14 9 10 16 3 14 3 -1 12 9 16 16 12 10 11 12 10 4 11 
16 16 10 11 3 5 16 3 0 14 15 9 13 14 9 16 15 10 15 4 
8 4 -2 5 -14 1 10 14 4 4 -13 -17 -5 0 -10 13 6 13 4 -7 
16 15 16 13 -16 16 14 11 14 7 10 14 -8 17 -14 12 -12 14 14 8 
16 3 13 -13 9 14 -2 -1 17 8 10 -4 9 -15 13 -16 4 -16 -16 16 
8 8 11 13 6 4 -11 -14 10 7 5 3 -14 16 -16 -8 12 7 6 11 
1 4 -14 0 -14 1 10 16 17 5 -2 -13 2 8 5 -6 7 12 12 -3 
14 10 3 7 7 8 10 4 16 -12 -9 3 5 12 9 4 -11 1 17 15 
2 -11 -16 12 13 4 -8 17 11 -16 2 11 -13 -7 13 8 2 16 6 6 
6 6 16 2 8 13 -7 -13 11 2 -16 11 17 -8 4 13 12 -16 -11 2 
15 17 1 -11 4 9 12 5 3 -9 -12 16 4 10 8 7 7 3 10 14 
-3 12 12 7 -6 5 8 2 -13 -2 5 17 16 10 1 -14 0 -14 4 1 
11 6 7 12 -8 -16 16 -14 3 5 7 10 -14 -11 4 6 13 11 8 8 
16 -16 -16 4 -16 13 -15 9 -4 10 8 17 -1 -2 14 9 -13 13 3 16 
8 14 14 -12 12 -14 17 -8 14 10 7 14 11 14 16 -16 13 16 15 16 
-7 4 13 6 13 -10 0 -5 -17 -13 4 4 14 10 1 -14 5 -2 4 8 
4 15 10 15 16 9 14 13 9 15 14 0 3 16 5 3 11 10 16 16 
11 4 10 12 11 10 12 16 16 9 12 -1 3 14 3 16 10 9 14 9 
-5 2 14 9 15 -10 -3 5 8 -16 -8 7 11 -9 7 1 6 -4 6 -5 
30
1
9 15
10 4
0
0
