20 20
-6 14 -10 -6 15 -13 10 4 2 7 11 12 6 6 9 -5 7 5 -1 -3 
-14 15 10 4 6 5 -7 5 8 7 -1 2 15 -4 13 -1 3 3 2 13 
13 1 1 14 11 15 8 5 14 11 2 -15 -3 9 -7 9 5 13 11 -1 
10 -7 13 15 10 7 4 -15 4 13 -8 3 -4 2 5 11 -13 1 6 10 
-10 1 0 1 -3 -1 2 0 0 -12 10 8 10 11 -6 11 15 12 6 3 
9 4 14 -1 1 0 12 13 13 12 3 -2 7 -2 11 8 14 15 7 3 
-8 2 15 4 3 14 10 -6 6 -11 -6 11 1 -4 -9 4 7 -14 10 7 
13 10 6 4 1 6 10 11 -13 10 6 -10 14 -6 11 -1 15 4 -9 13 
13 14 -5 10 12 -4 9 11 3 7 2 10 4 -11 4 3 -9 6 -15 1 
9 10 10 14 -7 15 -6 -5 -14 -7 -8 7 2 -9 -11 15 -10 14 -12 13 
13 -12 14 -10 15 -11 -9 2 7 -8 -7 -14 -5 -6 15 -7 14 10 10 9 
1 -15 6 -9 3 4 -11 4 10 2 7 3 11 9 -4 12 10 -5 14 13 
13 -9 4 15 -1 11 -6 14 -10 6 10 -13 11 10 6 1 4 6 10 13 
7 10 -14 7 4 -9 -4 1 11 -6 -11 6 -6 10 14 3 4 15 2 -8 
3 7 15 14 8 11 -2 7 -2 3 12 13 13 12 0 1 -1 14 4 9 
3 6 12 15 11 -6 11 10 8 10 -12 0 0 2 -1 -3 1 0 1 -10 
10 6 1 -13 11 5 2 -4 3 -8 13 4 -15 4 7 10 15 13 -7 10 
-1 11 13 5 9 -7 9 -3 -15 2 11 14 5 8 15 11 14 1 1 13 
13 2 3 3 -1 13 -4 15 2 -1 7 8 5 -7 5 6 4 10 15 -14 
-3 -1 5 7 -5 9 6 6 12 11 7 2 4 10 -13 15 -6 -10 14 -6 
30
1
17 2
2 17
0
0
