20 20
16 -19 14 -22 3 8 5 26 -26 -16 9 13 -25 12 -12 5 23 -21 13 -7 
18 -10 20 18 -2 17 5 -23 0 0 -17 -10 11 13 18 26 7 -24 18 13 
2 -10 -20 8 1 -23 23 -23 1 7 -22 14 10 17 -10 11 22 -8 9 6 
9 22 19 21 4 2 -14 14 -18 11 22 9 2 -4 14 8 10 22 22 3 
19 23 -20 8 13 24 13 2 25 21 -5 20 3 21 12 -1 16 16 8 13 
24 20 -3 -7 -19 17 -11 -14 22 9 -9 11 3 9 8 3 19 9 -15 23 
16 10 8 16 3 13 -24 6 25 -15 3 -20 11 0 17 20 26 -25 -16 26 
-12 -25 -25 7 22 15 14 3 15 15 1 8 0 18 -22 13 -3 26 -25 14 
9 -19 24 9 3 15 15 23 14 24 18 2 5 10 2 9 8 20 -22 21 
10 -15 17 19 -3 8 7 21 -4 14 10 -20 0 12 25 -15 -18 -9 -11 0 
0 -11 -9 -18 -15 25 12 0 -20 10 14 -4 21 7 8 -3 19 17 -15 10 
21 -22 20 8 9 2 10 5 2 18 24 14 23 15 15 3 9 24 -19 9 
14 -25 26 -3 13 -22 18 0 8 1 15 15 3 14 15 22 7 -25 -25 -12 
26 -16 -25 26 20 17 0 11 -20 3 -15 25 6 -24 13 3 16 8 10 16 
23 -15 9 19 3 8 9 3 11 -9 9 22 -14 -11 17 -19 -7 -3 20 24 
13 8 16 16 -1 12 21 3 20 -5 21 25 2 13 24 13 8 -20 23 19 
3 22 22 10 8 14 -4 2 9 22 11 -18 14 -14 2 4 21 19 22 9 
6 9 -8 22 11 -10 17 10 14 -22 7 1 -23 23 -23 1 8 -20 -10 2 
13 18 -24 7 26 18 13 11 -10 -17 0 0 -23 5 17 -2 18 20 -10 18 
-7 13 -21 23 5 -12 12 -25 13 9 -16 -26 26 5 8 3 -22 14 -19 16 
30
1
13 4
6 15
0
0
