20 20
16 -2 6 14 -1 -5 12 9 16 12 3 -3 9 12 -11 2 2 12 -7 11 
3 -8 8 14 -17 -8 9 17 -5 17 9 5 13 17 -1 14 -13 10 12 4 
7 -16 13 2 17 7 5 11 -2 -9 16 -11 -15 14 16 14 3 14 15 2 
8 9 3 1 -1 -2 1 0 5 -8 4 13 -8 8 17 16 -16 -11 -3 16 
7 7 17 -1 9 0 17 2 -17 12 15 1 12 4 -2 4 16 -6 1 5 
10 7 -6 -6 2 9 -7 4 1 17 9 1 0 12 -7 2 17 16 4 9 
12 -8 -9 2 -11 5 0 15 14 10 8 17 0 7 9 -16 1 -12 4 16 
4 0 -2 -15 -16 5 11 3 -17 16 12 1 7 3 1 14 3 16 7 6 
-15 7 14 5 16 14 -16 11 15 12 10 14 10 9 -7 6 12 16 -12 -2 
10 -14 16 13 -2 2 -13 2 7 14 2 4 7 12 9 13 8 8 0 13 
13 0 8 8 13 9 12 7 4 2 14 7 2 -13 2 -2 13 16 -14 10 
-2 -12 16 12 6 -7 9 10 14 10 12 15 11 -16 14 16 5 14 7 -15 
6 7 16 3 14 1 3 7 1 12 16 -17 3 11 5 -16 -15 -2 0 4 
16 4 -12 1 -16 9 7 0 17 8 10 14 15 0 5 -11 2 -9 -8 12 
9 4 16 17 2 -7 12 0 1 9 17 1 4 -7 9 2 -6 -6 7 10 
5 1 -6 16 4 -2 4 12 1 15 12 -17 2 17 0 9 -1 17 7 7 
16 -3 -11 -16 16 17 8 -8 13 4 -8 5 0 1 -2 -1 1 3 9 8 
2 15 14 3 14 16 14 -15 -11 16 -9 -2 11 5 7 17 2 13 -16 7 
4 12 10 -13 14 -1 17 13 5 9 17 -5 17 9 -8 -17 14 8 -8 3 
11 -7 12 2 2 -11 12 9 -3 3 12 16 9 12 -5 -1 14 6 -2 16 
30
1
19 9
0 10
0
0
