20 20
2 4 27 3 2 -8 29 -29 -20 -22 -4 -25 1 12 29 12 28 29 24 29 
22 2 28 12 12 19 23 -7 12 -10 -21 21 18 28 -23 0 17 8 28 9 
23 -2 19 -25 21 -17 12 -29 -9 16 17 26 9 11 -7 -4 -17 8 -3 25 
-12 13 27 -27 10 3 19 8 24 25 8 2 8 21 15 15 29 -12 3 15 
26 11 16 6 25 22 19 -2 15 18 29 12 -12 6 20 -10 -25 -20 13 7 
-26 7 15 14 7 -27 -20 29 4 6 22 22 2 -4 -24 14 5 -22 4 3 
22 7 4 1 24 19 20 21 21 -26 25 -7 11 16 -4 21 1 13 24 8 
-12 -28 24 -7 28 23 -10 18 9 12 4 16 9 -17 5 18 6 25 15 19 
-18 10 -27 10 -27 12 24 5 -27 18 -17 -5 2 28 0 -8 20 -16 7 16 
-20 29 -22 15 -5 26 -27 17 27 13 -7 10 -24 -3 -16 12 -15 19 14 16 
16 14 19 -15 12 -16 -3 -24 10 -7 13 27 17 -27 26 -5 15 -22 29 -20 
16 7 -16 20 -8 0 28 2 -5 -17 18 -27 5 24 12 -27 10 -27 10 -18 
19 15 25 6 18 5 -17 9 16 4 12 9 18 -10 23 28 -7 24 -28 -12 
8 24 13 1 21 -4 16 11 -7 25 -26 21 21 20 19 24 1 4 7 22 
3 4 -22 5 14 -24 -4 2 22 22 6 4 29 -20 -27 7 14 15 7 -26 
7 13 -20 -25 -10 20 6 -12 12 29 18 15 -2 19 22 25 6 16 11 26 
15 3 -12 29 15 15 21 8 2 8 25 24 8 19 3 10 -27 27 13 -12 
25 -3 8 -17 -4 -7 11 9 26 17 16 -9 -29 12 -17 21 -25 19 -2 23 
9 28 8 17 0 -23 28 18 21 -21 -10 12 -7 23 19 12 12 28 2 22 
29 24 29 28 12 29 12 1 -25 -4 -22 -20 -29 29 -8 2 3 27 4 2 
30
1
11 18
8 1
0
0
