20 20
2 -10 13 5 11 3 4 -1 4 2 12 -12 5 12 0 5 11 -13 4 8 
-6 2 6 -6 -9 1 -2 10 -9 2 7 2 -7 0 11 4 12 11 2 3 
-7 3 -11 -1 -9 4 9 10 6 5 1 -10 -10 -2 -4 9 6 8 2 7 
5 -2 -6 5 13 6 11 8 10 10 6 5 12 1 5 11 4 -1 12 0 
3 13 12 11 -10 4 11 5 8 0 11 9 -13 8 8 8 -4 3 6 1 
5 2 1 9 12 6 11 8 10 7 -8 -12 -10 8 9 8 -12 3 13 9 
9 5 11 13 4 -3 8 11 0 1 12 -13 -13 12 5 1 5 8 -1 9 
-1 13 -7 -12 -7 -7 10 6 10 -4 13 -9 7 -11 13 7 -3 7 11 1 
10 12 1 9 10 6 5 7 1 -6 13 -7 8 7 5 2 -13 10 3 5 
10 13 -1 12 -10 -9 -13 4 2 2 3 -10 10 4 8 3 -11 9 11 8 
8 11 9 -11 3 8 4 10 -10 3 2 2 4 -13 -9 -10 12 -1 13 10 
5 3 10 -13 2 5 7 8 -7 13 -6 1 7 5 6 10 9 1 12 10 
1 11 7 -3 7 13 -11 7 -9 13 -4 10 6 10 -7 -7 -12 -7 13 -1 
9 -1 8 5 1 5 12 -13 -13 12 1 0 11 8 -3 4 13 11 5 9 
9 13 3 -12 8 9 8 -10 -12 -8 7 10 8 11 6 12 9 1 2 5 
1 6 3 -4 8 8 8 -13 9 11 0 8 5 11 4 -10 11 12 13 3 
0 12 -1 4 11 5 1 12 5 6 10 10 8 11 6 13 5 -6 -2 5 
7 2 8 6 9 -4 -2 -10 -10 1 5 6 10 9 4 -9 -1 -11 3 -7 
3 2 11 12 4 11 0 -7 2 7 2 -9 10 -2 1 -9 -6 6 2 -6 
8 4 -13 11 5 0 12 5 -12 12 2 4 -1 4 3 11 5 13 -10 2 
30
1
19 11
0 8
0
0
