20 20
-8 1 10 7 -2 14 -12 9 18 -14 11 -14 16 5 8 -5 9 5 8 -13 
3 2 14 2 3 -15 -6 10 13 -9 7 12 1 18 1 -2 -6 11 -3 17 
-6 12 14 -4 -2 -12 17 0 6 8 3 14 -7 8 -12 11 8 17 -4 15 
-9 13 8 15 -17 6 14 1 9 11 17 2 -5 1 -8 14 14 12 5 16 
12 -7 14 15 1 -12 14 5 -8 10 9 16 7 13 2 14 -11 12 10 15 
14 13 -11 15 11 -4 9 16 5 14 14 -11 11 6 -10 -14 3 5 11 7 
18 17 4 4 16 14 17 -13 15 18 16 14 13 3 -15 10 3 14 -4 10 
4 4 15 -14 -16 12 -13 18 4 1 0 0 11 8 1 14 8 15 15 -9 
-17 13 -14 -9 -7 16 17 -12 11 -13 8 16 -8 10 -1 5 18 16 3 6 
-16 -18 -15 -16 18 -11 -18 -3 3 14 1 14 17 10 8 3 6 13 14 1 
1 14 13 6 3 8 10 17 14 1 14 3 -3 -18 -11 18 -16 -15 -18 -16 
6 3 16 18 5 -1 10 -8 16 8 -13 11 -12 17 16 -7 -9 -14 13 -17 
-9 15 15 8 14 1 8 11 0 0 1 4 18 -13 12 -16 -14 15 4 4 
10 -4 14 3 10 -15 3 13 14 16 18 15 -13 17 14 16 4 4 17 18 
7 11 5 3 -14 -10 6 11 -11 14 14 5 16 9 -4 11 15 -11 13 14 
15 10 12 -11 14 2 13 7 16 9 10 -8 5 14 -12 1 15 14 -7 12 
16 5 12 14 14 -8 1 -5 2 17 11 9 1 14 6 -17 15 8 13 -9 
15 -4 17 8 11 -12 8 -7 14 3 8 6 0 17 -12 -2 -4 14 12 -6 
17 -3 11 -6 -2 1 18 1 12 7 -9 13 10 -6 -15 3 2 14 2 3 
-13 8 5 9 -5 8 5 16 -14 11 -14 18 9 -12 14 -2 7 10 1 -8 
30
1
13 2
6 17
0
0
