20 20
19 -5 -18 -15 18 -10 8 -2 18 14 -19 -4 7 4 0 -17 6 8 15 19 
20 15 13 -14 10 13 7 5 9 -6 4 5 -7 10 18 13 -4 -16 16 -15 
-17 12 18 11 18 12 12 10 -1 7 17 5 7 4 17 -9 18 -2 -5 13 
-11 6 -18 -6 3 -16 -9 7 14 3 13 -6 -13 11 13 18 16 -2 -7 1 
1 18 -4 4 20 -5 18 -17 5 -1 19 -2 4 8 10 20 2 18 15 17 
5 14 20 6 17 5 18 -12 18 7 -3 8 17 -14 10 6 3 0 8 12 
1 14 16 4 6 2 19 9 6 4 -2 -13 1 1 9 17 3 13 15 3 
-18 9 -3 6 18 19 12 -11 19 2 14 5 14 7 14 2 13 -2 13 3 
18 9 10 -20 7 4 13 -19 -20 6 15 -6 16 2 -6 -15 -7 13 19 4 
8 20 20 5 14 13 10 11 8 -19 14 17 7 16 18 15 7 5 6 8 
8 6 5 7 15 18 16 7 17 14 -19 8 11 10 13 14 5 20 20 8 
4 19 13 -7 -15 -6 2 16 -6 15 6 -20 -19 13 4 7 -20 10 9 18 
3 13 -2 13 2 14 7 14 5 14 2 19 -11 12 19 18 6 -3 9 -18 
3 15 13 3 17 9 1 1 -13 -2 4 6 9 19 2 6 4 16 14 1 
12 8 0 3 6 10 -14 17 8 -3 7 18 -12 18 5 17 6 20 14 5 
17 15 18 2 20 10 8 4 -2 19 -1 5 -17 18 -5 20 4 -4 18 1 
1 -7 -2 16 18 13 11 -13 -6 13 3 14 7 -9 -16 3 -6 -18 6 -11 
13 -5 -2 18 -9 17 4 7 5 17 7 -1 10 12 12 18 11 18 12 -17 
-15 16 -16 -4 13 18 10 -7 5 4 -6 9 5 7 13 10 -14 13 15 20 
19 15 8 6 -17 0 4 7 -4 -19 14 18 -2 8 -10 18 -15 -18 -5 19 
30
1
8 17
11 2
0
0
