20 20
-23 5 17 10 5 11 17 -2 12 -12 5 -17 22 -1 12 -17 11 14 -13 -21 
-1 -13 1 19 24 3 22 -2 15 19 3 8 19 13 11 -24 22 22 22 4 
1 22 17 2 -11 3 4 -9 21 4 -5 19 8 -17 20 12 -19 14 9 10 
-24 -5 3 -12 22 8 16 13 -20 17 2 16 20 10 20 -2 20 3 -19 9 
20 3 1 8 3 7 21 12 17 14 13 12 11 3 -7 -19 -1 18 -6 22 
11 24 24 7 5 20 12 -18 23 4 23 10 18 18 22 16 -9 7 19 1 
-6 8 -17 20 7 18 9 16 1 10 -19 14 21 24 4 -3 -3 12 14 1 
20 -17 -19 19 21 1 12 -24 3 0 21 6 24 0 6 3 23 9 12 15 
7 -21 19 15 21 22 7 4 9 11 -1 4 -9 18 -7 -3 2 14 11 21 
7 -11 18 -19 22 10 13 4 12 1 1 21 9 22 10 12 15 -18 15 7 
7 15 -18 15 12 10 22 9 21 1 1 12 4 13 10 22 -19 18 -11 7 
21 11 14 2 -3 -7 18 -9 4 -1 11 9 4 7 22 21 15 19 -21 7 
15 12 9 23 3 6 0 24 6 21 0 3 -24 12 1 21 19 -19 -17 20 
1 14 12 -3 -3 4 24 21 14 -19 10 1 16 9 18 7 20 -17 8 -6 
1 19 7 -9 16 22 18 18 10 23 4 23 -18 12 20 5 7 24 24 11 
22 -6 18 -1 -19 -7 3 11 12 13 14 17 12 21 7 3 8 1 3 20 
9 -19 3 20 -2 20 10 20 16 2 17 -20 13 16 8 22 -12 3 -5 -24 
10 9 14 -19 12 20 -17 8 19 -5 4 21 -9 4 3 -11 2 17 22 1 
4 22 22 22 -24 11 13 19 8 3 19 15 -2 22 3 24 19 1 -13 -1 
-21 -13 14 11 -17 12 -1 22 -17 5 -12 12 -2 17 11 5 10 17 5 -23 
30
1
18 16
1 3
0
0
