20 20
-11 7 4 2 -12 -2 -19 25 6 15 -21 -2 23 16 5 24 -24 -13 0 1 
-1 2 -12 9 18 16 25 1 12 21 16 -15 -13 5 12 -25 6 25 26 12 
7 22 20 24 2 7 4 15 4 5 10 -11 0 2 -14 4 21 8 -8 20 
19 -5 24 6 16 -22 -10 8 15 5 3 6 19 -8 12 16 9 12 8 5 
13 6 2 26 13 17 6 0 -19 -8 13 19 14 2 23 -9 -6 23 14 7 
1 26 20 -24 -6 14 -13 16 3 19 -24 26 5 -5 -3 12 5 12 23 18 
26 7 7 26 16 21 19 2 23 5 3 2 14 26 4 14 18 12 4 0 
18 -4 19 4 15 14 6 3 8 24 25 18 23 7 10 17 12 -26 19 7 
-26 2 9 2 5 7 1 -5 8 2 19 2 12 -16 -8 -19 25 -5 4 12 
7 0 -13 26 24 17 -22 14 7 21 22 25 7 7 6 20 3 22 -3 11 
11 -3 22 3 20 6 7 7 25 22 21 7 14 -22 17 24 26 -13 0 7 
12 4 -5 25 -19 -8 -16 12 2 19 2 8 -5 1 7 5 2 9 2 -26 
7 19 -26 12 17 10 7 23 18 25 24 8 3 6 14 15 4 19 -4 18 
0 4 12 18 14 4 26 14 2 3 5 23 2 19 21 16 26 7 7 26 
18 23 12 5 12 -3 -5 5 26 -24 19 3 16 -13 14 -6 -24 20 26 1 
7 14 23 -6 -9 23 2 14 19 13 -8 -19 0 6 17 13 26 2 6 13 
5 8 12 9 16 12 -8 19 6 3 5 15 8 -10 -22 16 6 24 -5 19 
20 -8 8 21 4 -14 2 0 -11 10 5 4 15 4 7 2 24 20 22 7 
12 26 25 6 -25 12 5 -13 -15 16 21 12 1 25 16 18 9 -12 2 -1 
1 0 -13 -24 24 5 16 23 -2 -21 15 6 25 -19 -2 -12 2 4 7 -11 
30
1
3 9
16 10
0
0
