20 20
-7 4 13 -8 4 -10 12 3 13 4 6 19 18 -6 13 12 3 -15 13 16 
11 15 2 -2 9 -3 11 16 0 10 19 15 15 7 -5 16 -18 0 18 3 
2 6 18 11 15 11 16 9 18 -11 8 16 4 8 7 -17 17 17 13 11 
13 16 11 8 14 8 11 4 4 15 5 13 8 -6 -15 -7 14 6 18 6 
-13 3 19 3 9 18 9 5 5 -5 7 13 -16 19 11 -10 -3 9 2 -17 
2 3 0 16 11 4 4 2 -13 3 19 -7 -17 -15 -3 10 10 0 -15 -5 
7 18 8 9 -6 11 8 5 -7 10 -19 -2 3 -19 15 -13 12 12 6 18 
2 2 11 13 -10 11 1 19 19 -10 -4 8 -10 6 18 -6 -7 -11 18 19 
-4 -14 1 2 -16 19 16 3 9 5 18 -13 14 10 9 -1 17 4 2 -11 
13 -8 17 6 -11 4 14 17 -16 19 -3 6 -1 15 3 -18 7 -1 -5 9 
9 -5 -1 7 -18 3 15 -1 6 -3 19 -16 17 14 4 -11 6 17 -8 13 
-11 2 4 17 -1 9 10 14 -13 18 5 9 3 16 19 -16 2 1 -14 -4 
19 18 -11 -7 -6 18 6 -10 8 -4 -10 19 19 1 11 -10 13 11 2 2 
18 6 12 12 -13 15 -19 3 -2 -19 10 -7 5 8 11 -6 9 8 18 7 
-5 -15 0 10 10 -3 -15 -17 -7 19 3 -13 2 4 4 11 16 0 3 2 
-17 2 9 -3 -10 11 19 -16 13 7 -5 5 5 9 18 9 3 19 3 -13 
6 18 6 14 -7 -15 -6 8 13 5 15 4 4 11 8 14 8 11 16 13 
11 13 17 17 -17 7 8 4 16 8 -11 18 9 16 11 15 11 18 6 2 
3 18 0 -18 16 -5 7 15 15 19 10 0 16 11 -3 9 -2 2 15 11 
16 13 -15 3 12 13 -6 18 19 6 4 13 3 12 -10 4 -8 13 4 -7 
30
1
17 0
2 19
0
0
