20 20
5 6 7 2 7 6 -10 4 9 -9 -6 8 -8 -1 5 6 2 11 -7 3 
7 8 10 9 11 5 7 1 7 1 8 -9 8 3 1 3 0 5 7 8 
-3 1 1 7 2 5 7 11 9 0 2 3 5 -1 11 2 -4 11 7 6 
0 5 5 7 3 10 10 10 4 0 8 11 6 2 5 10 -8 8 -8 7 
3 0 2 6 10 9 -1 -11 3 4 4 -8 5 -1 -1 10 4 -9 10 9 
0 9 1 0 4 0 8 -10 10 11 10 4 1 2 8 2 0 10 8 6 
-1 -4 2 9 9 1 9 -10 5 6 3 11 -8 -3 5 10 3 9 9 4 
2 6 3 0 5 4 5 3 4 -9 10 1 -1 7 1 9 10 -3 8 4 
-11 2 2 5 2 1 7 -8 9 11 11 -10 2 -11 4 2 -10 3 8 11 
9 -5 -11 -4 10 -3 8 5 -5 -7 -5 -11 3 -2 4 8 0 0 9 0 
0 9 0 0 8 4 -2 3 -11 -5 -7 -5 5 8 -3 10 -4 -11 -5 9 
11 8 3 -10 2 4 -11 2 -10 11 11 9 -8 7 1 2 5 2 2 -11 
4 8 -3 10 9 1 7 -1 1 10 -9 4 3 5 4 5 0 3 6 2 
4 9 9 3 10 5 -3 -8 11 3 6 5 -10 9 1 9 9 2 -4 -1 
6 8 10 0 2 8 2 1 4 10 11 10 -10 8 0 4 0 1 9 0 
9 10 -9 4 10 -1 -1 5 -8 4 4 3 -11 -1 9 10 6 2 0 3 
7 -8 8 -8 10 5 2 6 11 8 0 4 10 10 10 3 7 5 5 0 
6 7 11 -4 2 11 -1 5 3 2 0 9 11 7 5 2 7 1 1 -3 
8 7 5 0 3 1 3 8 -9 8 1 7 1 7 5 11 9 10 8 7 
3 -7 11 2 6 5 -1 -8 8 -6 -9 9 4 -10 6 7 2 7 6 5 
30
1
10 18
9 1
0
0
