20 20
10 8 2 10 6 3 7 8 -5 10 -9 1 3 2 7 7 -4 2 10 -1 
2 4 1 1 2 1 8 8 5 11 -11 5 7 10 3 -7 0 -7 0 8 
-5 -9 7 4 -6 3 10 8 -1 4 -4 11 6 -1 5 11 9 11 -2 6 
8 -9 0 -5 8 1 8 -11 11 9 4 9 -4 4 5 3 -5 -4 0 5 
-4 6 6 3 5 7 9 -4 6 4 -9 -1 5 4 8 5 5 2 -6 11 
4 8 11 10 9 1 2 -1 4 8 3 6 -6 10 9 4 -9 1 -3 1 
-5 11 6 -5 -2 2 0 5 1 2 1 -6 1 10 9 3 3 10 8 11 
-5 5 -4 8 -10 0 4 10 11 7 11 0 -8 9 7 -6 9 11 8 7 
0 0 0 -7 -8 4 8 5 10 10 5 10 5 6 5 -2 3 -6 -5 11 
2 6 5 -3 6 3 7 -1 -2 11 -1 7 -6 9 4 -3 1 -11 -3 -8 
-8 -3 -11 1 -3 4 9 -6 7 -1 11 -2 -1 7 3 6 -3 5 6 2 
11 -5 -6 3 -2 5 6 5 10 5 10 10 5 8 4 -8 -7 0 0 0 
7 8 11 9 -6 7 9 -8 0 11 7 11 10 4 0 -10 8 -4 5 -5 
11 8 10 3 3 9 10 1 -6 1 2 1 5 0 2 -2 -5 6 11 -5 
1 -3 1 -9 4 9 10 -6 6 3 8 4 -1 2 1 9 10 11 8 4 
11 -6 2 5 5 8 4 5 -1 -9 4 6 -4 9 7 5 3 6 6 -4 
5 0 -4 -5 3 5 4 -4 9 4 9 11 -11 8 1 8 -5 0 -9 8 
6 -2 11 9 11 5 -1 6 11 -4 4 -1 8 10 3 -6 4 7 -9 -5 
8 0 -7 0 -7 3 10 7 5 -11 11 5 8 8 1 2 1 1 4 2 
-1 10 2 -4 7 7 2 3 1 -9 10 -5 8 7 3 6 10 2 8 10 
30
1
8 10
11 9
0
0
