20 20
8 16 6 20 17 15 5 12 2 21 6 1 19 -11 -9 19 -20 1 8 13 
12 14 -19 17 -13 0 6 7 4 13 1 6 0 15 -12 16 10 1 20 1 
5 0 -20 21 6 -19 12 20 18 15 20 2 13 21 18 10 9 17 5 7 
-3 -3 19 20 -8 15 -21 -12 -13 9 -16 8 9 10 7 -6 -6 13 20 15 
3 -5 1 6 3 8 14 -16 18 11 14 10 -4 -3 15 -15 1 13 19 6 
15 15 -18 21 -10 -9 -18 17 14 10 21 7 11 4 4 9 7 -20 -13 3 
-16 13 -4 18 6 12 12 -4 3 3 11 -15 20 15 19 15 0 21 19 -12 
18 4 16 14 -1 20 -17 1 15 2 -14 19 3 1 3 0 12 -3 -11 -10 
9 21 3 -18 2 0 8 6 4 12 -6 19 17 18 7 -17 16 -7 14 18 
13 3 7 2 16 16 11 13 5 8 14 -5 4 13 -4 -17 20 6 1 6 
6 1 6 20 -17 -4 13 4 -5 14 8 5 13 11 16 16 2 7 3 13 
18 14 -7 16 -17 7 18 17 19 -6 12 4 6 8 0 2 -18 3 21 9 
-10 -11 -3 12 0 3 1 3 19 -14 2 15 1 -17 20 -1 14 16 4 18 
-12 19 21 0 15 19 15 20 -15 11 3 3 -4 12 12 6 18 -4 13 -16 
3 -13 -20 7 9 4 4 11 7 21 10 14 17 -18 -9 -10 21 -18 15 15 
6 19 13 1 -15 15 -3 -4 10 14 11 18 -16 14 8 3 6 1 -5 3 
15 20 13 -6 -6 7 10 9 8 -16 9 -13 -12 -21 15 -8 20 19 -3 -3 
7 5 17 9 10 18 21 13 2 20 15 18 20 12 -19 6 21 -20 0 5 
1 20 1 10 16 -12 15 0 6 1 13 4 7 6 0 -13 17 -19 14 12 
13 8 1 -20 19 -9 -11 19 1 6 21 2 12 5 15 17 20 6 16 8 
30
1
1 17
18 2
0
0
