20 20
8 13 1 3 -4 -10 8 -1 5 12 11 5 13 8 12 11 0 0 6 8 
7 -6 -9 -4 -12 8 -1 11 11 0 9 -1 13 9 4 6 3 13 6 6 
6 -4 4 9 13 0 1 -8 8 4 -1 11 7 10 0 9 5 -5 10 9 
10 12 -4 -3 6 11 1 12 10 1 -12 0 10 0 3 7 6 2 11 -7 
4 -5 1 -9 4 13 -11 4 1 13 -6 4 10 7 -12 -9 13 13 8 -9 
12 4 11 6 4 5 9 1 7 10 -3 2 9 9 11 4 1 10 4 8 
12 1 10 1 2 1 5 13 -6 4 0 10 6 9 1 6 5 3 12 0 
12 11 2 -12 3 11 10 12 13 8 -11 10 3 5 3 10 8 10 3 11 
12 13 11 -4 -12 2 -12 8 11 4 -1 1 12 7 1 5 13 7 9 9 
6 9 0 10 -2 4 8 -11 -11 9 7 11 9 -9 8 6 12 -9 9 8 
8 9 -9 12 6 8 -9 9 11 7 9 -11 -11 8 4 -2 10 0 9 6 
9 9 7 13 5 1 7 12 1 -1 4 11 8 -12 2 -12 -4 11 13 12 
11 3 10 8 10 3 5 3 10 -11 8 13 12 10 11 3 -12 2 11 12 
0 12 3 5 6 1 9 6 10 0 4 -6 13 5 1 2 1 10 1 12 
8 4 10 1 4 11 9 9 2 -3 10 7 1 9 5 4 6 11 4 12 
-9 8 13 13 -9 -12 7 10 4 -6 13 1 4 -11 13 4 -9 1 -5 4 
-7 11 2 6 7 3 0 10 0 -12 1 10 12 1 11 6 -3 -4 12 10 
9 10 -5 5 9 0 10 7 11 -1 4 8 -8 1 0 13 9 4 -4 6 
6 6 13 3 6 4 9 13 -1 9 0 11 11 -1 8 -12 -4 -9 -6 7 
8 6 0 0 11 12 8 13 5 11 12 5 -1 8 -10 -4 3 1 13 8 
30
1
17 16
2 3
0
0
