20 20
15 1 -6 11 10 14 -4 5 10 8 13 14 6 11 14 0 9 1 4 8 
16 11 4 13 -13 9 5 16 10 8 1 10 10 4 11 7 -8 3 5 6 
0 -12 3 -2 1 9 9 15 5 2 16 1 13 13 -11 14 10 7 9 -1 
11 12 4 -9 16 13 6 -3 6 -12 -2 16 -2 -8 -6 8 -8 16 13 1 
-2 6 8 5 3 6 -4 12 11 13 12 -16 -8 16 8 -15 15 -15 3 12 
9 -7 1 -10 12 11 12 2 2 13 8 12 14 2 9 13 -16 -2 1 7 
10 12 8 12 11 4 13 -3 -9 -6 3 11 6 12 11 -3 -13 -14 -4 11 
5 -4 11 -2 13 1 3 6 13 -8 4 -11 8 8 11 4 2 5 12 -16 
6 14 7 11 15 14 10 15 8 16 -3 -13 10 13 11 3 -8 2 13 11 
0 1 4 -9 12 -1 7 -8 -14 15 8 6 0 8 -5 14 12 14 14 8 
8 14 14 12 14 -5 8 0 6 8 15 -14 -8 7 -1 12 -9 4 1 0 
11 13 2 -8 3 11 13 10 -13 -3 16 8 15 10 14 15 11 7 14 6 
-16 12 5 2 4 11 8 8 -11 4 -8 13 6 3 1 13 -2 11 -4 5 
11 -4 -14 -13 -3 11 12 6 11 3 -6 -9 -3 13 4 11 12 8 12 10 
7 1 -2 -16 13 9 2 14 12 8 13 2 2 12 11 12 -10 1 -7 9 
12 3 -15 15 -15 8 16 -8 -16 12 13 11 12 -4 6 3 5 8 6 -2 
1 13 16 -8 8 -6 -8 -2 16 -2 -12 6 -3 6 13 16 -9 4 12 11 
-1 9 7 10 14 -11 13 13 1 16 2 5 15 9 9 1 -2 3 -12 0 
6 5 3 -8 7 11 4 10 10 1 8 10 16 5 9 -13 13 4 11 16 
8 4 1 9 0 14 11 6 14 13 8 10 5 -4 14 10 11 -6 1 15 
30
1
2 9
17 10
0
0
