20 20
-14 7 -19 18 9 12 20 12 15 9 1 23 11 7 6 13 11 20 22 -20 
20 4 -1 -13 1 15 9 18 -4 -23 13 -4 -9 4 23 2 22 11 -8 -21 
-12 22 20 8 -16 10 15 -10 5 18 11 15 12 16 1 18 -19 16 6 18 
-13 13 19 23 -2 16 14 -1 8 4 1 4 -4 12 -5 2 11 21 0 -23 
13 -10 8 13 4 8 13 12 18 3 21 22 16 2 -5 12 5 -16 6 8 
1 13 12 18 1 -19 -7 15 13 3 -12 5 -1 1 14 11 23 5 19 22 
20 0 0 -3 8 0 19 18 -15 -10 -1 -16 22 20 18 -15 17 5 12 -3 
-17 9 21 7 11 20 3 7 11 -7 7 3 -1 10 11 0 2 22 21 3 
18 8 15 22 -8 -19 15 7 2 -14 7 -17 18 -19 -3 16 3 4 17 16 
-5 11 23 15 16 18 -13 -11 2 16 2 6 -3 -3 3 11 1 18 23 17 
17 23 18 1 11 3 -3 -3 6 2 16 2 -11 -13 18 16 15 23 11 -5 
16 17 4 3 16 -3 -19 18 -17 7 -14 2 7 15 -19 -8 22 15 8 18 
3 21 22 2 0 11 10 -1 3 7 -7 11 7 3 20 11 7 21 9 -17 
-3 12 5 17 -15 18 20 22 -16 -1 -10 -15 18 19 0 8 -3 0 0 20 
22 19 5 23 11 14 1 -1 5 -12 3 13 15 -7 -19 1 18 12 13 1 
8 6 -16 5 12 -5 2 16 22 21 3 18 12 13 8 4 13 8 -10 13 
-23 0 21 11 2 -5 12 -4 4 1 4 8 -1 14 16 -2 23 19 13 -13 
18 6 16 -19 18 1 16 12 15 11 18 5 -10 15 10 -16 8 20 22 -12 
-21 -8 11 22 2 23 4 -9 -4 13 -23 -4 18 9 15 1 -13 -1 4 20 
-20 22 20 11 13 6 7 11 23 1 9 15 12 20 12 9 18 -19 7 -14 
30
1
19 4
0 15
0
0
