20 20
0 8 -9 8 9 4 10 6 4 7 6 8 4 9 1 5 1 -5 3 5 
0 10 13 8 13 13 7 7 7 5 -11 11 -3 11 11 -7 0 3 12 8 
6 2 -2 2 -8 10 6 9 -11 11 8 8 -10 12 -1 -1 -13 13 -2 13 
2 7 9 -13 4 11 7 0 -13 6 9 2 -6 0 12 11 0 -6 7 11 
10 8 2 12 -11 12 11 11 8 7 5 5 13 0 -11 7 10 -13 -2 -8 
5 -13 13 10 0 5 -5 13 2 10 1 11 9 11 13 -7 7 1 1 5 
7 8 -10 8 8 13 4 4 -8 -11 10 8 9 -11 11 12 10 11 -3 4 
-9 6 7 7 9 10 2 2 -6 9 3 5 9 7 3 2 5 9 8 -4 
-13 10 11 -11 7 -11 -6 4 2 11 13 2 4 10 6 9 5 6 -1 2 
10 1 4 11 11 12 6 1 7 11 0 -12 8 13 13 -4 -1 -12 -3 1 
1 -3 -12 -1 -4 13 13 8 -12 0 11 7 1 6 12 11 11 4 1 10 
2 -1 6 5 9 6 10 4 2 13 11 2 4 -6 -11 7 -11 11 10 -13 
-4 8 9 5 2 3 7 9 5 3 9 -6 2 2 10 9 7 7 6 -9 
4 -3 11 10 12 11 -11 9 8 10 -11 -8 4 4 13 8 8 -10 8 7 
5 1 1 7 -7 13 11 9 11 1 10 2 13 -5 5 0 10 13 -13 5 
-8 -2 -13 10 7 -11 0 13 5 5 7 8 11 11 12 -11 12 2 8 10 
11 7 -6 0 11 12 0 -6 2 9 6 -13 0 7 11 4 -13 9 7 2 
13 -2 13 -13 -1 -1 12 -10 8 8 11 -11 9 6 10 -8 2 -2 2 6 
8 12 3 0 -7 11 11 -3 11 -11 5 7 7 7 13 13 8 13 10 0 
5 3 -5 1 5 1 9 4 8 6 7 4 6 10 4 9 8 -9 8 0 
30
1
4 12
15 7
0
0
