20 20
-3 5 3 11 2 12 10 14 2 8 17 0 -18 18 -1 18 11 -16 -10 16 
14 -9 -1 16 -14 2 7 -5 9 2 11 5 11 11 1 -11 6 1 11 -4 
-15 -13 -15 2 7 1 -18 7 7 6 -3 10 17 8 12 19 17 5 -8 13 
17 -1 3 2 16 15 1 12 10 0 14 -19 4 6 -9 10 16 11 13 18 
2 -15 -1 -4 5 -9 16 7 16 10 10 5 16 -6 8 11 1 9 10 3 
-11 -3 15 -17 9 -13 9 13 16 6 -8 12 -19 19 18 4 -19 7 12 8 
14 7 12 11 15 14 -19 5 -14 14 19 -1 10 3 -4 12 4 6 8 -9 
9 10 3 3 8 1 18 5 -1 -11 -7 9 2 10 -4 -18 11 15 -17 6 
-4 7 -15 5 -11 14 6 -4 4 -14 1 10 -16 14 -3 12 16 10 7 1 
16 14 10 6 11 15 -4 17 -9 9 -3 1 12 9 5 17 18 16 15 14 
14 15 16 18 17 5 9 12 1 -3 9 -9 17 -4 15 11 6 10 14 16 
1 7 10 16 12 -3 14 -16 10 1 -14 4 -4 6 14 -11 5 -15 7 -4 
6 -17 15 11 -18 -4 10 2 9 -7 -11 -1 5 18 1 8 3 3 10 9 
-9 8 6 4 12 -4 3 10 -1 19 14 -14 5 -19 14 15 11 12 7 14 
8 12 7 -19 4 18 19 -19 12 -8 6 16 13 9 -13 9 -17 15 -3 -11 
3 10 9 1 11 8 -6 16 5 10 10 16 7 16 -9 5 -4 -1 -15 2 
18 13 11 16 10 -9 6 4 -19 14 0 10 12 1 15 16 2 3 -1 17 
13 -8 5 17 19 12 8 17 10 -3 6 7 7 -18 1 7 2 -15 -13 -15 
-4 11 1 6 -11 1 11 11 5 11 2 9 -5 7 2 -14 16 -1 -9 14 
16 -10 -16 11 18 -1 18 -18 0 17 8 2 14 10 12 2 11 3 5 -3 
30
1
18 6
1 13
0
0
