20 20
8 24 -24 14 -24 15 2 -9 9 7 5 -7 5 18 20 12 20 -3 -2 1 
4 -18 4 1 9 -7 15 -10 16 -10 10 6 13 -4 5 24 14 -6 7 13 
10 22 25 13 9 21 6 1 24 -18 14 8 2 13 17 21 -23 14 21 14 
25 11 12 20 6 14 6 10 19 16 5 4 21 -5 9 21 23 12 -12 -1 
24 9 9 13 7 -3 21 -4 -5 14 5 -9 4 -2 21 20 0 2 -21 22 
19 12 16 17 13 4 -21 -14 20 7 12 11 7 1 11 0 12 2 8 -17 
-16 18 -12 7 -2 -22 23 -24 20 20 4 18 19 16 18 24 12 11 -23 -16 
24 -7 15 1 3 20 12 -7 2 12 15 -11 23 19 25 5 18 15 15 16 
16 -8 5 -17 10 8 13 14 20 12 1 20 3 17 15 -15 25 6 -6 11 
24 1 21 11 -21 25 17 16 13 6 24 20 -18 0 13 12 0 -13 16 25 
25 16 -13 0 12 13 0 -18 20 24 6 13 16 17 25 -21 11 21 1 24 
11 -6 6 25 -15 15 17 3 20 1 12 20 14 13 8 10 -17 5 -8 16 
16 15 15 18 5 25 19 23 -11 15 12 2 -7 12 20 3 1 15 -7 24 
-16 -23 11 12 24 18 16 19 18 4 20 20 -24 23 -22 -2 7 -12 18 -16 
-17 8 2 12 0 11 1 7 11 12 7 20 -14 -21 4 13 17 16 12 19 
22 -21 2 0 20 21 -2 4 -9 5 14 -5 -4 21 -3 7 13 9 9 24 
-1 -12 12 23 21 9 -5 21 4 5 16 19 10 6 14 6 20 12 11 25 
14 21 14 -23 21 17 13 2 8 14 -18 24 1 6 21 9 13 25 22 10 
13 7 -6 14 24 5 -4 13 6 10 -10 16 -10 15 -7 9 1 4 -18 4 
1 -2 -3 20 12 20 18 5 -7 5 7 9 -9 2 15 -24 14 -24 24 8 
30
1
2 5
17 14
0
0
