20 20
-21 12 2 -4 19 12 10 -27 12 -20 13 14 17 16 10 4 -6 0 21 -23 
7 24 16 10 -17 15 6 4 -27 -17 3 11 5 11 -23 23 19 15 27 22 
6 10 2 24 16 3 2 17 21 12 -22 23 -14 27 14 3 15 -1 19 23 
14 3 -21 -13 24 21 13 -17 -9 0 -7 -12 -25 -9 26 13 -21 22 20 19 
14 16 3 4 -10 -7 -22 25 7 11 -14 3 7 -14 -11 27 3 -7 19 25 
1 -2 2 12 9 -27 9 18 5 16 3 0 -16 8 15 11 3 -14 -24 3 
11 -12 12 9 21 11 -6 -20 -18 5 19 3 5 23 0 14 16 6 22 -21 
17 21 0 14 24 18 -20 12 -12 11 15 -5 5 20 -17 8 -15 2 5 8 
24 0 0 1 4 19 5 20 -11 -23 -15 -7 14 10 -24 20 8 1 -26 23 
25 26 8 11 1 -19 5 20 15 24 14 3 -25 -13 17 23 0 -1 -11 19 
19 -11 -1 0 23 17 -13 -25 3 14 24 15 20 5 -19 1 11 8 26 25 
23 -26 1 8 20 -24 10 14 -7 -15 -23 -11 20 5 19 4 1 0 0 24 
8 5 2 -15 8 -17 20 5 -5 15 11 -12 12 -20 18 24 14 0 21 17 
-21 22 6 16 14 0 23 5 3 19 5 -18 -20 -6 11 21 9 12 -12 11 
3 -24 -14 3 11 15 8 -16 0 3 16 5 18 9 -27 9 12 2 -2 1 
25 19 -7 3 27 -11 -14 7 3 -14 11 7 25 -22 -7 -10 4 3 16 14 
19 20 22 -21 13 26 -9 -25 -12 -7 0 -9 -17 13 21 24 -13 -21 3 14 
23 19 -1 15 3 14 27 -14 23 -22 12 21 17 2 3 16 24 2 10 6 
22 27 15 19 23 -23 11 5 11 3 -17 -27 4 6 15 -17 10 16 24 7 
-23 21 0 -6 4 10 16 17 14 13 -20 12 -27 10 12 19 -4 2 12 -21 
30
1
17 9
2 10
0
0
