20 20
1 13 1 14 8 17 12 8 -6 7 -3 21 13 -13 20 14 9 -2 12 17 
11 3 5 -6 12 -21 5 13 15 7 11 0 12 15 9 3 3 13 3 7 
4 1 14 9 15 20 -3 13 -6 0 19 -10 15 9 8 -16 11 4 -1 1 
-21 -22 -12 15 11 -5 5 18 14 13 18 12 17 -11 6 -5 8 -4 9 9 
6 20 18 -17 -12 9 14 11 -12 18 10 18 0 11 -10 20 15 9 17 10 
9 11 -2 20 10 2 18 3 -7 21 20 -14 14 22 -13 -16 21 22 21 4 
1 3 18 18 -21 -22 2 17 0 -20 1 21 10 12 22 18 -6 -2 3 14 
1 18 -14 18 16 -3 17 18 9 2 17 20 5 15 -4 -13 -8 17 -3 0 
13 20 16 11 -13 -20 -7 15 7 22 22 -8 17 21 -18 16 19 -4 -14 6 
20 12 8 8 6 -21 17 8 21 14 12 -6 -8 -9 -18 21 1 -1 13 16 
16 13 -1 1 21 -18 -9 -8 -6 12 14 21 8 17 -21 6 8 8 12 20 
6 -14 -4 19 16 -18 21 17 -8 22 22 7 15 -7 -20 -13 11 16 20 13 
0 -3 17 -8 -13 -4 15 5 20 17 2 9 18 17 -3 16 18 -14 18 1 
14 3 -2 -6 18 22 12 10 21 1 -20 0 17 2 -22 -21 18 18 3 1 
4 21 22 21 -16 -13 22 14 -14 20 21 -7 3 18 2 10 20 -2 11 9 
10 17 9 15 20 -10 11 0 18 10 18 -12 11 14 9 -12 -17 18 20 6 
9 9 -4 8 -5 6 -11 17 12 18 13 14 18 5 -5 11 15 -12 -22 -21 
1 -1 4 11 -16 8 9 15 -10 19 0 -6 13 -3 20 15 9 14 1 4 
7 3 13 3 3 9 15 12 0 11 7 15 13 5 -21 12 -6 5 3 11 
17 12 -2 9 14 20 -13 13 21 -3 7 -6 8 12 17 8 14 1 13 1 
30
1
13 10
6 9
0
0
