20 20
4 6 17 16 -4 3 -7 19 -7 1 21 4 -10 -13 -7 17 17 4 -15 16 
0 5 -10 5 20 20 6 21 7 5 3 5 20 14 -6 3 4 21 12 -17 
8 4 7 8 1 12 6 16 -6 11 15 -15 8 1 13 4 10 5 18 -10 
3 -9 5 14 1 1 1 -1 -14 -21 20 -21 0 -2 4 18 -2 14 20 -9 
5 18 4 21 6 -12 -20 7 3 -20 13 4 7 1 21 -14 -9 3 16 11 
5 -11 11 6 -1 18 9 -19 -11 19 19 12 6 21 7 -8 14 19 1 20 
6 17 -1 9 19 16 19 2 -21 -4 -14 17 17 -18 19 1 17 -3 -16 8 
4 4 -20 16 -10 9 14 18 2 18 -15 21 16 1 -5 18 -14 20 10 13 
15 19 9 -5 16 -18 -5 16 -11 -19 5 19 -18 9 6 -8 4 19 5 5 
15 -4 -10 14 -10 8 2 2 -21 -10 19 17 14 -21 -18 -16 -4 20 9 -12 
-12 9 20 -4 -16 -18 -21 14 17 19 -10 -21 2 2 8 -10 14 -10 -4 15 
5 5 19 4 -8 6 9 -18 19 5 -19 -11 16 -5 -18 16 -5 9 19 15 
13 10 20 -14 18 -5 1 16 21 -15 18 2 18 14 9 -10 16 -20 4 4 
8 -16 -3 17 1 19 -18 17 17 -14 -4 -21 2 19 16 19 9 -1 17 6 
20 1 19 14 -8 7 21 6 12 19 19 -11 -19 9 18 -1 6 11 -11 5 
11 16 3 -9 -14 21 1 7 4 13 -20 3 7 -20 -12 6 21 4 18 5 
-9 20 14 -2 18 4 -2 0 -21 20 -21 -14 -1 1 1 1 14 5 -9 3 
-10 18 5 10 4 13 1 8 -15 15 11 -6 16 6 12 1 8 7 4 8 
-17 12 21 4 3 -6 14 20 5 3 5 7 21 6 20 20 5 -10 5 0 
16 -15 4 17 17 -7 -13 -10 4 21 1 -7 19 -7 3 -4 16 17 6 4 
30
1
4 10
15 9
0
0
