20 20
21 21 18 26 17 16 12 -18 29 8 0 -2 15 1 23 13 21 17 16 -12 
-16 12 18 15 -25 1 -5 9 16 29 9 13 -10 5 12 30 7 -9 21 9 
4 -24 21 25 -30 26 -18 18 26 16 15 11 2 -9 14 -11 19 1 6 25 
13 12 26 3 -25 22 29 -15 -29 5 6 -5 -21 29 19 28 8 12 -14 27 
23 30 -19 23 10 29 15 -25 2 26 10 -27 27 -22 12 -3 -4 -2 -30 20 
15 -20 -22 25 24 4 15 23 5 -19 20 5 20 11 20 28 10 0 18 10 
11 27 17 12 17 20 18 23 11 -13 1 25 13 0 -13 6 0 -15 25 25 
15 5 2 18 15 6 -11 23 7 0 20 14 3 26 10 5 25 24 -15 16 
-16 1 15 28 20 13 28 -15 24 -13 13 26 16 27 19 -21 22 -4 3 7 
26 29 28 4 11 20 14 21 28 16 18 6 23 -20 -28 12 15 -1 23 16 
16 23 -1 15 12 -28 -20 23 6 18 16 28 21 14 20 11 4 28 29 26 
7 3 -4 22 -21 19 27 16 26 13 -13 24 -15 28 13 20 28 15 1 -16 
16 -15 24 25 5 10 26 3 14 20 0 7 23 -11 6 15 18 2 5 15 
25 25 -15 0 6 -13 0 13 25 1 -13 11 23 18 20 17 12 17 27 11 
10 18 0 10 28 20 11 20 5 20 -19 5 23 15 4 24 25 -22 -20 15 
20 -30 -2 -4 -3 12 -22 27 -27 10 26 2 -25 15 29 10 23 -19 30 23 
27 -14 12 8 28 19 29 -21 -5 6 5 -29 -15 29 22 -25 3 26 12 13 
25 6 1 19 -11 14 -9 2 11 15 16 26 18 -18 26 -30 25 21 -24 4 
9 21 -9 7 30 12 5 -10 13 9 29 16 9 -5 1 -25 15 18 12 -16 
-12 16 17 21 13 23 1 15 -2 0 8 29 -18 12 16 17 26 18 21 21 
30
1
17 1
2 18
0
0
