20 20
-4 -8 8 13 -2 -12 8 4 10 6 4 10 4 13 12 13 6 4 7 4 
-10 13 2 12 6 12 7 2 4 5 4 -5 -2 2 11 -12 7 8 -5 7 
10 -12 4 4 1 12 -9 1 10 5 2 -3 6 10 7 11 -1 10 1 -5 
12 8 9 9 6 1 -11 -13 10 10 -4 -10 -10 3 6 13 2 10 -7 3 
7 -7 13 12 -7 7 3 4 12 7 -1 10 11 8 7 0 1 9 4 11 
13 -2 8 13 8 11 3 9 1 9 8 13 2 -8 10 -2 -7 13 -13 9 
7 0 0 -12 -5 5 -6 5 10 -11 13 10 12 2 4 9 8 4 10 0 
5 6 -8 -11 1 6 7 0 6 -2 1 7 13 10 7 5 11 -2 12 -12 
11 12 6 -4 3 5 2 9 13 2 4 -5 -13 -13 -2 8 -3 3 1 2 
13 10 5 11 3 4 3 3 5 0 -9 13 5 -1 2 -4 5 -4 9 5 
5 9 -4 5 -4 2 -1 5 13 -9 0 5 3 3 4 3 11 5 10 13 
2 1 3 -3 8 -2 -13 -13 -5 4 2 13 9 2 5 3 -4 6 12 11 
-12 12 -2 11 5 7 10 13 7 1 -2 6 0 7 6 1 -11 -8 6 5 
0 10 4 8 9 4 2 12 10 13 -11 10 5 -6 5 -5 -12 0 0 7 
9 -13 13 -7 -2 10 -8 2 13 8 9 1 9 3 11 8 13 8 -2 13 
11 4 9 1 0 7 8 11 10 -1 7 12 4 3 7 -7 12 13 -7 7 
3 -7 10 2 13 6 3 -10 -10 -4 10 10 -13 -11 1 6 9 9 8 12 
-5 1 10 -1 11 7 10 6 -3 2 5 10 1 -9 12 1 4 4 -12 10 
7 -5 8 7 -12 11 2 -2 -5 4 5 4 2 7 12 6 12 2 13 -10 
4 7 4 6 13 12 13 4 10 4 6 10 4 8 -12 -2 13 8 -8 -4 
30
1
9 14
10 5
0
0
