20 20
-13 20 8 8 -12 21 -13 15 2 3 -17 17 7 -2 1 19 8 18 3 11 
-12 -7 3 2 15 -12 8 22 21 10 -6 -13 -11 20 1 3 7 21 10 15 
8 5 13 22 2 0 -18 9 18 7 -16 2 20 4 19 -7 18 22 11 7 
7 -14 4 1 22 4 1 -6 21 5 17 15 4 -17 15 4 14 -12 19 3 
-6 -11 9 6 15 12 11 12 4 5 20 7 18 1 -12 22 19 21 5 -9 
-2 2 -19 -7 21 16 21 -12 0 -19 5 3 4 -14 3 15 -7 21 22 3 
9 2 13 20 -20 12 18 8 22 22 18 22 7 19 20 11 3 6 20 22 
7 -11 7 17 8 7 21 9 8 2 3 -14 6 2 -12 20 -10 8 -15 14 
15 6 16 21 16 5 10 8 10 6 8 -7 20 -9 16 10 19 -12 3 2 
18 19 18 13 22 21 -3 22 9 1 0 8 6 -13 8 21 3 16 17 -12 
-12 17 16 3 21 8 -13 6 8 0 1 9 22 -3 21 22 13 18 19 18 
2 3 -12 19 10 16 -9 20 -7 8 6 10 8 10 5 16 21 16 6 15 
14 -15 8 -10 20 -12 2 6 -14 3 2 8 9 21 7 8 17 7 -11 7 
22 20 6 3 11 20 19 7 22 18 22 22 8 18 12 -20 20 13 2 9 
3 22 21 -7 15 3 -14 4 3 5 -19 0 -12 21 16 21 -7 -19 2 -2 
-9 5 21 19 22 -12 1 18 7 20 5 4 12 11 12 15 6 9 -11 -6 
3 19 -12 14 4 15 -17 4 15 17 5 21 -6 1 4 22 1 4 -14 7 
7 11 22 18 -7 19 4 20 2 -16 7 18 9 -18 0 2 22 13 5 8 
15 10 21 7 3 1 20 -11 -13 -6 10 21 22 8 -12 15 2 3 -7 -12 
11 3 18 8 19 1 -2 7 17 -17 3 2 15 -13 21 -12 8 8 20 -13 
30
1
4 2
15 17
0
0
