20 20
-13 10 25 26 -3 -8 7 2 -6 0 -11 4 -24 2 11 15 -2 -26 11 2 
-5 14 2 9 26 9 3 -16 13 9 25 7 25 -26 -26 10 13 19 16 9 
4 -1 20 2 15 5 4 14 19 5 -8 10 -20 20 1 25 14 5 26 1 
1 24 25 -15 7 14 2 17 12 17 15 10 5 17 -7 7 21 15 -14 0 
26 -26 -9 9 5 -14 8 21 -15 -19 23 2 8 23 21 7 4 27 -24 10 
1 11 2 1 -11 15 11 18 -5 -23 -21 7 24 -22 -1 15 14 -7 27 5 
16 9 24 -2 2 2 20 -20 15 23 20 19 27 -27 6 2 5 -26 -23 -16 
4 -9 -25 -1 17 22 27 17 4 -14 3 20 17 26 -10 25 23 -23 -22 2 
12 16 26 -10 26 -26 4 -27 23 0 5 15 7 -1 21 -16 16 18 6 -26 
11 4 22 20 7 -1 12 18 8 15 12 6 2 16 -3 1 5 19 -16 16 
16 -16 19 5 1 -3 16 2 6 12 15 8 18 12 -1 7 20 22 4 11 
-26 6 18 16 -16 21 -1 7 15 5 0 23 -27 4 -26 26 -10 26 16 12 
2 -22 -23 23 25 -10 26 17 20 3 -14 4 17 27 22 17 -1 -25 -9 4 
-16 -23 -26 5 2 6 -27 27 19 20 23 15 -20 20 2 2 -2 24 9 16 
5 27 -7 14 15 -1 -22 24 7 -21 -23 -5 18 11 15 -11 1 2 11 1 
10 -24 27 4 7 21 23 8 2 23 -19 -15 21 8 -14 5 9 -9 -26 26 
0 -14 15 21 7 -7 17 5 10 15 17 12 17 2 14 7 -15 25 24 1 
1 26 5 14 25 1 20 -20 10 -8 5 19 14 4 5 15 2 20 -1 4 
9 16 19 13 10 -26 -26 25 7 25 9 13 -16 3 9 26 9 2 14 -5 
2 11 -26 -2 15 11 2 -24 4 -11 0 -6 2 7 -8 -3 26 25 10 -13 
30
1
10 15
9 4
0
0
