20 20
5 12 21 4 17 19 16 8 1 12 8 5 19 18 7 -17 -17 5 11 16 
5 -18 18 12 15 11 12 9 -11 2 17 13 13 21 1 12 20 4 -8 0 
-18 10 11 3 18 7 21 -15 8 1 17 20 20 6 16 19 21 4 17 3 
3 3 21 0 2 5 3 -21 -5 -14 19 5 9 19 12 -3 3 7 -9 1 
11 9 16 0 17 5 4 16 17 12 20 12 -13 14 -10 1 -19 21 6 13 
11 -9 12 3 14 19 16 6 15 -7 18 4 -11 -15 -12 17 -3 20 9 21 
19 -11 -11 -5 12 18 12 4 20 -9 16 -4 15 18 20 -7 10 12 15 16 
8 16 -1 5 4 -1 -2 11 -6 20 2 6 14 4 -10 11 9 2 -4 -10 
-6 2 7 10 -17 1 12 4 17 -9 -6 -16 -1 20 1 17 0 -7 -19 21 
-19 19 19 1 -8 17 14 9 11 14 7 19 -5 19 5 2 11 -1 5 13 
13 5 -1 11 2 5 19 -5 19 7 14 11 9 14 17 -8 1 19 19 -19 
21 -19 -7 0 17 1 20 -1 -16 -6 -9 17 4 12 1 -17 10 7 2 -6 
-10 -4 2 9 11 -10 4 14 6 2 20 -6 11 -2 -1 4 5 -1 16 8 
16 15 12 10 -7 20 18 15 -4 16 -9 20 4 12 18 12 -5 -11 -11 19 
21 9 20 -3 17 -12 -15 -11 4 18 -7 15 6 16 19 14 3 12 -9 11 
13 6 21 -19 1 -10 14 -13 12 20 12 17 16 4 5 17 0 16 9 11 
1 -9 7 3 -3 12 19 9 5 19 -14 -5 -21 3 5 2 0 21 3 3 
3 17 4 21 19 16 6 20 20 17 1 8 -15 21 7 18 3 11 10 -18 
0 -8 4 20 12 1 21 13 13 17 2 -11 9 12 11 15 12 18 -18 5 
16 11 5 -17 -17 7 18 19 5 8 12 1 8 16 19 17 4 21 12 5 
30
1
14 10
5 9
0
0
