20 20
16 13 -16 16 16 7 12 2 14 -4 22 21 5 19 17 4 -2 21 7 -8 
11 0 -20 19 -4 13 -2 9 14 10 17 -7 13 16 3 -16 12 22 -20 5 
-15 2 -22 2 0 21 8 5 12 5 5 13 1 3 8 -14 18 3 8 6 
20 1 -4 21 19 -19 13 13 -2 7 5 11 -8 4 9 -6 5 18 8 18 
22 -22 1 12 4 9 20 20 15 11 11 10 8 21 -6 14 -21 8 3 -10 
3 18 -11 -7 21 2 16 1 22 10 6 -20 17 -1 17 20 12 13 -8 11 
21 5 21 6 16 1 20 -11 -6 20 2 9 13 10 1 14 -16 12 21 16 
13 4 -2 15 12 18 -11 5 7 12 2 -8 16 5 7 17 2 20 19 -9 
9 21 10 21 10 14 2 5 20 18 3 22 6 11 -21 -4 -16 -21 7 -4 
5 12 19 1 -7 3 13 -2 9 13 2 3 19 -16 17 1 17 -6 1 11 
11 1 -6 17 1 17 -16 19 3 2 13 9 -2 13 3 -7 1 19 12 5 
-4 7 -21 -16 -4 -21 11 6 22 3 18 20 5 2 14 10 21 10 21 9 
-9 19 20 2 17 7 5 16 -8 2 12 7 5 -11 18 12 15 -2 4 13 
16 21 12 -16 14 1 10 13 9 2 20 -6 -11 20 1 16 6 21 5 21 
11 -8 13 12 20 17 -1 17 -20 6 10 22 1 16 2 21 -7 -11 18 3 
-10 3 8 -21 14 -6 21 8 10 11 11 15 20 20 9 4 12 1 -22 22 
18 8 18 5 -6 9 4 -8 11 5 7 -2 13 13 -19 19 21 -4 1 20 
6 8 3 18 -14 8 3 1 13 5 5 12 5 8 21 0 2 -22 2 -15 
5 -20 22 12 -16 3 16 13 -7 17 10 14 9 -2 13 -4 19 -20 0 11 
-8 7 21 -2 4 17 19 5 21 22 -4 14 2 12 7 16 16 -16 13 16 
30
1
1 18
18 1
0
0
