20 20
5 1 5 1 15 17 7 6 3 7 0 9 8 6 2 5 4 5 4 13 
13 -6 3 13 -9 -14 -6 12 9 3 2 8 7 16 6 7 12 1 1 12 
5 17 9 15 -14 6 1 3 7 2 3 5 13 12 -3 2 -4 5 13 4 
15 17 -16 5 6 3 16 1 3 7 5 0 -2 2 7 -17 16 10 11 12 
-9 -5 9 7 16 1 12 2 15 5 0 1 6 1 3 13 5 16 2 5 
-2 -7 -8 4 15 2 15 12 16 2 10 13 -6 -2 16 -7 16 13 -11 -12 
9 -8 13 -1 10 -3 4 -14 -5 6 -7 12 -15 10 0 5 16 11 10 12 
10 -2 9 13 2 -13 -8 1 -8 -6 6 -15 12 -11 -3 2 8 15 -10 2 
-10 -16 6 1 3 4 6 -12 9 -12 -1 7 -14 12 7 8 6 7 14 16 
7 7 11 15 8 4 4 10 16 -3 0 -15 -11 -6 12 -9 -6 -2 14 0 
0 14 -2 -6 -9 12 -6 -11 -15 0 -3 16 10 4 4 8 15 11 7 7 
16 14 7 6 8 7 12 -14 7 -1 -12 9 -12 6 4 3 1 6 -16 -10 
2 -10 15 8 2 -3 -11 12 -15 6 -6 -8 1 -8 -13 2 13 9 -2 10 
12 10 11 16 5 0 10 -15 12 -7 6 -5 -14 4 -3 10 -1 13 -8 9 
-12 -11 13 16 -7 16 -2 -6 13 10 2 16 12 15 2 15 4 -8 -7 -2 
5 2 16 5 13 3 1 6 1 0 5 15 2 12 1 16 7 9 -5 -9 
12 11 10 16 -17 7 2 -2 0 5 7 3 1 16 3 6 5 -16 17 15 
4 13 5 -4 2 -3 12 13 5 3 2 7 3 1 6 -14 15 9 17 5 
12 1 1 12 7 6 16 7 8 2 3 9 12 -6 -14 -9 13 3 -6 13 
13 4 5 4 5 2 6 8 9 0 7 3 6 7 17 15 1 5 1 5 
30
1
2 0
17 19
0
0
