20 20
11 -19 20 9 9 -1 1 15 15 12 19 8 -9 -8 -18 2 18 9 0 4 
9 -4 11 -13 9 13 1 6 9 16 -5 -17 -13 4 10 6 10 -7 20 8 
8 8 2 18 -11 14 -6 -17 14 11 -18 -14 -15 -6 5 8 11 13 6 1 
-15 7 18 10 -2 12 -13 14 14 19 8 -16 13 -10 2 18 -12 4 16 8 
-20 -14 9 -12 -19 8 4 10 -3 -1 14 -12 6 4 6 4 1 11 3 19 
17 13 -18 3 -10 3 -13 8 9 5 3 15 11 -15 -13 14 5 11 11 7 
-15 -1 14 12 -17 3 7 -16 6 6 7 8 4 17 3 4 13 -6 -18 -8 
6 16 10 -19 9 4 4 15 13 -9 15 15 6 11 15 12 2 7 1 -12 
13 13 -14 1 15 7 12 18 -6 4 1 18 -14 14 3 -3 19 -14 18 16 
10 2 13 10 -1 11 -7 -14 7 -20 -16 3 -1 18 6 -17 17 8 -16 -9 
-9 -16 8 17 -17 6 18 -1 3 -16 -20 7 -14 -7 11 -1 10 13 2 10 
16 18 -14 19 -3 3 14 -14 18 1 4 -6 18 12 7 15 1 -14 13 13 
-12 1 7 2 12 15 11 6 15 15 -9 13 15 4 4 9 -19 10 16 6 
-8 -18 -6 13 4 3 17 4 8 7 6 6 -16 7 3 -17 12 14 -1 -15 
7 11 11 5 14 -13 -15 11 15 3 5 9 8 -13 3 -10 3 -18 13 17 
19 3 11 1 4 6 4 6 -12 14 -1 -3 10 4 8 -19 -12 9 -14 -20 
8 16 4 -12 18 2 -10 13 -16 8 19 14 14 -13 12 -2 10 18 7 -15 
1 6 13 11 8 5 -6 -15 -14 -18 11 14 -17 -6 14 -11 18 2 8 8 
8 20 -7 10 6 10 4 -13 -17 -5 16 9 6 1 13 9 -13 11 -4 9 
4 0 9 18 2 -18 -8 -9 8 19 12 15 15 1 -1 9 9 20 -19 11 
30
1
2 12
17 7
0
0
