20 20
9 12 2 17 -13 -4 13 -9 18 20 16 10 7 12 22 4 15 10 11 3 
20 17 10 18 12 -4 -5 16 9 -14 15 19 3 15 20 17 20 2 1 -17 
20 -6 12 1 -17 -16 22 -4 20 0 0 -3 -1 6 10 -10 5 -23 15 -2 
7 2 18 2 9 6 -17 4 6 13 4 15 11 23 12 9 10 1 6 -10 
17 -23 14 -3 20 2 12 3 20 -12 -17 5 20 8 -6 20 20 -9 -2 -20 
12 9 11 23 6 -3 18 15 19 3 -2 22 13 4 11 -12 6 9 8 6 
6 10 -8 22 2 -9 16 -12 21 11 20 17 9 3 6 7 -22 4 20 11 
0 -15 7 17 -20 12 8 -17 10 21 13 -18 0 5 -19 13 -1 -19 13 8 
19 -2 1 11 -4 16 -15 -22 1 14 5 15 -17 9 3 18 7 8 -9 17 
13 16 3 3 7 -11 16 -20 -6 -12 10 -21 19 4 3 1 -20 4 -15 16 
16 -15 4 -20 1 3 4 19 -21 10 -12 -6 -20 16 -11 7 3 3 16 13 
17 -9 8 7 18 3 9 -17 15 5 14 1 -22 -15 16 -4 11 1 -2 19 
8 13 -19 -1 13 -19 5 0 -18 13 21 10 -17 8 12 -20 17 7 -15 0 
11 20 4 -22 7 6 3 9 17 20 11 21 -12 16 -9 2 22 -8 10 6 
6 8 9 6 -12 11 4 13 22 -2 3 19 15 18 -3 6 23 11 9 12 
-20 -2 -9 20 20 -6 8 20 5 -17 -12 20 3 12 2 20 -3 14 -23 17 
-10 6 1 10 9 12 23 11 15 4 13 6 4 -17 6 9 2 18 2 7 
-2 15 -23 5 -10 10 6 -1 -3 0 0 20 -4 22 -16 -17 1 12 -6 20 
-17 1 2 20 17 20 15 3 19 15 -14 9 16 -5 -4 12 18 10 17 20 
3 11 10 15 4 22 12 7 10 16 20 18 -9 13 -4 -13 17 2 12 9 
30
1
5 7
14 12
0
0
