20 20
0 -5 -8 4 12 1 7 4 9 5 8 1 -9 2 1 -2 2 13 -9 13 
4 3 1 -11 6 4 -12 14 -1 9 8 -9 10 2 4 4 -10 -8 12 14 
12 14 10 0 13 7 13 -9 9 11 1 0 0 12 6 -9 1 -6 -9 1 
9 -4 6 2 9 11 1 -13 1 1 13 2 9 -11 9 0 6 4 1 5 
1 14 -10 2 -9 11 6 13 -2 8 -14 9 11 6 8 9 14 13 -2 4 
-10 14 5 -8 6 14 5 5 9 14 9 8 11 13 12 7 13 2 11 4 
3 7 13 -13 7 14 -7 7 14 10 5 9 -5 4 2 13 -5 10 12 14 
-10 4 -11 13 14 9 -3 -5 3 13 3 0 1 8 0 -4 11 8 -5 13 
12 -2 3 8 5 11 -12 13 4 2 2 2 11 -7 4 -6 -7 -13 3 0 
3 -10 6 -14 10 1 10 5 0 5 8 -9 14 6 7 9 8 -12 11 11 
11 11 -12 8 9 7 6 14 -9 8 5 0 5 10 1 10 -14 6 -10 3 
0 3 -13 -7 -6 4 -7 11 2 2 2 4 13 -12 11 5 8 3 -2 12 
13 -5 8 11 -4 0 8 1 0 3 13 3 -5 -3 9 14 13 -11 4 -10 
14 12 10 -5 13 2 4 -5 9 5 10 14 7 -7 14 7 -13 13 7 3 
4 11 2 13 7 12 13 11 8 9 14 9 5 5 14 6 -8 5 14 -10 
4 -2 13 14 9 8 6 11 9 -14 8 -2 13 6 11 -9 2 -10 14 1 
5 1 4 6 0 9 -11 9 2 13 1 1 -13 1 11 9 2 6 -4 9 
1 -9 -6 1 -9 6 12 0 0 1 11 9 -9 13 7 13 0 10 14 12 
14 12 -8 -10 4 4 2 10 -9 8 9 -1 14 -12 4 6 -11 1 3 4 
13 -9 13 2 -2 1 2 -9 1 8 5 9 4 7 1 12 4 -8 -5 0 
30
1
2 8
17 11
0
0
