20 20
-6 9 15 15 10 -8 -6 5 -15 -6 -12 15 9 5 -5 15 3 -9 16 12 
9 5 2 -17 -5 13 12 2 12 5 17 4 5 16 3 -14 -11 9 2 6 
-7 16 -9 5 -15 13 11 10 -14 6 12 -3 -10 -15 12 6 5 2 -15 11 
-9 1 2 12 2 11 5 -1 4 4 10 -5 7 -16 0 13 10 6 11 4 
7 15 11 17 7 1 2 17 -16 -13 -3 5 11 6 0 16 6 -17 -7 15 
-4 12 15 13 15 17 16 13 -13 12 8 -16 0 15 16 17 14 4 14 3 
-11 8 -12 -12 9 13 0 5 1 0 -7 15 -14 1 -15 -3 12 9 5 0 
-7 6 9 5 -4 13 15 -14 -5 8 -10 10 11 15 10 13 -6 -2 -15 -6 
16 10 -8 9 -12 1 16 3 -2 4 15 14 15 -14 -4 13 8 9 17 -13 
8 16 -7 -10 4 1 6 14 1 3 3 16 11 -8 13 -13 12 -10 2 16 
16 2 -10 12 -13 13 -8 11 16 3 3 1 14 6 1 4 -10 -7 16 8 
-13 17 9 8 13 -4 -14 15 14 15 4 -2 3 16 1 -12 9 -8 10 16 
-6 -15 -2 -6 13 10 15 11 10 -10 8 -5 -14 15 13 -4 5 9 6 -7 
0 5 9 12 -3 -15 1 -14 15 -7 0 1 5 0 13 9 -12 -12 8 -11 
3 14 4 14 17 16 15 0 -16 8 12 -13 13 16 17 15 13 15 12 -4 
15 -7 -17 6 16 0 6 11 5 -3 -13 -16 17 2 1 7 17 11 15 7 
4 11 6 10 13 0 -16 7 -5 10 4 4 -1 5 11 2 12 2 1 -9 
11 -15 2 5 6 12 -15 -10 -3 12 6 -14 10 11 13 -15 5 -9 16 -7 
6 2 9 -11 -14 3 16 5 4 17 5 12 2 12 13 -5 -17 2 5 9 
12 16 -9 3 15 -5 5 9 15 -12 -6 -15 5 -6 -8 10 15 15 9 -6 
30
1
12 17
7 2
0
0
