20 20
14 19 21 14 -11 26 -24 13 21 7 -10 28 28 14 25 7 20 23 -29 9 
19 18 23 9 12 13 -16 21 -23 -24 3 5 22 -15 0 12 16 14 27 -20 
6 -6 5 26 23 20 23 14 6 25 6 26 -8 -26 -14 6 6 11 8 6 
10 21 10 -24 2 11 0 24 19 1 21 18 1 23 -20 19 25 -15 -4 -3 
-13 15 19 9 -18 2 -15 -24 -17 15 5 28 -9 9 29 24 23 -18 -19 6 
-21 -25 -21 15 27 28 11 29 -20 26 13 2 26 26 29 6 20 -20 15 29 
28 9 14 12 3 20 0 -1 -2 2 2 3 1 22 -29 9 29 -6 19 5 
10 19 3 8 1 24 18 27 -21 14 16 -14 1 26 -5 13 -9 20 -12 4 
12 6 23 8 12 27 24 2 -24 4 10 3 4 -2 5 29 25 20 2 27 
15 -4 -3 13 25 -5 -11 -3 7 -1 19 -25 21 7 5 22 26 24 2 -20 
-20 2 24 26 22 5 7 21 -25 19 -1 7 -3 -11 -5 25 13 -3 -4 15 
27 2 20 25 29 5 -2 4 3 10 4 -24 2 24 27 12 8 23 6 12 
4 -12 20 -9 13 -5 26 1 -14 16 14 -21 27 18 24 1 8 3 19 10 
5 19 -6 29 9 -29 22 1 3 2 2 -2 -1 0 20 3 12 14 9 28 
29 15 -20 20 6 29 26 26 2 13 26 -20 29 11 28 27 15 -21 -25 -21 
6 -19 -18 23 24 29 9 -9 28 5 15 -17 -24 -15 2 -18 9 19 15 -13 
-3 -4 -15 25 19 -20 23 1 18 21 1 19 24 0 11 2 -24 10 21 10 
6 8 11 6 6 -14 -26 -8 26 6 25 6 14 23 20 23 26 5 -6 6 
-20 27 14 16 12 0 -15 22 5 3 -24 -23 21 -16 13 12 9 23 18 19 
9 -29 23 20 7 25 14 28 28 -10 7 21 13 -24 26 -11 14 21 19 14 
30
1
7 19
12 0
0
0
