20 20
-9 7 16 13 15 17 9 19 10 9 -16 -11 0 17 6 16 5 16 18 10 
4 -5 2 10 8 15 15 5 7 -1 4 17 13 15 4 8 14 9 0 1 
15 16 2 9 -5 12 5 19 10 -3 13 -15 -14 -5 18 2 5 15 -16 -15 
5 1 -10 5 -14 10 12 16 7 8 -15 -4 5 -2 4 4 6 2 5 6 
17 16 8 9 14 11 -13 1 5 9 5 -19 10 17 15 7 13 5 14 16 
5 -4 -11 5 2 -11 -14 18 13 10 -12 4 1 -6 11 6 1 7 11 16 
18 -1 0 9 16 18 17 8 11 7 16 0 15 13 -10 2 2 0 8 18 
17 5 19 16 -9 15 3 -17 4 -6 11 16 13 11 -8 9 16 8 4 5 
0 12 -8 -16 1 4 19 17 10 3 -17 -14 15 15 10 0 15 13 17 -10 
9 -6 7 10 3 -15 1 17 17 -17 2 3 19 5 -2 -13 7 -12 10 18 
18 10 -12 7 -13 -2 5 19 3 2 -17 17 17 1 -15 3 10 7 -6 9 
-10 17 13 15 0 10 15 15 -14 -17 3 10 17 19 4 1 -16 -8 12 0 
5 4 8 16 9 -8 11 13 16 11 -6 4 -17 3 15 -9 16 19 5 17 
18 8 0 2 2 -10 13 15 0 16 7 11 8 17 18 16 9 0 -1 18 
16 11 7 1 6 11 -6 1 4 -12 10 13 18 -14 -11 2 5 -11 -4 5 
16 14 5 13 7 15 17 10 -19 5 9 5 1 -13 11 14 9 8 16 17 
6 5 2 6 4 4 -2 5 -4 -15 8 7 16 12 10 -14 5 -10 1 5 
-15 -16 15 5 2 18 -5 -14 -15 13 -3 10 19 5 12 -5 9 2 16 15 
1 0 9 14 8 4 15 13 17 4 -1 7 5 15 15 8 10 2 -5 4 
10 18 16 5 16 6 17 0 -11 -16 9 10 19 9 17 15 13 16 7 -9 
30
1
6 15
13 4
0
0
