20 20
3 20 8 3 23 3 -16 24 -8 14 13 -21 25 -20 23 22 -15 20 2 3 
10 22 4 16 -5 -9 27 -9 14 -17 16 -22 0 -26 -8 -17 16 14 1 11 
11 13 -19 -7 -24 9 -30 6 -13 13 7 21 -14 -19 2 3 19 27 1 -22 
13 16 26 19 22 25 25 25 29 13 8 -18 6 5 21 9 26 23 29 20 
25 28 26 3 12 10 27 -14 -19 15 17 25 2 -5 12 27 9 29 10 25 
16 20 6 11 3 11 23 5 2 27 7 9 27 -29 -26 9 8 -8 -4 -1 
11 20 -14 27 13 30 17 11 -11 10 29 14 15 28 -27 -27 4 18 27 21 
16 28 16 18 12 5 30 10 11 -26 5 22 -20 13 -15 19 -23 -8 -21 13 
-24 11 19 5 4 28 13 -8 9 30 8 -24 -28 4 30 20 30 -6 12 15 
0 9 26 -21 5 6 30 26 17 -3 16 13 -14 27 14 21 6 22 1 3 
3 1 22 6 21 14 27 -14 13 16 -3 17 26 30 6 5 -21 26 9 0 
15 12 -6 30 20 30 4 -28 -24 8 30 9 -8 13 28 4 5 19 11 -24 
13 -21 -8 -23 19 -15 13 -20 22 5 -26 11 10 30 5 12 18 16 28 16 
21 27 18 4 -27 -27 28 15 14 29 10 -11 11 17 30 13 27 -14 20 11 
-1 -4 -8 8 9 -26 -29 27 9 7 27 2 5 23 11 3 11 6 20 16 
25 10 29 9 27 12 -5 2 25 17 15 -19 -14 27 10 12 3 26 28 25 
20 29 23 26 9 21 5 6 -18 8 13 29 25 25 25 22 19 26 16 13 
-22 1 27 19 3 2 -19 -14 21 7 13 -13 6 -30 9 -24 -7 -19 13 11 
11 1 14 16 -17 -8 -26 0 -22 16 -17 14 -9 27 -9 -5 16 4 22 10 
3 2 20 -15 22 23 -20 25 -21 13 14 -8 24 -16 3 23 3 8 20 3 
30
1
6 1
13 18
0
0
