20 20
16 6 4 -20 2 15 19 9 -17 -20 6 -18 4 3 -5 21 4 5 10 -1 
7 4 15 -8 15 4 -16 4 -9 13 -5 8 4 18 11 -21 9 7 2 -4 
3 -7 2 19 21 2 12 -17 -8 15 1 21 13 10 6 -11 -11 -14 3 17 
5 13 16 13 13 -8 13 15 -16 -18 21 1 2 -9 -15 16 6 19 4 -18 
21 3 8 -2 17 11 14 19 -9 19 5 15 7 17 -12 0 10 10 21 3 
11 1 -6 -18 -6 -20 14 3 17 -13 -16 2 8 17 4 17 0 -17 16 7 
-13 16 2 17 14 8 -5 5 5 2 19 2 6 17 -2 -3 -16 -20 6 3 
4 -20 -14 -6 3 7 12 2 -12 19 20 11 14 10 -8 17 20 2 17 -12 
20 13 -13 -16 10 7 5 11 7 12 -21 -10 4 4 19 18 19 18 13 7 
4 11 0 1 0 10 -13 3 5 -12 -2 -12 11 16 2 17 3 7 19 13 
13 19 7 3 17 2 16 11 -12 -2 -12 5 3 -13 10 0 1 0 11 4 
7 13 18 19 18 19 4 4 -10 -21 12 7 11 5 7 10 -16 -13 13 20 
-12 17 2 20 17 -8 10 14 11 20 19 -12 2 12 7 3 -6 -14 -20 4 
3 6 -20 -16 -3 -2 17 6 2 19 2 5 5 -5 8 14 17 2 16 -13 
7 16 -17 0 17 4 17 8 2 -16 -13 17 3 14 -20 -6 -18 -6 1 11 
3 21 10 10 0 -12 17 7 15 5 19 -9 19 14 11 17 -2 8 3 21 
-18 4 19 6 16 -15 -9 2 1 21 -18 -16 15 13 -8 13 13 16 13 5 
17 3 -14 -11 -11 6 10 13 21 1 15 -8 -17 12 2 21 19 2 -7 3 
-4 2 7 9 -21 11 18 4 8 -5 13 -9 4 -16 4 15 -8 15 4 7 
-1 10 5 4 21 -5 3 4 -18 6 -20 -17 9 19 15 2 -20 4 6 16 
30
1
5 4
14 15
0
0
