20 20
22 -17 16 20 -1 4 14 5 -14 22 14 21 16 19 12 -12 14 8 0 15 
7 2 8 -1 3 1 -4 -21 15 21 17 -1 -6 -11 -18 17 1 12 10 -13 
15 10 -11 -15 -11 -16 21 1 12 10 1 20 11 7 12 8 20 20 5 14 
8 16 15 13 2 19 9 18 -8 18 17 21 4 3 17 21 0 6 4 16 
18 0 3 19 15 20 22 14 3 16 2 2 -1 -5 2 16 3 3 5 21 
1 15 7 -7 11 -11 16 0 -15 4 1 2 16 4 11 1 -5 10 9 -1 
-13 -3 0 -9 15 4 -9 20 15 18 2 8 14 -11 14 4 16 -14 -9 -11 
1 9 -4 12 17 6 -16 -5 8 1 21 4 1 -9 0 12 -5 1 18 1 
21 -6 19 1 -7 16 22 10 7 12 21 15 -13 9 -22 21 4 1 -22 0 
6 13 2 -10 16 -7 18 9 2 -7 9 13 3 18 -8 19 17 0 12 21 
21 12 0 17 19 -8 18 3 13 9 -7 2 9 18 -7 16 -10 2 13 6 
0 -22 1 4 21 -22 9 -13 15 21 12 7 10 22 16 -7 1 19 -6 21 
1 18 1 -5 12 0 -9 1 4 21 1 8 -5 -16 6 17 12 -4 9 1 
-11 -9 -14 16 4 14 -11 14 8 2 18 15 20 -9 4 15 -9 0 -3 -13 
-1 9 10 -5 1 11 4 16 2 1 4 -15 0 16 -11 11 -7 7 15 1 
21 5 3 3 16 2 -5 -1 2 2 16 3 14 22 20 15 19 3 0 18 
16 4 6 0 21 17 3 4 21 17 18 -8 18 9 19 2 13 15 16 8 
14 5 20 20 8 12 7 11 20 1 10 12 1 21 -16 -11 -15 -11 10 15 
-13 10 12 1 17 -18 -11 -6 -1 17 21 15 -21 -4 1 3 -1 8 2 7 
15 0 8 14 -12 12 19 16 21 14 22 -14 5 14 4 -1 20 16 -17 22 
30
1
5 2
14 17
0
0
