20 20
9 19 21 -13 28 30 -24 2 18 1 -21 7 -19 1 -1 27 12 18 17 4 
24 -25 28 -21 30 13 -28 25 13 28 18 21 7 22 -20 17 22 9 26 26 
6 24 21 19 -3 18 6 20 16 3 21 19 6 25 1 -7 10 6 20 -2 
6 8 19 22 27 23 -23 -3 2 29 20 19 2 29 -9 4 -27 3 24 18 
24 3 7 22 -18 5 25 11 13 14 3 17 12 4 -10 -10 17 -6 22 -7 
5 22 29 8 1 -1 12 7 -9 28 27 28 -25 -2 -12 0 23 0 26 1 
-12 -30 -15 7 -23 -30 10 5 -20 1 -23 29 -23 17 6 29 -7 16 18 7 
-26 12 8 3 6 16 25 1 9 19 18 20 16 -14 6 13 11 28 -4 -11 
19 22 8 29 25 6 28 5 -20 21 6 -6 2 8 19 26 11 5 12 -7 
6 9 7 12 4 15 29 8 6 6 19 17 22 22 28 22 29 1 -12 -9 
-9 -12 1 29 22 28 22 22 17 19 6 6 8 29 15 4 12 7 9 6 
-7 12 5 11 26 19 8 2 -6 6 21 -20 5 28 6 25 29 8 22 19 
-11 -4 28 11 13 6 -14 16 20 18 19 9 1 25 16 6 3 8 12 -26 
7 18 16 -7 29 6 17 -23 29 -23 1 -20 5 10 -30 -23 7 -15 -30 -12 
1 26 0 23 0 -12 -2 -25 28 27 28 -9 7 12 -1 1 8 29 22 5 
-7 22 -6 17 -10 -10 4 12 17 3 14 13 11 25 5 -18 22 7 3 24 
18 24 3 -27 4 -9 29 2 19 20 29 2 -3 -23 23 27 22 19 8 6 
-2 20 6 10 -7 1 25 6 19 21 3 16 20 6 18 -3 19 21 24 6 
26 26 9 22 17 -20 22 7 21 18 28 13 25 -28 13 30 -21 28 -25 24 
4 17 18 12 27 -1 1 -19 7 -21 1 18 2 -24 30 28 -13 21 19 9 
30
1
17 9
2 10
0
0
