20 20
13 18 4 10 13 19 16 20 -4 1 5 12 3 20 7 -14 -9 -3 -3 10 
14 9 10 20 14 3 13 3 2 10 6 4 20 2 18 13 3 14 -19 2 
-19 6 -8 10 4 16 -16 0 10 -13 2 11 17 -11 0 5 -4 -19 14 17 
4 15 21 -5 -5 15 5 9 13 -8 7 4 19 -3 16 14 13 1 -20 4 
9 16 -21 15 6 6 19 12 -4 -8 -5 20 -13 6 12 9 19 12 -15 16 
7 4 -21 3 7 -16 15 -14 11 5 -7 13 -21 10 6 13 19 -3 10 3 
18 2 13 7 -11 12 -17 14 7 7 15 7 14 5 -4 1 19 0 8 19 
3 0 -7 19 -16 7 10 -8 13 5 15 -4 18 9 14 2 11 10 21 8 
12 16 -15 3 14 -5 -20 13 3 -8 -13 -11 10 3 5 10 10 8 8 -4 
-9 19 -20 -12 21 16 3 6 12 5 8 2 8 2 20 -11 8 4 20 4 
4 20 4 8 -11 20 2 8 2 8 5 12 6 3 16 21 -12 -20 19 -9 
-4 8 8 10 10 5 3 10 -11 -13 -8 3 13 -20 -5 14 3 -15 16 12 
8 21 10 11 2 14 9 18 -4 15 5 13 -8 10 7 -16 19 -7 0 3 
19 8 0 19 1 -4 5 14 7 15 7 7 14 -17 12 -11 7 13 2 18 
3 10 -3 19 13 6 10 -21 13 -7 5 11 -14 15 -16 7 3 -21 4 7 
16 -15 12 19 9 12 6 -13 20 -5 -8 -4 12 19 6 6 15 -21 16 9 
4 -20 1 13 14 16 -3 19 4 7 -8 13 9 5 15 -5 -5 21 15 4 
17 14 -19 -4 5 0 -11 17 11 2 -13 10 0 -16 16 4 10 -8 6 -19 
2 -19 14 3 13 18 2 20 4 6 10 2 3 13 3 14 20 10 9 14 
10 -3 -3 -9 -14 7 20 3 12 5 1 -4 20 16 19 13 10 4 18 13 
30
1
12 0
7 19
0
0
