20 20
16 2 5 8 3 10 1 6 5 9 -15 13 3 5 9 12 4 16 9 16 
8 3 -11 -5 12 8 13 17 -5 17 0 13 -4 4 3 6 15 16 9 9 
9 12 5 4 3 12 5 14 15 -7 9 7 17 7 1 -4 7 3 -5 10 
7 6 12 11 4 4 12 -15 14 6 -1 6 13 12 15 7 1 1 7 13 
16 -11 2 9 8 4 -1 1 8 11 15 11 -11 1 14 5 -3 -8 7 10 
17 3 11 -16 1 10 3 6 10 0 14 13 12 13 13 6 9 -4 5 6 
17 17 9 4 6 7 1 2 -2 11 10 12 -7 -15 -4 9 -6 17 2 5 
10 16 -2 13 13 16 8 0 8 -13 7 1 12 12 -9 -9 -10 11 -2 6 
-10 12 -2 2 5 1 1 14 2 8 3 2 17 13 5 3 -17 5 13 7 
0 9 8 -7 12 -9 9 6 6 -12 11 11 10 13 6 15 -11 -17 7 7 
7 7 -17 -11 15 6 13 10 11 11 -12 6 6 9 -9 12 -7 8 9 0 
7 13 5 -17 3 5 13 17 2 3 8 2 14 1 1 5 2 -2 12 -10 
6 -2 11 -10 -9 -9 12 12 1 7 -13 8 0 8 16 13 13 -2 16 10 
5 2 17 -6 9 -4 -15 -7 12 10 11 -2 2 1 7 6 4 9 17 17 
6 5 -4 9 6 13 13 12 13 14 0 10 6 3 10 1 -16 11 3 17 
10 7 -8 -3 5 14 1 -11 11 15 11 8 1 -1 4 8 9 2 -11 16 
13 7 1 1 7 15 12 13 6 -1 6 14 -15 12 4 4 11 12 6 7 
10 -5 3 7 -4 1 7 17 7 9 -7 15 14 5 12 3 4 5 12 9 
9 9 16 15 6 3 4 -4 13 0 17 -5 17 13 8 12 -5 -11 3 8 
16 9 16 4 12 9 5 3 13 -15 9 5 6 1 10 3 8 5 2 16 
30
1
19 2
0 17
0
0
