20 20
-21 26 1 -13 9 16 28 -10 26 1 19 16 17 4 17 -17 -24 28 26 29 
3 1 23 18 29 22 2 19 -20 -22 4 26 9 8 -19 -14 16 29 15 -6 
18 15 3 1 24 2 11 5 -24 5 20 -29 -21 17 22 8 12 -21 25 9 
29 13 27 16 22 26 26 17 14 8 -11 28 6 -17 0 18 -21 9 -4 -17 
19 28 28 -24 -4 25 12 20 18 4 22 24 7 23 10 23 19 25 -28 25 
-28 17 -16 -21 8 13 7 21 25 -18 1 22 20 18 17 -3 8 6 -9 27 
1 15 23 16 -9 23 4 -27 -20 7 17 28 -2 13 18 -9 22 -5 25 -7 
-16 16 25 18 29 20 22 1 27 29 -6 1 9 -15 13 25 1 25 15 -18 
10 -28 9 16 10 26 25 19 18 23 9 5 16 -9 -24 19 14 20 13 -16 
7 21 0 25 -7 21 10 1 -10 19 -18 -22 6 24 25 14 17 -26 6 16 
16 6 -26 17 14 25 24 6 -22 -18 19 -10 1 10 21 -7 25 0 21 7 
-16 13 20 14 19 -24 -9 16 5 9 23 18 19 25 26 10 16 9 -28 10 
-18 15 25 1 25 13 -15 9 1 -6 29 27 1 22 20 29 18 25 16 -16 
-7 25 -5 22 -9 18 13 -2 28 17 7 -20 -27 4 23 -9 16 23 15 1 
27 -9 6 8 -3 17 18 20 22 1 -18 25 21 7 13 8 -21 -16 17 -28 
25 -28 25 19 23 10 23 7 24 22 4 18 20 12 25 -4 -24 28 28 19 
-17 -4 9 -21 18 0 -17 6 28 -11 8 14 17 26 26 22 16 27 13 29 
9 25 -21 12 8 22 17 -21 -29 20 5 -24 5 11 2 24 1 3 15 18 
-6 15 29 16 -14 -19 8 9 26 4 -22 -20 19 2 22 29 18 23 1 3 
29 26 28 -24 -17 17 4 17 16 19 1 26 -10 28 16 9 -13 1 26 -21 
30
1
6 17
13 2
0
0
