20 20
27 22 17 6 7 19 16 15 18 20 22 10 16 21 30 28 14 17 -28 30 
-7 23 1 12 24 29 5 29 -1 17 3 13 23 6 24 -26 21 28 -28 25 
22 0 22 15 6 -18 -15 5 25 -5 18 9 3 15 19 18 24 6 25 -9 
-1 29 -6 17 0 17 26 28 15 6 -15 -8 29 -20 7 16 -16 9 25 16 
-14 28 7 15 -22 16 6 5 20 12 22 26 26 -17 12 22 -19 0 24 7 
14 8 4 -1 17 14 8 22 26 19 6 -25 16 3 24 18 -18 14 7 22 
-11 -8 25 30 15 25 -12 22 -16 14 16 29 23 29 -26 29 2 1 -30 12 
5 6 18 -16 -3 -8 4 10 -7 2 12 -10 -19 30 15 20 18 19 22 26 
12 -29 13 4 7 15 5 22 -1 18 -17 12 10 15 -8 20 28 -17 28 3 
21 7 15 22 16 -28 21 27 16 14 21 23 6 29 -12 30 27 -7 17 -5 
-5 17 -7 27 30 -12 29 6 23 21 14 16 27 21 -28 16 22 15 7 21 
3 28 -17 28 20 -8 15 10 12 -17 18 -1 22 5 15 7 4 13 -29 12 
26 22 19 18 20 15 30 -19 -10 12 2 -7 10 4 -8 -3 -16 18 6 5 
12 -30 1 2 29 -26 29 23 29 16 14 -16 22 -12 25 15 30 25 -8 -11 
22 7 14 -18 18 24 3 16 -25 6 19 26 22 8 14 17 -1 4 8 14 
7 24 0 -19 22 12 -17 26 26 22 12 20 5 6 16 -22 15 7 28 -14 
16 25 9 -16 16 7 -20 29 -8 -15 6 15 28 26 17 0 17 -6 29 -1 
-9 25 6 24 18 19 15 3 9 18 -5 25 5 -15 -18 6 15 22 0 22 
25 -28 28 21 -26 24 6 23 13 3 17 -1 29 5 29 24 12 1 23 -7 
30 -28 17 14 28 30 21 16 10 22 20 18 15 16 19 7 6 17 22 27 
30
1
1 2
18 17
0
0
