20 20
-20 21 28 16 -29 20 -17 11 14 29 12 3 -20 25 0 7 10 19 8 19 
22 -7 29 25 7 0 23 -29 20 9 5 2 19 19 -22 -6 -17 17 -5 26 
-26 12 7 -26 22 16 8 -22 26 -21 12 11 22 28 1 26 -18 6 20 3 
22 -10 -17 25 15 -21 -25 18 23 -24 12 19 22 -4 18 20 14 8 12 28 
3 21 -14 -16 5 25 -21 19 16 27 21 -25 24 18 5 29 -28 10 -27 -11 
8 9 -1 25 -18 -22 1 26 0 -22 8 16 3 -29 -14 3 6 6 -10 11 
8 8 17 1 24 13 -24 14 29 29 0 9 -12 5 19 29 26 26 -16 9 
-11 -29 25 24 -7 23 -24 -4 15 29 5 8 4 3 16 17 11 19 3 12 
28 14 -17 16 20 2 27 0 26 12 13 24 -2 17 -10 -25 5 14 9 -28 
3 -18 -11 -6 25 25 12 26 14 7 23 4 23 -15 1 19 17 28 2 19 
19 2 28 17 19 1 -15 23 4 23 7 14 26 12 25 25 -6 -11 -18 3 
-28 9 14 5 -25 -10 17 -2 24 13 12 26 0 27 2 20 16 -17 14 28 
12 3 19 11 17 16 3 4 8 5 29 15 -4 -24 23 -7 24 25 -29 -11 
9 -16 26 26 29 19 5 -12 9 0 29 29 14 -24 13 24 1 17 8 8 
11 -10 6 6 3 -14 -29 3 16 8 -22 0 26 1 -22 -18 25 -1 9 8 
-11 -27 10 -28 29 5 18 24 -25 21 27 16 19 -21 25 5 -16 -14 21 3 
28 12 8 14 20 18 -4 22 19 12 -24 23 18 -25 -21 15 25 -17 -10 22 
3 20 6 -18 26 1 28 22 11 12 -21 26 -22 8 16 22 -26 7 12 -26 
26 -5 17 -17 -6 -22 19 19 2 5 9 20 -29 23 0 7 25 29 -7 22 
19 8 19 10 7 0 25 -20 3 12 29 14 11 -17 20 -29 16 28 21 -20 
30
1
0 7
19 12
0
0
