20 20
0 -14 -17 14 17 4 13 17 -16 10 2 17 -19 -1 5 16 3 -19 13 2 
17 16 -5 10 -8 -5 17 -18 5 -6 1 0 14 -12 15 7 19 -5 11 10 
-18 12 11 -3 16 5 1 12 11 13 13 14 -5 -4 6 -8 9 17 2 13 
17 -14 -15 15 12 19 3 5 0 -11 -9 17 -15 7 -8 19 8 16 6 14 
7 -16 12 11 3 8 -17 0 -13 1 15 7 1 4 -12 -14 17 -3 -1 -16 
16 -8 4 15 -1 16 15 6 -7 0 14 -5 -12 14 14 2 0 5 9 13 
1 14 18 6 16 18 14 16 18 -19 1 2 7 5 -2 12 3 -7 14 6 
5 15 18 19 -12 10 17 8 -8 9 -3 -13 -10 -10 2 9 19 18 4 17 
0 14 -7 13 5 -8 8 12 12 5 0 -15 16 11 3 17 12 13 17 4 
12 11 -9 12 -12 18 -10 5 14 19 19 0 -9 -3 -4 17 16 -4 2 -19 
-19 2 -4 16 17 -4 -3 -9 0 19 19 14 5 -10 18 -12 12 -9 11 12 
4 17 13 12 17 3 11 16 -15 0 5 12 12 8 -8 5 13 -7 14 0 
17 4 18 19 9 2 -10 -10 -13 -3 9 -8 8 17 10 -12 19 18 15 5 
6 14 -7 3 12 -2 5 7 2 1 -19 18 16 14 18 16 6 18 14 1 
13 9 5 0 2 14 14 -12 -5 14 0 -7 6 15 16 -1 15 4 -8 16 
-16 -1 -3 17 -14 -12 4 1 7 15 1 -13 0 -17 8 3 11 12 -16 7 
14 6 16 8 19 -8 7 -15 17 -9 -11 0 5 3 19 12 15 -15 -14 17 
13 2 17 9 -8 6 -4 -5 14 13 13 11 12 1 5 16 -3 11 12 -18 
10 11 -5 19 7 15 -12 14 0 1 -6 5 -18 17 -5 -8 10 -5 16 17 
2 13 -19 3 16 5 -1 -19 17 2 10 -16 17 13 4 17 14 -17 -14 0 
30
1
16 3
3 16
0
0
