20 20
14 -16 2 4 27 -24 -29 -8 13 14 -14 29 -27 28 22 27 26 3 1 25 
-13 4 15 3 7 28 28 -7 21 3 29 9 15 8 -13 -18 4 25 20 23 
21 7 -17 27 27 9 20 1 19 22 15 15 16 26 5 -27 29 10 22 29 
24 -26 27 8 -7 23 24 9 4 9 15 24 13 17 12 -1 18 22 4 -19 
-20 28 3 -15 0 8 20 29 -12 6 17 14 27 2 -19 22 -27 -15 26 6 
-9 10 26 -25 0 -19 -25 29 24 -14 8 -19 24 2 -22 23 6 24 15 11 
14 24 19 -23 12 2 24 -23 10 24 18 10 -20 8 12 -3 -27 -14 9 14 
14 1 21 25 -6 11 14 12 15 4 0 23 -11 -12 2 17 13 0 15 7 
25 1 4 28 -21 15 20 14 -18 14 6 -4 18 15 -19 11 1 -18 3 23 
27 -6 -18 2 13 -23 23 -22 21 -5 3 29 1 23 -29 19 2 3 -3 27 
27 -3 3 2 19 -29 23 1 29 3 -5 21 -22 23 -23 13 2 -18 -6 27 
23 3 -18 1 11 -19 15 18 -4 6 14 -18 14 20 15 -21 28 4 1 25 
7 15 0 13 17 2 -12 -11 23 0 4 15 12 14 11 -6 25 21 1 14 
14 9 -14 -27 -3 12 8 -20 10 18 24 10 -23 24 2 12 -23 19 24 14 
11 15 24 6 23 -22 2 24 -19 8 -14 24 29 -25 -19 0 -25 26 10 -9 
6 26 -15 -27 22 -19 2 27 14 17 6 -12 29 20 8 0 -15 3 28 -20 
-19 4 22 18 -1 12 17 13 24 15 9 4 9 24 23 -7 8 27 -26 24 
29 22 10 29 -27 5 26 16 15 15 22 19 1 20 9 27 27 -17 7 21 
23 20 25 4 -18 -13 8 15 9 29 3 21 -7 28 28 7 3 15 4 -13 
25 1 3 26 27 22 28 -27 29 -14 14 13 -8 -29 -24 27 4 2 -16 14 
30
1
6 10
13 9
0
0
