20 20
4 2 -14 2 -19 12 2 4 -2 20 19 7 18 6 7 5 11 8 1 20 
12 14 4 0 16 12 1 15 20 19 -10 15 16 0 20 20 6 -17 -12 19 
3 -4 20 -6 -15 10 5 14 17 10 8 19 9 0 -15 -7 19 4 20 19 
6 11 0 19 -12 14 18 5 2 -11 6 17 18 -3 -3 15 -20 7 4 -14 
9 -13 12 17 17 -17 -16 14 -16 14 -12 18 19 20 20 10 -18 18 3 0 
-17 -20 15 5 16 19 15 15 16 12 4 -18 18 -11 -20 -9 15 8 -12 -1 
-18 1 8 14 10 13 16 -7 18 4 -16 13 14 -11 -8 -10 11 18 6 -13 
15 -20 -9 15 -11 2 16 18 2 20 18 -13 20 7 14 16 15 3 2 -19 
4 2 -1 20 -11 6 3 2 12 7 -6 0 9 -18 -7 7 5 16 19 -1 
14 16 14 4 3 2 5 5 12 8 -14 11 9 15 11 18 -11 -9 -13 13 
13 -13 -9 -11 18 11 15 9 11 -14 8 12 5 5 2 3 4 14 16 14 
-1 19 16 5 7 -7 -18 9 0 -6 7 12 2 3 6 -11 20 -1 2 4 
-19 2 3 15 16 14 7 20 -13 18 20 2 18 16 2 -11 15 -9 -20 15 
-13 6 18 11 -10 -8 -11 14 13 -16 4 18 -7 16 13 10 14 8 1 -18 
-1 -12 8 15 -9 -20 -11 18 -18 4 12 16 15 15 19 16 5 15 -20 -17 
0 3 18 -18 10 20 20 19 18 -12 14 -16 14 -16 -17 17 17 12 -13 9 
-14 4 7 -20 15 -3 -3 18 17 6 -11 2 5 18 14 -12 19 0 11 6 
19 20 4 19 -7 -15 0 9 19 8 10 17 14 5 10 -15 -6 20 -4 3 
19 -12 -17 6 20 20 0 16 15 -10 19 20 15 1 12 16 0 4 14 12 
20 1 8 11 5 7 6 18 7 19 20 -2 4 2 12 -19 2 -14 2 4 
30
1
0 17
19 2
0
0
