20 20
-2 17 26 0 19 4 24 16 6 12 23 13 -26 16 21 23 25 6 17 12 
8 17 12 -7 -15 2 7 -20 9 23 18 24 -23 22 24 9 3 -19 14 -27 
8 8 18 2 10 7 -22 1 -20 27 13 13 4 11 -18 9 24 22 15 21 
-5 4 -8 0 26 -25 17 -11 5 0 -1 -11 6 -7 8 -26 24 7 18 22 
1 6 1 7 -6 -23 7 -4 21 11 21 -18 22 9 22 6 8 4 19 11 
-12 -4 1 21 16 15 17 -3 -1 3 27 -15 22 23 13 10 13 18 5 25 
19 10 10 17 -15 27 4 10 17 9 -9 5 20 -20 26 6 23 23 24 25 
25 4 2 11 23 26 -4 18 0 19 25 22 25 10 15 10 14 13 6 8 
0 -9 9 -26 6 4 -13 2 24 6 26 13 -20 -22 -15 23 10 -13 2 -5 
27 10 -9 19 5 16 3 21 11 7 21 6 25 24 25 17 6 17 26 13 
13 26 17 6 17 25 24 25 6 21 7 11 21 3 16 5 19 -9 10 27 
-5 2 -13 10 23 -15 -22 -20 13 26 6 24 2 -13 4 6 -26 9 -9 0 
8 6 13 14 10 15 10 25 22 25 19 0 18 -4 26 23 11 2 4 25 
25 24 23 23 6 26 -20 20 5 -9 9 17 10 4 27 -15 17 10 10 19 
25 5 18 13 10 13 23 22 -15 27 3 -1 -3 17 15 16 21 1 -4 -12 
11 19 4 8 6 22 9 22 -18 21 11 21 -4 7 -23 -6 7 1 6 1 
22 18 7 24 -26 8 -7 6 -11 -1 0 5 -11 17 -25 26 0 -8 4 -5 
21 15 22 24 9 -18 11 4 13 13 27 -20 1 -22 7 10 2 18 8 8 
-27 14 -19 3 9 24 22 -23 24 18 23 9 -20 7 2 -15 -7 12 17 8 
12 17 6 25 23 21 16 -26 13 23 12 6 16 24 4 19 0 26 17 -2 
30
1
19 6
0 13
0
0
