20 20
4 -13 1 5 10 11 -2 8 9 14 6 12 5 12 12 -4 2 6 5 3 
-8 -3 -6 -1 2 7 10 2 -5 14 0 12 0 -8 14 8 7 2 6 -4 
-4 7 -1 -13 0 4 6 -8 9 7 8 -5 10 -2 3 -4 -6 -4 1 10 
6 8 -14 -10 -4 11 0 0 12 3 -13 1 2 13 13 13 -1 10 -12 13 
4 -13 -12 0 2 4 -4 5 5 -6 5 2 -7 14 8 -14 -9 9 11 12 
6 9 3 -14 14 10 4 1 7 -9 8 13 7 8 6 3 2 12 10 2 
2 -3 2 2 4 14 -7 3 1 1 7 5 -3 5 12 9 -13 14 4 7 
9 5 12 12 4 2 8 3 4 13 6 11 11 11 -10 9 2 11 -14 3 
1 4 1 3 -12 5 -13 2 13 9 10 -13 0 -2 3 5 6 3 5 9 
-6 2 6 2 12 6 -12 7 -2 10 -14 5 -1 5 14 8 5 -2 -7 10 
10 -7 -2 5 8 14 5 -1 5 -14 10 -2 7 -12 6 12 2 6 2 -6 
9 5 3 6 5 3 -2 0 -13 10 9 13 2 -13 5 -12 3 1 4 1 
3 -14 11 2 9 -10 11 11 11 6 13 4 3 8 2 4 12 12 5 9 
7 4 14 -13 9 12 5 -3 5 7 1 1 3 -7 14 4 2 2 -3 2 
2 10 12 2 3 6 8 7 13 8 -9 7 1 4 10 14 -14 3 9 6 
12 11 9 -9 -14 8 14 -7 2 5 -6 5 5 -4 4 2 0 -12 -13 4 
13 -12 10 -1 13 13 13 2 1 -13 3 12 0 0 11 -4 -10 -14 8 6 
10 1 -4 -6 -4 3 -2 10 -5 8 7 9 -8 6 4 0 -13 -1 7 -4 
-4 6 2 7 8 14 -8 0 12 0 14 -5 2 10 7 2 -1 -6 -3 -8 
3 5 6 2 -4 12 12 5 12 6 14 9 8 -2 11 10 5 1 -13 4 
30
1
16 18
3 1
0
0
