20 20
-18 20 18 0 19 19 6 18 17 13 18 13 -21 11 3 7 20 10 -21 10 
-8 12 10 5 4 -6 5 -5 2 17 6 7 -4 11 -17 -8 -11 21 7 -20 
18 -20 4 14 10 -12 4 11 -10 11 0 12 3 5 13 8 20 -16 10 -9 
1 11 7 -2 7 -9 3 20 17 7 20 12 9 14 5 6 -1 12 7 8 
-9 14 11 18 -4 9 21 18 11 9 10 -21 8 6 18 -7 18 5 -17 7 
2 21 7 2 -21 -11 8 19 11 -12 11 5 19 15 6 5 18 4 -15 -13 
9 21 2 -13 18 -19 12 1 20 18 14 17 -15 13 11 17 16 -1 2 1 
11 16 16 20 2 7 12 -14 3 6 -1 5 -10 11 2 21 -7 7 16 1 
8 15 6 7 16 5 20 13 19 19 3 13 12 8 7 -13 -16 12 20 3 
19 -13 2 -1 0 8 17 4 15 4 19 2 4 7 -6 14 -17 9 7 -4 
-4 7 9 -17 14 -6 7 4 2 19 4 15 4 17 8 0 -1 2 -13 19 
3 20 12 -16 -13 7 8 12 13 3 19 19 13 20 5 16 7 6 15 8 
1 16 7 -7 21 2 11 -10 5 -1 6 3 -14 12 7 2 20 16 16 11 
1 2 -1 16 17 11 13 -15 17 14 18 20 1 12 -19 18 -13 2 21 9 
-13 -15 4 18 5 6 15 19 5 11 -12 11 19 8 -11 -21 2 7 21 2 
7 -17 5 18 -7 18 6 8 -21 10 9 11 18 21 9 -4 18 11 14 -9 
8 7 12 -1 6 5 14 9 12 20 7 17 20 3 -9 7 -2 7 11 1 
-9 10 -16 20 8 13 5 3 12 0 11 -10 11 4 -12 10 14 4 -20 18 
-20 7 21 -11 -8 -17 11 -4 7 6 17 2 -5 5 -6 4 5 10 12 -8 
10 -21 10 20 7 3 11 -21 13 18 13 17 18 6 19 19 0 18 20 -18 
30
1
12 15
7 4
0
0
