20 20
28 13 14 14 -28 7 29 23 22 26 16 7 5 -26 6 3 8 7 5 20 
25 -16 25 13 30 17 -5 5 -22 10 12 3 14 13 10 13 -22 25 14 28 
-25 14 -24 -24 -30 11 -26 -16 4 19 24 25 25 29 12 16 19 -11 12 -10 
25 3 24 3 0 18 7 -20 24 19 3 -6 8 19 -30 28 7 12 9 5 
-28 21 3 23 28 -2 1 13 12 -12 -10 -17 -24 2 21 30 16 -10 28 -13 
7 11 30 7 18 18 23 -19 0 -20 4 3 8 6 4 -28 11 -22 -5 2 
-9 13 23 22 6 8 18 24 -16 15 -3 13 14 10 12 27 25 12 8 11 
-6 12 7 -3 -11 29 18 -10 -28 26 -21 18 8 -13 12 15 -10 23 3 29 
8 26 -16 20 24 18 6 21 6 7 21 -29 25 22 27 26 13 18 4 9 
-6 26 -12 2 -16 23 -18 8 7 -2 12 26 -26 -17 20 15 7 -26 29 11 
11 29 -26 7 15 20 -17 -26 26 12 -2 7 8 -18 23 -16 2 -12 26 -6 
9 4 18 13 26 27 22 25 -29 21 7 6 21 6 18 24 20 -16 26 8 
29 3 23 -10 15 12 -13 8 18 -21 26 -28 -10 18 29 -11 -3 7 12 -6 
11 8 12 25 27 12 10 14 13 -3 15 -16 24 18 8 6 22 23 13 -9 
2 -5 -22 11 -28 4 6 8 3 4 -20 0 -19 23 18 18 7 30 11 7 
-13 28 -10 16 30 21 2 -24 -17 -10 -12 12 13 1 -2 28 23 3 21 -28 
5 9 12 7 28 -30 19 8 -6 3 19 24 -20 7 18 0 3 24 3 25 
-10 12 -11 19 16 12 29 25 25 24 19 4 -16 -26 11 -30 -24 -24 14 -25 
28 14 25 -22 13 10 13 14 3 12 10 -22 5 -5 17 30 13 25 -16 25 
20 5 7 8 3 6 -26 5 7 16 26 22 23 29 7 -28 14 14 13 28 
30
1
5 12
14 7
0
0
