20 20
22 13 8 10 5 3 17 24 -12 23 17 2 13 12 -18 18 -24 0 -18 -2 
23 18 13 11 23 5 4 -21 -4 5 7 24 13 13 7 14 11 4 -2 17 
13 0 17 -13 9 -10 3 -3 11 -18 1 16 5 11 20 4 11 16 11 19 
0 24 7 -2 24 8 13 23 -2 9 22 15 -1 7 -11 20 5 16 17 18 
13 5 20 21 3 6 11 5 18 13 4 22 11 3 11 -11 -19 -21 8 -16 
-6 7 6 1 6 7 -24 13 21 16 -12 14 -22 8 23 22 5 23 -6 8 
9 2 15 2 0 14 12 -24 17 7 16 18 14 -9 7 20 5 14 22 3 
-8 6 -9 8 20 -17 9 23 15 15 -13 15 15 19 18 22 20 11 24 5 
9 -23 -6 -3 17 3 17 -19 1 -11 7 11 22 1 9 24 22 3 2 9 
-22 -14 4 -7 -8 3 1 17 6 8 3 5 23 9 6 8 7 2 17 21 
21 17 2 7 8 6 9 23 5 3 8 6 17 1 3 -8 -7 4 -14 -22 
9 2 3 22 24 9 1 22 11 7 -11 1 -19 17 3 17 -3 -6 -23 9 
5 24 11 20 22 18 19 15 15 -13 15 15 23 9 -17 20 8 -9 6 -8 
3 22 14 5 20 7 -9 14 18 16 7 17 -24 12 14 0 2 15 2 9 
8 -6 23 5 22 23 8 -22 14 -12 16 21 13 -24 7 6 1 6 7 -6 
-16 8 -21 -19 -11 11 3 11 22 4 13 18 5 11 6 3 21 20 5 13 
18 17 16 5 20 -11 7 -1 15 22 9 -2 23 13 8 24 -2 7 24 0 
19 11 16 11 4 20 11 5 16 1 -18 11 -3 3 -10 9 -13 17 0 13 
17 -2 4 11 14 7 13 13 24 7 5 -4 -21 4 5 23 11 13 18 23 
-2 -18 0 -24 18 -18 12 13 2 17 23 -12 24 17 3 5 10 8 13 22 
30
1
14 12
5 7
0
0
