20 20
12 -1 10 6 10 13 13 14 -6 4 2 9 9 -2 7 13 5 13 12 9 
11 6 14 12 -8 13 9 9 -3 -5 3 9 1 -4 -10 9 3 1 12 13 
11 0 -1 2 2 11 10 3 -14 8 4 7 7 9 -12 -4 -1 10 9 8 
11 2 -9 0 14 -2 14 10 -7 9 -2 1 9 4 -9 13 7 6 10 3 
6 14 2 12 8 3 -10 6 5 13 3 9 14 8 14 4 8 9 2 -5 
1 11 0 -14 6 1 -2 2 9 12 5 12 7 -10 14 10 1 7 6 4 
4 4 14 14 9 14 12 -2 4 -6 11 1 -3 3 -5 12 6 8 8 7 
14 12 10 7 7 2 5 6 13 13 -2 -9 12 6 12 9 14 2 2 14 
-3 -6 10 2 7 -13 9 6 4 2 7 6 2 7 12 -10 3 -3 13 2 
-11 4 13 5 2 5 -13 14 13 13 1 7 13 14 13 12 -7 -2 -9 6 
6 -9 -2 -7 12 13 14 13 7 1 13 13 14 -13 5 2 5 13 4 -11 
2 13 -3 3 -10 12 7 2 6 7 2 4 6 9 -13 7 2 10 -6 -3 
14 2 2 14 9 12 6 12 -9 -2 13 13 6 5 2 7 7 10 12 14 
7 8 8 6 12 -5 3 -3 1 11 -6 4 -2 12 14 9 14 14 4 4 
4 6 7 1 10 14 -10 7 12 5 12 9 2 -2 1 6 -14 0 11 1 
-5 2 9 8 4 14 8 14 9 3 13 5 6 -10 3 8 12 2 14 6 
3 10 6 7 13 -9 4 9 1 -2 9 -7 10 14 -2 14 0 -9 2 11 
8 9 10 -1 -4 -12 9 7 7 4 8 -14 3 10 11 2 2 -1 0 11 
13 12 1 3 9 -10 -4 1 9 3 -5 -3 9 9 13 -8 12 14 6 11 
9 12 13 5 13 7 -2 9 9 2 4 -6 14 13 13 10 6 10 -1 12 
30
1
16 0
3 19
0
0
