20 20
2 12 6 0 -17 7 17 -20 -4 -2 5 5 -6 2 8 3 10 7 14 5 
-15 13 7 20 3 12 10 15 -16 16 6 7 6 19 6 21 -11 19 19 5 
14 18 14 14 5 -17 1 2 18 20 -21 17 5 10 21 -8 8 -14 21 16 
11 6 -2 3 6 14 15 2 7 2 8 11 15 1 14 0 2 11 8 -10 
17 -5 -4 -15 2 21 0 2 5 16 16 0 10 16 16 13 12 20 8 21 
5 5 10 8 -7 11 -12 1 1 8 9 -9 12 15 6 19 -11 4 7 -11 
-6 1 2 12 15 7 5 -13 7 -21 10 15 -16 20 0 8 20 -19 13 20 
20 17 16 -11 7 1 16 16 -16 9 1 -21 -1 0 -9 4 9 -13 -7 -10 
-17 16 18 12 12 12 -13 -8 -10 -6 9 13 3 6 -9 20 9 12 1 18 
14 2 20 0 15 20 1 16 8 20 -15 -6 13 4 2 15 6 8 12 -2 
-2 12 8 6 15 2 4 13 -6 -15 20 8 16 1 20 15 0 20 2 14 
18 1 12 9 20 -9 6 3 13 9 -6 -10 -8 -13 12 12 12 18 16 -17 
-10 -7 -13 9 4 -9 0 -1 -21 1 9 -16 16 16 1 7 -11 16 17 20 
20 13 -19 20 8 0 20 -16 15 10 -21 7 -13 5 7 15 12 2 1 -6 
-11 7 4 -11 19 6 15 12 -9 9 8 1 1 -12 11 -7 8 10 5 5 
21 8 20 12 13 16 16 10 0 16 16 5 2 0 21 2 -15 -4 -5 17 
-10 8 11 2 0 14 1 15 11 8 2 7 2 15 14 6 3 -2 6 11 
16 21 -14 8 -8 21 10 5 17 -21 20 18 2 1 -17 5 14 14 18 14 
5 19 19 -11 21 6 19 6 7 6 16 -16 15 10 12 3 20 7 13 -15 
5 14 7 10 3 8 2 -6 5 5 -2 -4 -20 17 7 -17 0 6 12 2 
30
1
19 7
0 12
0
0
