20 20
18 -2 21 15 12 23 -18 -11 -19 19 6 3 17 18 6 13 21 22 18 8 
-20 8 21 -18 2 -7 13 12 -12 8 23 17 -20 -8 -1 -2 21 -5 6 1 
5 2 14 4 10 10 18 7 7 7 6 6 3 -5 -15 23 14 3 -1 7 
1 6 14 13 7 15 22 -16 14 11 22 23 10 15 16 13 15 21 5 -7 
19 20 -23 23 -23 0 1 7 11 9 5 -7 18 20 8 -3 2 3 11 23 
-4 3 8 15 13 -21 4 -4 2 20 2 5 17 10 10 12 9 14 9 3 
2 20 -1 0 -23 10 15 18 4 14 2 7 9 14 3 4 18 -9 10 21 
22 12 7 4 15 -11 4 22 6 17 19 15 8 21 22 18 10 15 2 0 
-1 2 21 -12 13 21 0 17 13 18 14 -18 6 10 0 22 -15 22 21 16 
11 -18 -22 3 22 23 1 -11 0 8 3 7 -2 7 12 5 0 -10 12 -21 
-21 12 -10 0 5 12 7 -2 7 3 8 0 -11 1 23 22 3 -22 -18 11 
16 21 22 -15 22 0 10 6 -18 14 18 13 17 0 21 13 -12 21 2 -1 
0 2 15 10 18 22 21 8 15 19 17 6 22 4 -11 15 4 7 12 22 
21 10 -9 18 4 3 14 9 7 2 14 4 18 15 10 -23 0 -1 20 2 
3 9 14 9 12 10 10 17 5 2 20 2 -4 4 -21 13 15 8 3 -4 
23 11 3 2 -3 8 20 18 -7 5 9 11 7 1 0 -23 23 -23 20 19 
-7 5 21 15 13 16 15 10 23 22 11 14 -16 22 15 7 13 14 6 1 
7 -1 3 14 23 -15 -5 3 6 6 7 7 7 18 10 10 4 14 2 5 
1 6 -5 21 -2 -1 -8 -20 17 23 8 -12 12 13 -7 2 -18 21 8 -20 
8 18 22 21 13 6 18 17 3 6 19 -19 -11 -18 23 12 15 21 -2 18 
30
1
2 14
17 5
0
0
