20 20
13 15 10 6 7 16 0 6 -2 6 8 2 4 9 2 -3 -7 -8 -11 5 
10 -11 5 -2 8 0 -16 -13 3 2 -1 2 6 15 7 4 1 4 -13 -1 
15 3 11 3 15 6 13 15 13 0 2 7 14 16 9 1 1 -9 11 5 
12 15 -11 3 6 -16 15 16 11 -9 10 15 13 9 1 7 -4 -3 4 11 
3 -8 -5 9 -3 15 10 8 15 4 11 -16 9 6 0 15 13 4 -1 7 
-15 14 -12 -16 -12 10 7 -8 7 13 -7 2 0 -2 14 -13 15 -8 -4 1 
14 5 5 15 8 16 10 10 1 11 14 5 6 8 7 9 -14 5 6 8 
9 14 -7 14 1 -1 1 -7 -7 13 16 3 -16 -6 8 14 -14 11 7 15 
8 12 0 -5 -7 9 -1 2 9 6 3 -1 -9 8 14 9 14 10 -10 2 
8 0 -13 15 -2 15 12 13 3 8 -9 10 -5 -8 6 -10 11 5 16 2 
2 16 5 11 -10 6 -8 -5 10 -9 8 3 13 12 15 -2 15 -13 0 8 
2 -10 10 14 9 14 8 -9 -1 3 6 9 2 -1 9 -7 -5 0 12 8 
15 7 11 -14 14 8 -6 -16 3 16 13 -7 -7 1 -1 1 14 -7 14 9 
8 6 5 -14 9 7 8 6 5 14 11 1 10 10 16 8 15 5 5 14 
1 -4 -8 15 -13 14 -2 0 2 -7 13 7 -8 7 10 -12 -16 -12 14 -15 
7 -1 4 13 15 0 6 9 -16 11 4 15 8 10 15 -3 9 -5 -8 3 
11 4 -3 -4 7 1 9 13 15 10 -9 11 16 15 -16 6 3 -11 15 12 
5 11 -9 1 1 9 16 14 7 2 0 13 15 13 6 15 3 11 3 15 
-1 -13 4 1 4 7 15 6 2 -1 2 3 -13 -16 0 8 -2 5 -11 10 
5 -11 -8 -7 -3 2 9 4 2 8 6 -2 6 0 16 7 6 10 15 13 
30
1
3 7
16 12
0
0
