20 20
-6 -13 6 -5 7 2 7 9 10 -6 -6 -1 -12 0 7 1 5 -8 11 3 
9 10 3 9 -3 5 -13 9 3 2 12 10 -10 9 3 2 7 1 -13 -1 
-3 14 3 -12 -3 5 10 -7 -5 5 10 -1 -8 13 -9 13 12 6 -6 14 
6 3 8 -6 7 3 9 12 13 13 3 11 3 3 5 0 0 13 -8 6 
14 13 7 -13 7 1 5 7 14 -11 2 1 -14 -14 4 -2 10 12 11 8 
3 7 -10 10 12 8 9 14 14 7 7 13 10 13 8 12 6 6 -13 2 
9 -5 2 13 -1 14 5 3 1 13 9 -9 14 -5 10 9 -6 -1 12 14 
-13 12 6 4 -12 7 6 8 11 -10 -9 12 5 6 -5 9 12 -13 -12 1 
8 -4 12 0 9 0 7 4 14 -4 14 6 6 12 11 13 -11 9 -2 2 
1 -9 6 2 1 0 -9 4 -13 11 12 -2 -10 11 11 4 -8 13 10 -8 
-8 10 13 -8 4 11 11 -10 -2 12 11 -13 4 -9 0 1 2 6 -9 1 
2 -2 9 -11 13 11 12 6 6 14 -4 14 4 7 0 9 0 12 -4 8 
1 -12 -13 12 9 -5 6 5 12 -9 -10 11 8 6 7 -12 4 6 12 -13 
14 12 -1 -6 9 10 -5 14 -9 9 13 1 3 5 14 -1 13 2 -5 9 
2 -13 6 6 12 8 13 10 13 7 7 14 14 9 8 12 10 -10 7 3 
8 11 12 10 -2 4 -14 -14 1 2 -11 14 7 5 1 7 -13 7 13 14 
6 -8 13 0 0 5 3 3 11 3 13 13 12 9 3 7 -6 8 3 6 
14 -6 6 12 13 -9 13 -8 -1 10 5 -5 -7 10 5 -3 -12 3 14 -3 
-1 -13 1 7 2 3 9 -10 10 12 2 3 9 -13 5 -3 9 3 10 9 
3 11 -8 5 1 7 0 -12 -1 -6 -6 10 9 7 2 7 -5 6 -13 -6 
30
1
13 11
6 8
0
0
