20 20
7 5 0 7 2 14 6 6 2 7 1 7 15 14 5 2 -10 11 -11 6 
4 -5 -4 4 3 4 -6 5 13 14 4 2 7 5 3 7 9 -6 3 14 
2 -15 11 2 -14 10 -12 11 15 8 -9 -14 11 -6 -13 10 5 -8 -12 4 
-6 1 5 4 10 -12 -4 15 2 15 15 6 14 -2 -8 -9 4 -1 14 10 
11 10 5 11 11 15 6 -6 4 5 -10 11 3 -11 5 -4 3 11 5 14 
9 4 4 9 5 5 13 -13 11 15 7 2 3 7 4 15 14 14 8 -6 
-9 5 5 10 7 4 -11 1 -12 0 -8 -4 8 8 11 14 1 4 -3 9 
15 14 15 13 2 14 6 -9 -13 13 -3 0 -11 2 -10 1 9 14 13 3 
5 2 12 7 7 12 7 7 2 -11 -1 7 -6 3 5 4 12 8 0 9 
4 2 14 -6 8 5 10 11 -12 9 8 4 9 14 -2 14 8 -5 5 12 
12 5 -5 8 14 -2 14 9 4 8 9 -12 11 10 5 8 -6 14 2 4 
9 0 8 12 4 5 3 -6 7 -1 -11 2 7 7 12 7 7 12 2 5 
3 13 14 9 1 -10 2 -11 0 -3 13 -13 -9 6 14 2 13 15 14 15 
9 -3 4 1 14 11 8 8 -4 -8 0 -12 1 -11 4 7 10 5 5 -9 
-6 8 14 14 15 4 7 3 2 7 15 11 -13 13 5 5 9 4 4 9 
14 5 11 3 -4 5 -11 3 11 -10 5 4 -6 6 15 11 11 5 10 11 
10 14 -1 4 -9 -8 -2 14 6 15 15 2 15 -4 -12 10 4 5 1 -6 
4 -12 -8 5 10 -13 -6 11 -14 -9 8 15 11 -12 10 -14 2 11 -15 2 
14 3 -6 9 7 3 5 7 2 4 14 13 5 -6 4 3 4 -4 -5 4 
6 -11 11 -10 2 5 14 15 7 1 7 2 6 6 14 2 7 0 5 7 
30
1
4 5
15 14
0
0
