20 20
4 3 10 9 12 6 12 12 11 0 12 -5 -3 2 -6 11 4 7 3 10 
-7 12 5 8 12 4 -3 -9 13 -8 -7 3 6 -2 10 -8 13 -2 13 1 
-10 2 -6 1 3 12 10 0 12 2 7 5 -9 10 -8 6 -10 0 -12 5 
10 0 -12 7 1 12 3 4 -10 13 4 5 1 2 7 10 5 3 12 -12 
5 7 13 8 9 3 2 12 9 2 1 3 7 11 1 5 0 7 8 12 
0 -8 5 9 7 -2 -6 -7 4 -7 -5 4 13 8 7 9 8 3 9 12 
10 1 4 -10 9 12 13 -8 10 5 -9 1 8 9 1 9 4 -11 -10 4 
13 -5 4 11 12 5 8 3 11 -13 13 -4 -5 6 -1 11 11 8 8 12 
-8 5 -7 11 -10 12 -7 13 0 -7 6 7 5 -13 11 2 -11 11 8 4 
8 1 4 8 5 -10 -2 9 10 5 9 -6 13 -8 6 -3 13 -13 -2 4 
4 -2 -13 13 -3 6 -8 13 -6 9 5 10 9 -2 -10 5 8 4 1 8 
4 8 11 -11 2 11 -13 5 7 6 -7 0 13 -7 12 -10 11 -7 5 -8 
12 8 8 11 11 -1 6 -5 -4 13 -13 11 3 8 5 12 11 4 -5 13 
4 -10 -11 4 9 1 9 8 1 -9 5 10 -8 13 12 9 -10 4 1 10 
12 9 3 8 9 7 8 13 4 -5 -7 4 -7 -6 -2 7 9 5 -8 0 
12 8 7 0 5 1 11 7 3 1 2 9 12 2 3 9 8 13 7 5 
-12 12 3 5 10 7 2 1 5 4 13 -10 4 3 12 1 7 -12 0 10 
5 -12 0 -10 6 -8 10 -9 5 7 2 12 0 10 12 3 1 -6 2 -10 
1 13 -2 13 -8 10 -2 6 3 -7 -8 13 -9 -3 4 12 8 5 12 -7 
10 3 7 4 11 -6 2 -3 -5 12 0 11 12 12 6 12 9 10 3 4 
30
1
2 0
17 19
0
0
