20 20
2 -9 3 4 1 5 6 -5 3 12 7 10 1 10 3 9 9 -4 4 10 
1 -2 9 0 -6 -3 7 9 10 3 14 9 9 -10 10 4 2 7 -1 2 
-5 9 -6 11 5 14 11 -9 9 11 7 6 7 7 -3 3 -5 -8 6 -4 
12 11 11 -12 3 13 10 14 7 5 -8 8 -5 6 9 7 12 3 -12 3 
-12 -2 -6 13 1 -12 11 2 7 4 2 13 -11 10 -8 9 14 13 2 4 
10 3 -6 2 10 -3 12 2 13 -6 8 7 7 11 7 11 7 11 8 6 
2 8 -10 -4 5 12 -6 2 -7 -1 7 3 12 11 -12 6 11 7 5 11 
11 6 1 9 -8 -12 5 1 8 1 5 3 1 1 12 13 2 -6 1 2 
1 -10 13 13 10 1 8 5 -11 11 7 1 12 -2 11 2 1 -2 8 0 
10 13 0 -14 8 4 4 3 11 -2 3 11 7 3 11 1 4 12 10 11 
11 10 12 4 1 11 3 7 11 3 -2 11 3 4 4 8 -14 0 13 10 
0 8 -2 1 2 11 -2 12 1 7 11 -11 5 8 1 10 13 13 -10 1 
2 1 -6 2 13 12 1 1 3 5 1 8 1 5 -12 -8 9 1 6 11 
11 5 7 11 6 -12 11 12 3 7 -1 -7 2 -6 12 5 -4 -10 8 2 
6 8 11 7 11 7 11 7 7 8 -6 13 2 12 -3 10 2 -6 3 10 
4 2 13 14 9 -8 10 -11 13 2 4 7 2 11 -12 1 13 -6 -2 -12 
3 -12 3 12 7 9 6 -5 8 -8 5 7 14 10 13 3 -12 11 11 12 
-4 6 -8 -5 3 -3 7 7 6 7 11 9 -9 11 14 5 11 -6 9 -5 
2 -1 7 2 4 10 -10 9 9 14 3 10 9 7 -3 -6 0 9 -2 1 
10 4 -4 9 9 3 10 1 10 7 12 3 -5 6 5 1 4 3 -9 2 
30
1
15 1
4 18
0
0
