20 20
-17 6 24 -23 24 -15 -16 -26 -6 17 13 21 22 8 -1 -3 -14 4 19 -28 
13 23 15 14 -11 25 14 -13 4 -21 -1 -4 -15 21 21 4 23 2 13 -5 
0 22 -14 11 18 23 -20 7 10 0 3 29 2 26 13 -23 24 13 2 20 
13 -23 -9 28 -9 5 -24 16 -27 20 12 9 16 19 20 -12 -13 16 6 28 
1 1 22 2 5 -21 26 -21 9 0 -4 -18 18 22 6 13 24 -12 -8 23 
13 -6 16 4 -15 2 28 9 10 1 7 3 -20 20 24 15 24 -16 7 -19 
24 6 0 -19 0 15 18 26 27 2 15 19 17 11 21 -17 7 29 5 4 
23 9 22 -24 14 17 26 15 28 10 18 3 3 1 26 1 -27 18 7 20 
22 17 23 -15 18 26 6 16 -3 -10 28 7 1 13 23 23 17 22 18 18 
-28 16 20 22 -9 6 7 14 -26 12 0 -10 0 -20 -16 11 19 28 18 2 
2 18 28 19 11 -16 -20 0 -10 0 12 -26 14 7 6 -9 22 20 16 -28 
18 18 22 17 23 23 13 1 7 28 -10 -3 16 6 26 18 -15 23 17 22 
20 7 18 -27 1 26 1 3 3 18 10 28 15 26 17 14 -24 22 9 23 
4 5 29 7 -17 21 11 17 19 15 2 27 26 18 15 0 -19 0 6 24 
-19 7 -16 24 15 24 20 -20 3 7 1 10 9 28 2 -15 4 16 -6 13 
23 -8 -12 24 13 6 22 18 -18 -4 0 9 -21 26 -21 5 2 22 1 1 
28 6 16 -13 -12 20 19 16 9 12 20 -27 16 -24 5 -9 28 -9 -23 13 
20 2 13 24 -23 13 26 2 29 3 0 10 7 -20 23 18 11 -14 22 0 
-5 13 2 23 4 21 21 -15 -4 -1 -21 4 -13 14 25 -11 14 15 23 13 
-28 19 4 -14 -3 -1 8 22 21 13 17 -6 -26 -16 -15 24 -23 24 6 -17 
30
1
6 16
13 3
0
0
