20 20
9 7 2 11 2 -10 -4 11 -2 -3 3 9 -1 7 -5 -1 7 8 6 -1 
7 -6 4 1 -11 4 -2 4 11 5 1 11 3 10 1 7 9 8 1 8 
-6 11 -2 1 8 0 -8 4 4 10 -8 7 6 10 11 1 2 0 1 11 
-7 6 5 -2 8 1 4 6 -4 7 3 0 2 11 -11 -9 -9 1 2 0 
9 -10 -5 -7 7 7 11 -4 8 -5 -2 3 -9 11 -5 6 6 2 8 2 
-2 -6 10 2 9 -7 4 0 6 -8 -9 3 6 -4 -6 -6 -4 4 8 2 
7 10 5 -5 8 4 11 8 11 4 0 -9 2 -5 4 -9 -5 6 8 0 
2 10 11 6 5 1 11 2 2 2 5 -11 7 -2 3 3 4 2 -9 5 
10 6 6 5 7 -2 4 3 -4 8 4 2 7 -9 -3 11 -2 4 10 3 
1 4 0 1 6 -9 3 1 3 -4 2 3 2 8 4 6 5 5 1 -7 
-7 1 5 5 6 4 8 2 3 2 -4 3 1 3 -9 6 1 0 4 1 
3 10 4 -2 11 -3 -9 7 2 4 8 -4 3 4 -2 7 5 6 6 10 
5 -9 2 4 3 3 -2 7 -11 5 2 2 2 11 1 5 6 11 10 2 
0 8 6 -5 -9 4 -5 2 -9 0 4 11 8 11 4 8 -5 5 10 7 
2 8 4 -4 -6 -6 -4 6 3 -9 -8 6 0 4 -7 9 2 10 -6 -2 
2 8 2 6 6 -5 11 -9 3 -2 -5 8 -4 11 7 7 -7 -5 -10 9 
0 2 1 -9 -9 -11 11 2 0 3 7 -4 6 4 1 8 -2 5 6 -7 
11 1 0 2 1 11 10 6 7 -8 10 4 4 -8 0 8 1 -2 11 -6 
8 1 8 9 7 1 10 3 11 1 5 11 4 -2 4 -11 1 4 -6 7 
-1 6 8 7 -1 -5 7 -1 9 3 -3 -2 11 -4 -10 2 11 2 7 9 
30
1
15 13
4 6
0
0
