20 20
6 -9 5 10 2 5 1 10 4 -9 4 4 12 2 9 11 2 -9 1 -8 
8 2 5 3 6 6 7 -3 10 14 5 5 14 11 12 -12 3 -7 2 -10 
-10 14 10 12 4 9 7 9 14 -3 -12 0 1 -14 1 2 -8 -8 7 -6 
6 5 5 -11 3 11 5 1 12 -1 11 7 -2 7 3 14 11 13 7 9 
3 10 -6 8 1 6 6 -9 2 -8 -9 -12 -10 -14 -14 3 11 4 6 1 
11 12 1 0 -5 -6 -1 8 6 13 7 -14 -6 -1 10 7 12 14 -12 7 
3 4 -2 3 0 2 6 10 11 6 -7 12 7 13 -3 9 -3 -5 5 12 
0 -10 14 14 4 2 13 3 -5 12 12 13 -4 -13 4 4 1 -5 7 12 
12 6 14 4 -9 1 7 -11 12 -11 3 8 4 13 4 -12 8 4 7 3 
0 -6 -11 5 6 3 12 8 7 6 10 -10 2 2 5 -9 13 3 12 -4 
-4 12 3 13 -9 5 2 2 -10 10 6 7 8 12 3 6 5 -11 -6 0 
3 7 4 8 -12 4 13 4 8 3 -11 12 -11 7 1 -9 4 14 6 12 
12 7 -5 1 4 4 -13 -4 13 12 12 -5 3 13 2 4 14 14 -10 0 
12 5 -5 -3 9 -3 13 7 12 -7 6 11 10 6 2 0 3 -2 4 3 
7 -12 14 12 7 10 -1 -6 -14 7 13 6 8 -1 -6 -5 0 1 12 11 
1 6 4 11 3 -14 -14 -10 -12 -9 -8 2 -9 6 6 1 8 -6 10 3 
9 7 13 11 14 3 7 -2 7 11 -1 12 1 5 11 3 -11 5 5 6 
-6 7 -8 -8 2 1 -14 1 0 -12 -3 14 9 7 9 4 12 10 14 -10 
-10 2 -7 3 -12 12 11 14 5 5 14 10 -3 7 6 6 3 5 2 8 
-8 1 -9 2 11 9 2 12 4 4 -9 4 10 1 5 2 10 5 -9 6 
30
1
4 15
15 4
0
0
