20 20
7 21 -21 7 5 25 22 -21 -23 13 -13 5 -19 20 8 9 23 -20 -25 7 
17 -17 -19 3 -7 23 -8 21 6 20 -19 -10 8 -19 12 1 21 15 13 24 
7 0 19 20 8 18 24 4 9 12 11 3 5 16 -15 25 10 23 15 1 
1 25 15 -12 -15 6 7 11 15 -25 6 16 9 0 18 -15 -16 1 -12 13 
14 -16 20 -2 -3 10 -18 10 -22 19 -24 25 18 8 19 5 8 -7 2 -2 
-18 7 6 -8 6 1 14 3 -15 4 18 14 -15 2 12 10 24 3 9 20 
22 7 -16 24 0 2 5 19 -4 12 20 -22 20 2 5 19 9 -21 7 5 
23 7 23 6 23 18 5 -23 8 -10 -22 -8 14 -8 13 15 -7 -20 4 0 
10 2 -9 -21 13 22 6 14 25 -5 -7 -13 14 20 0 6 5 11 12 -21 
11 18 8 15 10 17 -2 3 -23 20 9 20 -16 -10 0 24 18 -6 24 -7 
-7 24 -6 18 24 0 -10 -16 20 9 20 -23 3 -2 17 10 15 8 18 11 
-21 12 11 5 6 0 20 14 -13 -7 -5 25 14 6 22 13 -21 -9 2 10 
0 4 -20 -7 15 13 -8 14 -8 -22 -10 8 -23 5 18 23 6 23 7 23 
5 7 -21 9 19 5 2 20 -22 20 12 -4 19 5 2 0 24 -16 7 22 
20 9 3 24 10 12 2 -15 14 18 4 -15 3 14 1 6 -8 6 7 -18 
-2 2 -7 8 5 19 8 18 25 -24 19 -22 10 -18 10 -3 -2 20 -16 14 
13 -12 1 -16 -15 18 0 9 16 6 -25 15 11 7 6 -15 -12 15 25 1 
1 15 23 10 25 -15 16 5 3 11 12 9 4 24 18 8 20 19 0 7 
24 13 15 21 1 12 -19 8 -10 -19 20 6 21 -8 23 -7 3 -19 -17 17 
7 -25 -20 23 9 8 20 -19 5 -13 13 -23 -21 22 25 5 7 -21 21 7 
30
1
6 17
13 2
0
0
