20 20
-21 9 -4 13 11 20 18 12 13 22 10 7 7 9 11 11 23 -23 13 14 
21 -23 -14 13 22 11 0 -9 -22 -4 4 13 23 -17 -9 15 15 16 19 23 
0 23 16 3 12 1 13 15 2 6 -8 13 9 6 -20 12 -10 -13 3 14 
21 9 -9 3 -15 2 10 18 21 21 -6 8 9 21 -11 19 0 13 19 -20 
8 4 7 9 20 -7 3 -19 22 -18 10 7 -3 6 -19 -2 15 -17 0 15 
9 7 21 -10 -18 -2 15 8 13 13 -8 0 10 -4 13 23 11 11 19 21 
23 6 9 11 1 4 -23 19 18 15 23 15 -6 9 12 1 19 21 1 5 
14 12 9 20 -10 11 -10 11 7 8 16 17 22 7 -14 -9 3 9 -18 -12 
2 -2 9 16 11 9 13 7 1 18 7 -14 22 10 4 21 19 -18 19 13 
22 17 7 -15 -19 8 18 0 20 -7 15 9 0 9 13 23 -12 5 0 23 
23 0 5 -12 23 13 9 0 9 15 -7 20 0 18 8 -19 -15 7 17 22 
13 19 -18 19 21 4 10 22 -14 7 18 1 7 13 9 11 16 9 -2 2 
-12 -18 9 3 -9 -14 7 22 17 16 8 7 11 -10 11 -10 20 9 12 14 
5 1 21 19 1 12 9 -6 15 23 15 18 19 -23 4 1 11 9 6 23 
21 19 11 11 23 13 -4 10 0 -8 13 13 8 15 -2 -18 -10 21 7 9 
15 0 -17 15 -2 -19 6 -3 7 10 -18 22 -19 3 -7 20 9 7 4 8 
-20 19 13 0 19 -11 21 9 8 -6 21 21 18 10 2 -15 3 -9 9 21 
14 3 -13 -10 12 -20 6 9 13 -8 6 2 15 13 1 12 3 16 23 0 
23 19 16 15 15 -9 -17 23 13 4 -4 -22 -9 0 11 22 13 -14 -23 21 
14 13 -23 23 11 11 9 7 7 10 22 13 12 18 20 11 13 -4 9 -21 
30
1
9 19
10 0
0
0
