20 20
1 18 -11 4 16 5 22 17 5 20 -1 19 6 5 23 24 22 6 17 8 
2 21 11 8 24 22 21 -2 12 22 22 7 5 4 3 1 -20 2 10 15 
3 3 8 2 3 4 23 -19 9 14 24 8 4 17 19 19 7 17 14 0 
21 -20 24 -16 1 -16 -15 5 -8 -5 4 7 17 11 3 -20 9 15 13 20 
18 18 21 6 14 18 19 -21 3 -14 -7 -19 4 -15 12 4 1 23 2 13 
9 21 17 0 18 -3 16 13 8 -18 -8 -11 -21 24 24 20 10 10 4 10 
-24 21 5 -11 10 12 14 6 22 -18 -2 6 -3 13 8 2 10 14 24 -19 
16 2 -20 20 22 5 -21 12 22 22 16 22 20 -18 21 15 -15 3 3 7 
19 -8 -5 10 10 8 -19 14 14 1 7 20 20 -2 23 23 21 -21 -7 15 
15 17 7 -21 -24 -1 16 4 12 -13 5 -15 1 9 -9 4 2 16 10 3 
3 10 16 2 4 -9 9 1 -15 5 -13 12 4 16 -1 -24 -21 7 17 15 
15 -7 -21 21 23 23 -2 20 20 7 1 14 14 -19 8 10 10 -5 -8 19 
7 3 3 -15 15 21 -18 20 22 16 22 22 12 -21 5 22 20 -20 2 16 
-19 24 14 10 2 8 13 -3 6 -2 -18 22 6 14 12 10 -11 5 21 -24 
10 4 10 10 20 24 24 -21 -11 -8 -18 8 13 16 -3 18 0 17 21 9 
13 2 23 1 4 12 -15 4 -19 -7 -14 3 -21 19 18 14 6 21 18 18 
20 13 15 9 -20 3 11 17 7 4 -5 -8 5 -15 -16 1 -16 24 -20 21 
0 14 17 7 19 19 17 4 8 24 14 9 -19 23 4 3 2 8 3 3 
15 10 2 -20 1 3 4 5 7 22 22 12 -2 21 22 24 8 11 21 2 
8 17 6 22 24 23 5 6 19 -1 20 5 17 22 5 16 4 -11 18 1 
30
1
14 18
5 1
0
0
