20 20
-5 4 24 -22 7 15 -10 -14 23 1 -7 25 -5 9 2 -12 27 27 7 2 
-11 -27 20 1 6 3 25 -17 -11 -16 26 24 1 23 20 12 9 9 6 24 
10 -3 2 2 20 0 2 6 17 17 -8 -18 19 -9 4 24 21 -7 4 15 
-13 17 7 1 -12 25 3 9 9 21 20 9 -12 19 6 14 -1 3 11 6 
20 0 -6 8 9 -15 17 17 -5 13 17 25 -6 6 -15 -22 0 25 15 6 
19 14 21 -7 2 19 16 14 -24 -23 22 11 15 26 8 17 10 19 -23 -2 
8 -13 10 11 18 13 27 8 2 -5 -8 -12 20 22 23 20 23 -4 17 22 
19 1 3 -1 22 6 19 3 23 3 -10 11 16 25 2 26 16 15 13 -13 
-22 19 8 3 16 10 1 -3 -4 0 1 21 26 -3 -13 12 -1 3 8 24 
13 12 8 18 4 14 26 15 17 4 23 2 -25 19 15 5 11 8 11 -14 
-14 11 8 11 5 15 19 -25 2 23 4 17 15 26 14 4 18 8 12 13 
24 8 3 -1 12 -13 -3 26 21 1 0 -4 -3 1 10 16 3 8 19 -22 
-13 13 15 16 26 2 25 16 11 -10 3 23 3 19 6 22 -1 3 1 19 
22 17 -4 23 20 23 22 20 -12 -8 -5 2 8 27 13 18 11 10 -13 8 
-2 -23 19 10 17 8 26 15 11 22 -23 -24 14 16 19 2 -7 21 14 19 
6 15 25 0 -22 -15 6 -6 25 17 13 -5 17 17 -15 9 8 -6 0 20 
6 11 3 -1 14 6 19 -12 9 20 21 9 9 3 25 -12 1 7 17 -13 
15 4 -7 21 24 4 -9 19 -18 -8 17 17 6 2 0 20 2 2 -3 10 
24 6 9 9 12 20 23 1 24 26 -16 -11 -17 25 3 6 1 20 -27 -11 
2 7 27 27 -12 2 9 -5 25 -7 1 23 -14 -10 15 7 -22 24 4 -5 
30
1
9 12
10 7
0
0
