20 20
25 -6 -20 -22 6 6 -21 -25 -25 1 13 6 -14 -11 12 27 22 -8 -12 -5 
5 6 -4 21 21 -18 -15 7 21 1 -21 4 26 19 -22 -20 -5 4 1 -11 
17 19 15 2 24 6 -16 -19 -25 12 19 11 -21 2 25 5 13 -6 -7 -11 
7 -11 17 22 15 17 4 10 7 10 -12 8 -14 10 18 27 3 11 18 6 
22 -14 7 19 3 15 16 4 12 -14 23 1 14 24 5 -22 -25 25 18 24 
24 -3 10 -10 5 5 25 16 27 8 -8 14 -27 10 -4 11 22 14 20 -1 
-8 20 23 -19 25 22 13 10 -19 12 9 1 13 3 9 -19 7 22 -20 -19 
21 10 23 1 -25 13 25 17 11 -6 -18 6 7 3 13 18 18 22 10 10 
3 3 6 4 10 12 27 7 25 3 19 24 16 11 6 21 -5 5 23 1 
16 -6 -4 25 -20 8 26 1 12 23 4 -26 -15 1 22 -6 19 3 9 9 
9 9 3 19 -6 22 1 -15 -26 4 23 12 1 26 8 -20 25 -4 -6 16 
1 23 5 -5 21 6 11 16 24 19 3 25 7 27 12 10 4 6 3 3 
10 10 22 18 18 13 3 7 6 -18 -6 11 17 25 13 -25 1 23 10 21 
-19 -20 22 7 -19 9 3 13 1 9 12 -19 10 13 22 25 -19 23 20 -8 
-1 20 14 22 11 -4 10 -27 14 -8 8 27 16 25 5 5 -10 10 -3 24 
24 18 25 -25 -22 5 24 14 1 23 -14 12 4 16 15 3 19 7 -14 22 
6 18 11 3 27 18 10 -14 8 -12 10 7 10 4 17 15 22 17 -11 7 
-11 -7 -6 13 5 25 2 -21 11 19 12 -25 -19 -16 6 24 2 15 19 17 
-11 1 4 -5 -20 -22 19 26 4 -21 1 21 7 -15 -18 21 21 -4 6 5 
-5 -12 -8 22 27 12 -11 -14 6 13 1 -25 -25 -21 6 6 -22 -20 -6 25 
30
1
14 15
5 4
0
0
