20 20
-1 5 -14 13 1 -8 -1 -8 -13 2 3 5 7 6 -9 12 0 13 -9 0 
9 5 11 7 7 10 7 13 2 13 7 13 8 -13 6 0 11 10 8 2 
4 11 -9 2 4 13 15 3 -10 6 -15 -13 -3 3 15 7 -1 13 0 15 
12 15 12 1 -15 -9 14 7 5 -14 -3 5 0 -15 1 4 8 14 6 5 
3 -9 15 7 12 -4 2 1 9 10 3 -11 3 11 5 14 14 15 6 10 
-7 8 -7 10 14 6 9 13 -1 5 -1 -4 -6 12 -15 -8 15 8 13 11 
-14 3 14 14 6 -5 -9 1 1 4 11 -1 15 14 12 4 1 1 4 -4 
-14 -1 4 -12 -1 5 7 1 4 6 12 15 1 8 -14 -14 -6 4 0 0 
13 5 13 -4 6 13 15 9 1 4 -6 -7 -5 11 -4 1 2 5 2 -6 
-6 13 13 14 4 -7 2 -2 -4 6 6 -13 -14 5 -3 15 4 0 14 -9 
-9 14 0 4 15 -3 5 -14 -13 6 6 -4 -2 2 -7 4 14 13 13 -6 
-6 2 5 2 1 -4 11 -5 -7 -6 4 1 9 15 13 6 -4 13 5 13 
0 0 4 -6 -14 -14 8 1 15 12 6 4 1 7 5 -1 -12 4 -1 -14 
-4 4 1 1 4 12 14 15 -1 11 4 1 1 -9 -5 6 14 14 3 -14 
11 13 8 15 -8 -15 12 -6 -4 -1 5 -1 13 9 6 14 10 -7 8 -7 
10 6 15 14 14 5 11 3 -11 3 10 9 1 2 -4 12 7 15 -9 3 
5 6 14 8 4 1 -15 0 5 -3 -14 5 7 14 -9 -15 1 12 15 12 
15 0 13 -1 7 15 3 -3 -13 -15 6 -10 3 15 13 4 2 -9 11 4 
2 8 10 11 0 6 -13 8 13 7 13 2 13 7 10 7 7 11 5 9 
0 -9 13 0 12 -9 6 7 5 3 2 -13 -8 -1 -8 1 13 -14 5 -1 
30
1
6 17
13 2
0
0
