20 20
16 10 -8 2 3 12 -10 13 16 14 2 1 2 12 -13 -15 6 -14 15 10 
6 10 11 -13 7 6 8 3 2 -1 -4 -6 -6 -2 -2 12 12 -3 5 -6 
5 7 5 14 -6 -11 -1 7 -5 2 10 11 -11 -11 12 5 15 14 2 10 
5 6 -13 12 14 6 2 -10 7 4 -12 10 1 9 11 -8 8 2 3 0 
-15 11 2 14 6 1 -5 1 3 11 1 11 -6 4 4 14 13 -1 -6 13 
14 -14 13 -3 7 1 6 16 10 4 2 5 11 3 2 0 10 6 -14 8 
2 11 11 10 8 2 -2 -11 3 6 4 5 7 2 16 2 1 6 5 1 
-9 2 -10 -14 1 1 -11 14 -6 4 12 16 -14 9 -16 10 2 4 14 4 
-6 -16 7 14 5 15 8 10 2 -8 12 -16 -7 4 2 6 11 -10 5 12 
12 9 3 11 -8 16 11 -2 14 2 0 2 14 10 10 4 16 -2 -15 14 
14 -15 -2 16 4 10 10 14 2 0 2 14 -2 11 16 -8 11 3 9 12 
12 5 -10 11 6 2 4 -7 -16 12 -8 2 10 8 15 5 14 7 -16 -6 
4 14 4 2 10 -16 9 -14 16 12 4 -6 14 -11 1 1 -14 -10 2 -9 
1 5 6 1 2 16 2 7 5 4 6 3 -11 -2 2 8 10 11 11 2 
8 -14 6 10 0 2 3 11 5 2 4 10 16 6 1 7 -3 13 -14 14 
13 -6 -1 13 14 4 4 -6 11 1 11 3 1 -5 1 6 14 2 11 -15 
0 3 2 8 -8 11 9 1 10 -12 4 7 -10 2 6 14 12 -13 6 5 
10 2 14 15 5 12 -11 -11 11 10 2 -5 7 -1 -11 -6 14 5 7 5 
-6 5 -3 12 12 -2 -2 -6 -6 -4 -1 2 3 8 6 7 -13 11 10 6 
10 15 -14 6 -15 -13 12 2 1 2 14 16 13 -10 12 3 2 -8 10 16 
30
1
9 6
10 13
0
0
