20 20
4 3 4 9 20 3 -8 13 18 -7 27 3 8 -14 22 27 -7 1 11 16 
-9 19 -14 1 13 23 7 13 29 -27 15 -19 -24 30 14 18 3 -7 -13 15 
26 15 8 17 -19 11 7 -14 11 3 28 7 -22 28 23 6 4 11 16 28 
30 16 17 1 24 22 6 21 -9 24 21 6 20 1 7 12 8 -4 -6 -28 
15 3 6 1 9 1 7 -30 5 -7 -15 15 0 11 -20 17 -25 10 18 9 
11 16 20 7 1 -22 10 14 -1 -17 -21 30 9 25 -23 8 20 29 12 3 
13 -9 18 14 2 -15 -4 -9 18 7 -7 22 -15 29 8 -18 7 0 4 -28 
-18 29 9 19 19 11 12 4 20 -2 2 21 -13 21 -14 21 3 14 2 28 
3 -7 8 -23 -14 -13 -27 19 17 5 -27 11 -18 21 -30 21 20 15 -10 -17 
0 29 1 12 11 -14 15 23 20 -11 -4 27 10 22 -21 -5 28 2 -19 8 
8 -19 2 28 -5 -21 22 10 27 -4 -11 20 23 15 -14 11 12 1 29 0 
-17 -10 15 20 21 -30 21 -18 11 -27 5 17 19 -27 -13 -14 -23 8 -7 3 
28 2 14 3 21 -14 21 -13 21 2 -2 20 4 12 11 19 19 9 29 -18 
-28 4 0 7 -18 8 29 -15 22 -7 7 18 -9 -4 -15 2 14 18 -9 13 
3 12 29 20 8 -23 25 9 30 -21 -17 -1 14 10 -22 1 7 20 16 11 
9 18 10 -25 17 -20 11 0 15 -15 -7 5 -30 7 1 9 1 6 3 15 
-28 -6 -4 8 12 7 1 20 6 21 24 -9 21 6 22 24 1 17 16 30 
28 16 11 4 6 23 28 -22 7 28 3 11 -14 7 11 -19 17 8 15 26 
15 -13 -7 3 18 14 30 -24 -19 15 -27 29 13 7 23 13 1 -14 19 -9 
16 11 1 -7 27 22 -14 8 3 27 -7 18 13 -8 3 20 9 4 3 4 
30
1
2 11
17 8
0
0
