20 20
-10 -16 -15 6 24 11 29 5 28 -4 18 10 -3 14 -12 28 11 29 8 4 
-12 21 12 -6 25 18 5 -23 22 29 -20 12 2 29 -4 -8 20 8 13 -8 
1 20 8 -1 8 1 25 2 0 4 1 -26 17 11 25 2 21 23 26 -11 
-21 -12 2 27 -9 17 15 -12 -3 -24 5 -6 24 2 14 21 26 29 -14 14 
28 9 -6 16 11 25 5 2 13 5 20 -15 15 5 22 19 8 24 9 4 
-23 -16 -20 5 5 14 17 7 29 14 -23 5 7 -6 10 29 6 -2 -9 -20 
-27 18 18 -16 20 3 22 10 11 0 17 26 -1 -7 16 4 6 -29 5 -5 
-22 6 21 17 29 7 1 2 23 6 26 7 27 21 10 10 9 29 23 19 
21 7 23 24 10 4 23 8 25 21 14 21 23 -17 25 27 -15 16 -7 10 
-23 2 19 8 -9 -22 12 8 3 2 1 9 6 6 29 1 26 -5 19 16 
16 19 -5 26 1 29 6 6 9 1 2 3 8 12 -22 -9 8 19 2 -23 
10 -7 16 -15 27 25 -17 23 21 14 21 25 8 23 4 10 24 23 7 21 
19 23 29 9 10 10 21 27 7 26 6 23 2 1 7 29 17 21 6 -22 
-5 5 -29 6 4 16 -7 -1 26 17 0 11 10 22 3 20 -16 18 18 -27 
-20 -9 -2 6 29 10 -6 7 5 -23 14 29 7 17 14 5 5 -20 -16 -23 
4 9 24 8 19 22 5 15 -15 20 5 13 2 5 25 11 16 -6 9 28 
14 -14 29 26 21 14 2 24 -6 5 -24 -3 -12 15 17 -9 27 2 -12 -21 
-11 26 23 21 2 25 11 17 -26 1 4 0 2 25 1 8 -1 8 20 1 
-8 13 8 20 -8 -4 29 2 12 -20 29 22 -23 5 18 25 -6 12 21 -12 
4 8 29 11 28 -12 14 -3 10 18 -4 28 5 29 11 24 6 -15 -16 -10 
30
1
18 0
1 19
0
0
