20 20
-1 21 22 2 -22 22 -9 17 -5 13 6 10 4 -21 11 -6 6 9 20 22 
-8 0 -15 8 20 16 17 15 2 7 -12 22 20 3 -13 6 21 3 -13 22 
-3 3 11 14 17 -16 -4 15 18 -12 2 3 18 -3 -6 11 -3 20 3 -2 
10 12 20 6 -5 5 0 6 15 -15 14 3 21 8 22 19 0 17 -16 16 
-5 10 21 -22 14 19 -18 -3 14 5 19 15 -12 9 6 2 19 16 1 -5 
-6 1 16 14 -5 0 -8 22 -5 12 17 15 14 15 22 2 2 22 12 21 
7 17 18 0 -22 -9 18 10 10 3 -19 11 10 6 13 13 17 -5 19 1 
-12 5 13 -3 -12 8 -21 -11 -12 3 18 -11 3 18 12 16 13 14 1 3 
18 4 10 2 20 10 10 -20 9 16 -1 -12 22 -14 -21 19 -4 2 16 10 
9 -17 1 0 5 -14 7 18 7 8 19 17 1 -10 14 12 -2 10 12 6 
6 12 10 -2 12 14 -10 1 17 19 8 7 18 7 -14 5 0 1 -17 9 
10 16 2 -4 19 -21 -14 22 -12 -1 16 9 -20 10 10 20 2 10 4 18 
3 1 14 13 16 12 18 3 -11 18 3 -12 -11 -21 8 -12 -3 13 5 -12 
1 19 -5 17 13 13 6 10 11 -19 3 10 10 18 -9 -22 0 18 17 7 
21 12 22 2 2 22 15 14 15 17 12 -5 22 -8 0 -5 14 16 1 -6 
-5 1 16 19 2 6 9 -12 15 19 5 14 -3 -18 19 14 -22 21 10 -5 
16 -16 17 0 19 22 8 21 3 14 -15 15 6 0 5 -5 6 20 12 10 
-2 3 20 -3 11 -6 -3 18 3 2 -12 18 15 -4 -16 17 14 11 3 -3 
22 -13 3 21 6 -13 3 20 22 -12 7 2 15 17 16 20 8 -15 0 -8 
22 20 9 6 -6 11 -21 4 10 6 13 -5 17 -9 22 -22 2 22 21 -1 
30
1
0 11
19 8
0
0
