20 20
-16 5 -11 -20 20 12 15 17 -18 19 1 16 16 0 5 1 -16 15 18 16 
-10 -5 14 -11 2 0 10 10 2 1 8 9 18 0 12 20 -11 20 9 -20 
-17 -20 5 11 1 7 8 11 9 -19 12 0 5 -11 15 9 -7 6 10 16 
8 -19 4 20 -5 4 3 4 -4 -2 2 1 14 2 14 20 19 7 13 18 
-17 2 14 12 5 14 5 9 19 15 8 2 14 7 5 13 4 17 -3 1 
20 9 13 9 19 6 -20 3 8 -12 10 2 1 15 5 2 0 1 -4 4 
-3 18 -3 15 -17 -2 18 20 -5 12 12 -1 4 11 -14 0 3 12 18 18 
0 15 0 -12 11 -11 8 11 3 11 6 -14 17 -7 -11 4 9 16 10 1 
-9 17 -14 19 10 -7 11 19 -11 -2 12 2 7 3 6 -10 17 17 6 17 
17 12 18 -18 8 20 17 0 -11 6 -18 -18 9 18 12 -16 5 -9 10 3 
3 10 -9 5 -16 12 18 9 -18 -18 6 -11 0 17 20 8 -18 18 12 17 
17 6 17 17 -10 6 3 7 2 12 -2 -11 19 11 -7 10 19 -14 17 -9 
1 10 16 9 4 -11 -7 17 -14 6 11 3 11 8 -11 11 -12 0 15 0 
18 18 12 3 0 -14 11 4 -1 12 12 -5 20 18 -2 -17 15 -3 18 -3 
4 -4 1 0 2 5 15 1 2 10 -12 8 3 -20 6 19 9 13 9 20 
1 -3 17 4 13 5 7 14 2 8 15 19 9 5 14 5 12 14 2 -17 
18 13 7 19 20 14 2 14 1 2 -2 -4 4 3 4 -5 20 4 -19 8 
16 10 6 -7 9 15 -11 5 0 12 -19 9 11 8 7 1 11 5 -20 -17 
-20 9 20 -11 20 12 0 18 9 8 1 2 10 10 0 2 -11 14 -5 -10 
16 18 15 -16 1 5 0 16 16 1 19 -18 17 15 12 20 -20 -11 5 -16 
30
1
13 2
6 17
0
0
