20 20
17 -11 10 25 17 -15 9 15 17 -5 26 24 24 17 18 -4 9 -1 11 -22 
27 21 20 11 11 20 -6 11 16 14 10 3 9 24 6 11 -7 3 21 17 
2 7 -17 18 4 16 7 1 7 -26 21 1 -5 2 22 8 6 -17 -16 9 
20 -15 27 11 6 1 5 19 24 -22 20 6 27 27 27 6 7 10 14 8 
22 19 -27 -4 -16 21 6 9 19 16 0 17 -4 16 22 19 7 1 23 -3 
-13 -24 -25 21 12 22 8 -25 20 -5 13 12 -8 6 15 18 2 2 13 -24 
-19 -13 18 27 27 -25 20 -16 25 11 1 0 24 19 25 26 24 27 -7 24 
7 -17 6 26 8 26 8 17 -8 0 24 22 15 1 11 14 23 9 16 -21 
5 -22 9 27 4 9 16 7 12 22 27 20 25 4 10 9 26 -12 6 0 
7 -10 11 2 2 21 6 16 27 18 7 3 20 -9 6 19 24 -13 25 17 
17 25 -13 24 19 6 -9 20 3 7 18 27 16 6 21 2 2 11 -10 7 
0 6 -12 26 9 10 4 25 20 27 22 12 7 16 9 4 27 9 -22 5 
-21 16 9 23 14 11 1 15 22 24 0 -8 17 8 26 8 26 6 -17 7 
24 -7 27 24 26 25 19 24 0 1 11 25 -16 20 -25 27 27 18 -13 -19 
-24 13 2 2 18 15 6 -8 12 13 -5 20 -25 8 22 12 21 -25 -24 -13 
-3 23 1 7 19 22 16 -4 17 0 16 19 9 6 21 -16 -4 -27 19 22 
8 14 10 7 6 27 27 27 6 20 -22 24 19 5 1 6 11 27 -15 20 
9 -16 -17 6 8 22 2 -5 1 21 -26 7 1 7 16 4 18 -17 7 2 
17 21 3 -7 11 6 24 9 3 10 14 16 11 -6 20 11 11 20 21 27 
-22 11 -1 9 -4 18 17 24 24 26 -5 17 15 9 -15 17 25 10 -11 17 
30
1
13 6
6 13
0
0
