20 20
9 -12 10 8 -4 9 -1 -7 -13 2 7 10 -3 5 12 13 10 1 5 13 
8 1 7 4 -13 -12 4 -10 4 5 4 3 2 5 3 6 13 8 1 -2 
0 0 7 5 5 -12 -2 -12 -12 10 9 -11 13 13 4 3 5 8 4 12 
2 1 9 -11 9 -6 -1 -11 10 2 10 -5 -3 9 9 2 5 -5 5 -9 
1 8 7 11 6 9 7 12 5 2 2 -2 -2 -5 2 3 -4 7 6 4 
4 -12 2 4 10 1 -3 -5 10 9 11 13 9 -4 4 7 1 -1 9 -2 
-9 8 -12 13 5 6 5 3 6 10 -3 12 9 13 5 12 -11 5 13 2 
8 -12 12 10 -4 13 1 5 7 12 6 7 13 6 6 10 -11 3 12 -11 
-8 7 -13 10 -12 -8 12 7 2 2 12 2 4 1 5 -4 12 4 -7 1 
-4 -5 6 -8 -3 13 8 9 -10 2 8 -2 6 13 9 11 -1 4 10 2 
2 10 4 -1 11 9 13 6 -2 8 2 -10 9 8 13 -3 -8 6 -5 -4 
1 -7 4 12 -4 5 1 4 2 12 2 2 7 12 -8 -12 10 -13 7 -8 
-11 12 3 -11 10 6 6 13 7 6 12 7 5 1 13 -4 10 12 -12 8 
2 13 5 -11 12 5 13 9 12 -3 10 6 3 5 6 5 13 -12 8 -9 
-2 9 -1 1 7 4 -4 9 13 11 9 10 -5 -3 1 10 4 2 -12 4 
4 6 7 -4 3 2 -5 -2 -2 2 2 5 12 7 9 6 11 7 8 1 
-9 5 -5 5 2 9 9 -3 -5 10 2 10 -11 -1 -6 9 -11 9 1 2 
12 4 8 5 3 4 13 13 -11 9 10 -12 -12 -2 -12 5 5 7 0 0 
-2 1 8 13 6 3 5 2 3 4 5 4 -10 4 -12 -13 4 7 1 8 
13 5 1 10 13 12 5 -3 10 7 2 -13 -7 -1 9 -4 8 10 -12 9 
30
1
0 3
19 16
0
0
