20 20
9 8 3 -4 11 13 -11 4 7 15 12 2 5 10 10 3 1 13 14 1 
12 -7 10 2 15 8 5 5 -8 -1 5 -13 -1 2 13 6 3 5 8 11 
2 -8 11 6 -1 7 2 7 9 -4 8 -13 -1 8 3 1 13 4 3 8 
8 12 -14 7 15 12 7 15 6 -7 -14 12 11 6 12 15 -9 4 1 -1 
-8 4 -3 13 -1 0 -11 0 11 4 15 4 -5 7 5 1 -12 -5 10 7 
10 12 14 11 6 -7 2 3 15 6 -11 3 5 10 3 -14 -11 -6 4 14 
7 8 13 15 2 -7 15 1 -5 1 -10 -12 6 10 1 15 10 7 2 -6 
7 11 10 2 1 8 9 1 4 6 12 -11 8 9 2 13 2 11 9 -11 
5 7 7 1 15 7 11 10 -5 14 9 13 -13 3 14 1 2 10 0 -9 
-2 -3 -4 -5 -11 7 15 2 15 8 15 2 5 11 6 6 -7 10 -14 11 
11 -14 10 -7 6 6 11 5 2 15 8 15 2 15 7 -11 -5 -4 -3 -2 
-9 0 10 2 1 14 3 -13 13 9 14 -5 10 11 7 15 1 7 7 5 
-11 9 11 2 13 2 9 8 -11 12 6 4 1 9 8 1 2 10 11 7 
-6 2 7 10 15 1 10 6 -12 -10 1 -5 1 15 -7 2 15 13 8 7 
14 4 -6 -11 -14 3 10 5 3 -11 6 15 3 2 -7 6 11 14 12 10 
7 10 -5 -12 1 5 7 -5 4 15 4 11 0 -11 0 -1 13 -3 4 -8 
-1 1 4 -9 15 12 6 11 12 -14 -7 6 15 7 12 15 7 -14 12 8 
8 3 4 13 1 3 8 -1 -13 8 -4 9 7 2 7 -1 6 11 -8 2 
11 8 5 3 6 13 2 -1 -13 5 -1 -8 5 5 8 15 2 10 -7 12 
1 14 13 1 3 10 10 5 2 12 15 7 4 -11 13 11 -4 3 8 9 
30
1
3 13
16 6
0
0
