20 20
17 6 11 4 14 4 5 3 18 5 7 -3 17 15 11 10 14 7 17 4 
-11 18 -13 6 10 10 1 -18 14 1 13 -9 -3 -4 -9 13 10 11 10 -4 
18 12 9 9 -18 -8 9 -16 13 -18 9 15 -7 18 15 1 -5 13 8 15 
14 13 -3 13 6 5 1 4 12 0 3 -13 11 1 9 -13 11 17 8 -18 
15 -17 13 4 12 -2 -18 5 11 -2 -4 4 17 12 -13 12 -7 9 4 11 
5 1 0 -16 3 -7 -1 3 16 3 -16 -3 14 17 6 5 2 1 8 12 
7 -11 -8 17 13 10 9 5 3 6 0 10 6 4 5 7 6 14 18 -8 
9 14 17 4 16 -1 5 12 11 15 1 -3 -13 0 7 16 -9 15 -9 12 
9 14 16 9 14 -11 12 -8 14 2 14 15 -12 -6 18 14 4 17 18 11 
4 15 4 5 10 5 11 2 3 8 -6 7 6 12 1 10 13 5 13 7 
7 13 5 13 10 1 12 6 7 -6 8 3 2 11 5 10 5 4 15 4 
11 18 17 4 14 18 -6 -12 15 14 2 14 -8 12 -11 14 9 16 14 9 
12 -9 15 -9 16 7 0 -13 -3 1 15 11 12 5 -1 16 4 17 14 9 
-8 18 14 6 7 5 4 6 10 0 6 3 5 9 10 13 17 -8 -11 7 
12 8 1 2 5 6 17 14 -3 -16 3 16 3 -1 -7 3 -16 0 1 5 
11 4 9 -7 12 -13 12 17 4 -4 -2 11 5 -18 -2 12 4 13 -17 15 
-18 8 17 11 -13 9 1 11 -13 3 0 12 4 1 5 6 13 -3 13 14 
15 8 13 -5 1 15 18 -7 15 9 -18 13 -16 9 -8 -18 9 9 12 18 
-4 10 11 10 13 -9 -4 -3 -9 13 1 14 -18 1 10 10 6 -13 18 -11 
4 17 7 14 10 11 15 17 -3 7 5 18 3 5 4 14 4 11 6 17 
30
1
4 0
15 19
0
0
