20 20
4 6 3 -14 0 -14 8 -12 14 11 -3 -6 2 12 19 0 19 10 1 10 
16 -17 -4 10 17 -15 17 0 7 9 3 11 2 6 13 13 13 9 2 3 
6 -18 7 10 11 7 3 14 -19 9 -6 15 5 2 16 1 10 -12 6 1 
9 13 1 1 4 16 20 9 9 -13 18 11 14 11 14 20 8 14 18 15 
17 11 -12 -12 18 4 0 4 18 16 13 -9 -12 6 8 5 -10 14 12 6 
2 12 14 11 9 7 -6 17 6 6 8 -11 5 2 1 -4 20 6 0 4 
5 7 14 15 -8 8 15 3 -17 5 15 7 2 3 18 3 20 9 -2 2 
6 -7 -18 7 11 -1 13 -1 -8 16 14 4 13 2 2 6 7 11 20 -10 
9 3 9 14 20 7 10 10 4 5 2 14 19 8 18 19 -5 -1 15 1 
18 4 17 1 11 3 15 4 12 -20 3 13 14 17 8 4 9 10 19 -20 
-20 19 10 9 4 8 17 14 13 3 -20 12 4 15 3 11 1 17 4 18 
1 15 -1 -5 19 18 8 19 14 2 5 4 10 10 7 20 14 9 3 9 
-10 20 11 7 6 2 2 13 4 14 16 -8 -1 13 -1 11 7 -18 -7 6 
2 -2 9 20 3 18 3 2 7 15 5 -17 3 15 8 -8 15 14 7 5 
4 0 6 20 -4 1 2 5 -11 8 6 6 17 -6 7 9 11 14 12 2 
6 12 14 -10 5 8 6 -12 -9 13 16 18 4 0 4 18 -12 -12 11 17 
15 18 14 8 20 14 11 14 11 18 -13 9 9 20 16 4 1 1 13 9 
1 6 -12 10 1 16 2 5 15 -6 9 -19 14 3 7 11 10 7 -18 6 
3 2 9 13 13 13 6 2 11 3 9 7 0 17 -15 17 10 -4 -17 16 
10 1 10 19 0 19 12 2 -6 -3 11 14 -12 8 -14 0 -14 3 6 4 
30
1
3 10
16 9
0
0
