20 20
0 10 13 -6 -10 -6 12 8 -12 0 3 10 -8 7 5 11 0 6 4 -10 
10 -7 9 6 8 5 -7 -6 11 14 -3 -8 11 11 -4 14 3 7 9 8 
10 -2 10 13 -14 -9 3 7 -10 12 5 10 11 5 14 8 -8 14 1 -13 
2 3 10 13 3 9 4 6 -14 2 2 0 12 5 -4 7 4 11 14 9 
11 -9 10 14 14 2 0 -12 -14 10 6 -13 13 4 -6 7 -14 6 -12 3 
3 5 -11 8 5 9 10 12 10 -10 9 -2 -1 1 -2 6 5 9 1 13 
14 2 10 4 7 10 -14 -5 12 10 14 -5 8 -13 -1 5 11 -4 13 -13 
8 6 -2 14 12 10 -11 -6 6 2 10 11 4 9 2 -5 8 -5 12 9 
8 14 6 -5 9 14 -10 12 2 6 8 6 1 -9 -6 4 12 7 -8 8 
14 -7 -14 -4 11 7 2 11 6 7 11 11 -13 14 3 6 -5 7 10 2 
2 10 7 -5 6 3 14 -13 11 11 7 6 11 2 7 11 -4 -14 -7 14 
8 -8 7 12 4 -6 -9 1 6 8 6 2 12 -10 14 9 -5 6 14 8 
9 12 -5 8 -5 2 9 4 11 10 2 6 -6 -11 10 12 14 -2 6 8 
-13 13 -4 11 5 -1 -13 8 -5 14 10 12 -5 -14 10 7 4 10 2 14 
13 1 9 5 6 -2 1 -1 -2 9 -10 10 12 10 9 5 8 -11 5 3 
3 -12 6 -14 7 -6 4 13 -13 6 10 -14 -12 0 2 14 14 10 -9 11 
9 14 11 4 7 -4 5 12 0 2 2 -14 6 4 9 3 13 10 3 2 
-13 1 14 -8 8 14 5 11 10 5 12 -10 7 3 -9 -14 13 10 -2 10 
8 9 7 3 14 -4 11 11 -8 -3 14 11 -6 -7 5 8 6 9 -7 10 
-10 4 6 0 11 5 7 -8 10 3 0 -12 8 12 -6 -10 -6 13 10 0 
30
1
9 17
10 2
0
0
