20 20
13 -16 11 6 -9 13 4 20 15 11 -18 4 2 22 8 22 -1 21 -17 3 
-15 1 20 14 10 21 4 12 -20 3 -8 -8 12 18 1 10 14 10 -16 13 
5 -10 12 20 18 22 11 13 17 3 -21 -13 20 7 11 16 -7 2 19 4 
-4 11 -6 11 5 15 -5 -16 8 3 20 -18 -7 -21 22 6 1 -13 5 19 
15 1 0 16 11 8 5 12 5 7 1 9 13 -12 6 -22 19 9 -9 -18 
13 7 20 -4 1 22 -4 20 -16 1 -10 17 16 8 21 -21 18 21 12 -20 
11 11 1 -12 12 -7 -15 19 2 3 17 -12 20 21 18 1 -13 13 18 -13 
-16 22 -3 21 10 12 19 10 9 -11 3 19 6 3 6 1 18 3 19 19 
-7 2 8 0 5 22 12 17 7 11 -17 3 9 6 -13 6 -22 8 18 -19 
19 7 4 4 3 9 6 20 1 2 8 2 14 2 19 18 1 19 13 6 
6 13 19 1 18 19 2 14 2 8 2 1 20 6 9 3 4 4 7 19 
-19 18 8 -22 6 -13 6 9 3 -17 11 7 17 12 22 5 0 8 2 -7 
19 19 3 18 1 6 3 6 19 3 -11 9 10 19 12 10 21 -3 22 -16 
-13 18 13 -13 1 18 21 20 -12 17 3 2 19 -15 -7 12 -12 1 11 11 
-20 12 21 18 -21 21 8 16 17 -10 1 -16 20 -4 22 1 -4 20 7 13 
-18 -9 9 19 -22 6 -12 13 9 1 7 5 12 5 8 11 16 0 1 15 
19 5 -13 1 6 22 -21 -7 -18 20 3 8 -16 -5 15 5 11 -6 11 -4 
4 19 2 -7 16 11 7 20 -13 -21 3 17 13 11 22 18 20 12 -10 5 
13 -16 10 14 10 1 18 12 -8 -8 3 -20 12 4 21 10 14 20 1 -15 
3 -17 21 -1 22 8 22 2 4 -18 11 15 20 4 13 -9 6 11 -16 13 
30
1
18 10
1 9
0
0
