20 20
-25 7 0 14 -27 6 -4 12 15 23 8 18 13 11 13 0 2 26 18 2 
11 -4 4 7 12 20 9 15 21 25 5 -12 27 19 5 24 6 25 12 -26 
5 23 11 25 23 10 5 27 19 24 2 23 16 -24 24 8 15 24 1 6 
-16 -12 -9 14 23 1 -10 26 25 18 14 5 19 -2 -4 14 -8 10 -19 -8 
21 19 16 20 26 7 7 -12 -24 16 18 20 23 2 6 -23 -21 3 -24 19 
3 21 6 3 27 16 -4 25 -13 2 -23 13 -7 27 5 6 22 -16 20 11 
6 22 0 11 13 18 18 2 22 -17 27 9 23 -3 0 5 -20 6 4 27 
-4 13 -26 19 8 11 20 27 24 5 18 11 -27 6 -1 15 -1 8 -2 7 
21 -15 16 15 -25 19 -15 22 14 15 -18 22 25 -26 14 13 22 -21 23 10 
25 -25 25 15 25 15 8 11 20 26 22 16 -16 14 -20 17 14 6 0 9 
9 0 6 14 17 -20 14 -16 16 22 26 20 11 8 15 25 15 25 -25 25 
10 23 -21 22 13 14 -26 25 22 -18 15 14 22 -15 19 -25 15 16 -15 21 
7 -2 8 -1 15 -1 6 -27 11 18 5 24 27 20 11 8 19 -26 13 -4 
27 4 6 -20 5 0 -3 23 9 27 -17 22 2 18 18 13 11 0 22 6 
11 20 -16 22 6 5 27 -7 13 -23 2 -13 25 -4 16 27 3 6 21 3 
19 -24 3 -21 -23 6 2 23 20 18 16 -24 -12 7 7 26 20 16 19 21 
-8 -19 10 -8 14 -4 -2 19 5 14 18 25 26 -10 1 23 14 -9 -12 -16 
6 1 24 15 8 24 -24 16 23 2 24 19 27 5 10 23 25 11 23 5 
-26 12 25 6 24 5 19 27 -12 5 25 21 15 9 20 12 7 4 -4 11 
2 18 26 2 0 13 11 13 18 8 23 15 12 -4 6 -27 14 0 7 -25 
30
1
10 19
9 0
0
0
