20 20
8 -14 19 18 13 17 15 -2 -8 9 6 4 -1 17 -1 6 19 6 14 6 
16 7 14 12 4 14 -10 19 -10 -10 4 1 8 -9 15 2 13 -5 10 12 
-3 7 2 8 -18 -1 7 -3 4 18 14 15 11 7 3 18 17 7 9 3 
7 6 17 -13 10 12 6 14 -4 18 -14 19 -8 5 10 5 0 -13 -10 5 
5 8 -10 14 14 -4 3 1 -3 11 -16 14 13 13 7 16 4 -19 7 3 
-7 16 -7 1 6 11 -11 0 12 -1 5 0 -6 18 11 18 8 -13 -1 16 
5 17 -1 14 19 9 10 8 4 -3 -16 1 13 -15 6 4 10 15 -14 14 
-10 8 2 14 0 8 14 0 17 9 0 18 13 17 19 19 9 12 -8 14 
2 8 -14 11 14 16 10 4 -10 -14 8 6 14 -14 -11 1 5 5 17 -17 
4 4 15 5 -13 1 0 0 7 12 9 -18 18 12 1 -7 3 14 8 -11 
-11 8 14 3 -7 1 12 18 -18 9 12 7 0 0 1 -13 5 15 4 4 
-17 17 5 5 1 -11 -14 14 6 8 -14 -10 4 10 16 14 11 -14 8 2 
14 -8 12 9 19 19 17 13 18 0 9 17 0 14 8 0 14 2 8 -10 
14 -14 15 10 4 6 -15 13 1 -16 -3 4 8 10 9 19 14 -1 17 5 
16 -1 -13 8 18 11 18 -6 0 5 -1 12 0 -11 11 6 1 -7 16 -7 
3 7 -19 4 16 7 13 13 14 -16 11 -3 1 3 -4 14 14 -10 8 5 
5 -10 -13 0 5 10 5 -8 19 -14 18 -4 14 6 12 10 -13 17 6 7 
3 9 7 17 18 3 7 11 15 14 18 4 -3 7 -1 -18 8 2 7 -3 
12 10 -5 13 2 15 -9 8 1 4 -10 -10 19 -10 14 4 12 14 7 16 
6 14 6 19 6 -1 17 -1 4 6 9 -8 -2 15 17 13 18 19 -14 8 
30
1
9 11
10 8
0
0
