20 20
7 5 15 -4 15 -13 -6 15 1 7 8 3 -6 1 13 8 13 13 5 6 
9 4 8 5 4 -15 9 5 -2 0 9 14 7 1 11 -7 8 13 15 -5 
-12 -8 -7 3 14 6 9 3 1 -5 -2 -6 2 14 -11 6 -14 -12 9 9 
-4 12 9 10 -15 5 3 11 -10 1 -14 6 -14 13 -9 10 6 0 3 8 
-1 5 -2 3 4 13 -4 -10 8 7 -11 10 5 10 -13 10 13 6 11 -2 
0 1 0 9 15 4 2 4 13 7 1 11 1 8 7 4 -14 8 11 1 
7 -12 -8 13 11 6 0 7 -2 3 13 2 -11 2 -10 13 -1 -10 10 1 
6 15 -7 10 15 -9 12 9 3 7 4 14 15 7 1 4 -11 -7 9 6 
-2 12 1 15 8 -7 -9 13 -4 15 -10 6 6 15 3 11 -9 -1 -13 -4 
6 14 2 -3 0 14 5 3 -3 15 14 15 13 -3 2 6 15 14 7 12 
12 7 14 15 6 2 -3 13 15 14 15 -3 3 5 14 0 -3 2 14 6 
-4 -13 -1 -9 11 3 15 6 6 -10 15 -4 13 -9 -7 8 15 1 12 -2 
6 9 -7 -11 4 1 7 15 14 4 7 3 9 12 -9 15 10 -7 15 6 
1 10 -10 -1 13 -10 2 -11 2 13 3 -2 7 0 6 11 13 -8 -12 7 
1 11 8 -14 4 7 8 1 11 1 7 13 4 2 4 15 9 0 1 0 
-2 11 6 13 10 -13 10 5 10 -11 7 8 -10 -4 13 4 3 -2 5 -1 
8 3 0 6 10 -9 13 -14 6 -14 1 -10 11 3 5 -15 10 9 12 -4 
9 9 -12 -14 6 -11 14 2 -6 -2 -5 1 3 9 6 14 3 -7 -8 -12 
-5 15 13 8 -7 11 1 7 14 9 0 -2 5 9 -15 4 5 8 4 9 
6 5 13 13 8 13 1 -6 3 8 7 1 15 -6 -13 15 -4 15 5 7 
30
1
8 3
11 16
0
0
