20 20
17 -2 17 15 7 3 2 10 3 7 3 6 2 -17 18 13 18 7 -16 19 
15 10 10 9 -13 4 0 -6 5 6 1 2 1 -8 10 -6 11 -7 1 19 
6 -14 -16 1 19 13 8 4 15 15 7 16 16 15 16 0 2 15 9 12 
8 18 8 -11 -14 16 -14 10 12 13 5 4 -9 7 -5 3 15 3 11 0 
5 13 -2 -8 14 14 -7 1 1 -1 -16 14 -1 12 10 -5 9 -11 13 7 
14 16 -15 10 12 17 -2 12 13 10 -1 7 2 19 9 17 -16 13 17 15 
6 6 9 -3 6 -2 -15 -8 14 5 -18 5 5 -17 19 1 -11 -2 5 6 
-14 -7 17 9 17 14 2 -15 18 4 12 -19 5 -2 -12 9 8 15 8 3 
12 9 12 13 -6 -11 18 -6 10 14 15 -13 15 16 11 4 2 3 -9 19 
16 -12 13 9 8 6 3 9 16 12 -9 17 2 -17 14 10 -1 10 12 -17 
-17 12 10 -1 10 14 -17 2 17 -9 12 16 9 3 6 8 9 13 -12 16 
19 -9 3 2 4 11 16 15 -13 15 14 10 -6 18 -11 -6 13 12 9 12 
3 8 15 8 9 -12 -2 5 -19 12 4 18 -15 2 14 17 9 17 -7 -14 
6 5 -2 -11 1 19 -17 5 5 -18 5 14 -8 -15 -2 6 -3 9 6 6 
15 17 13 -16 17 9 19 2 7 -1 10 13 12 -2 17 12 10 -15 16 14 
7 13 -11 9 -5 10 12 -1 14 -16 -1 1 1 -7 14 14 -8 -2 13 5 
0 11 3 15 3 -5 7 -9 4 5 13 12 10 -14 16 -14 -11 8 18 8 
12 9 15 2 0 16 15 16 16 7 15 15 4 8 13 19 1 -16 -14 6 
19 1 -7 11 -6 10 -8 1 2 1 6 5 -6 0 4 -13 9 10 10 15 
19 -16 7 18 13 18 -17 2 6 3 7 3 10 2 3 7 15 17 -2 17 
30
1
5 2
14 17
0
0
