20 20
-4 6 29 8 -8 16 -29 29 24 9 12 10 23 -25 20 -16 6 8 28 -4 
1 14 13 26 22 5 -23 12 8 6 22 16 4 -24 -7 11 5 -17 2 -4 
-18 -9 12 1 17 -5 26 -2 -18 -29 8 19 21 8 -9 17 10 20 20 12 
-26 16 14 27 21 10 28 19 25 15 17 4 22 26 20 11 6 1 12 11 
13 17 13 23 15 23 24 28 5 5 -9 11 -7 -8 24 13 -29 28 -7 13 
-28 26 13 26 26 27 27 14 -27 27 -23 10 28 23 -9 15 18 6 17 15 
-9 18 7 11 -19 -7 17 12 25 17 -24 23 24 20 12 17 22 29 3 23 
4 15 22 25 23 0 9 26 -8 7 25 4 5 -24 15 -3 -20 29 25 15 
17 9 7 24 -4 16 14 25 -3 27 20 5 -8 9 14 4 10 19 -1 25 
0 6 22 -7 19 28 9 -29 17 7 12 -27 -10 28 2 -20 22 22 20 6 
6 20 22 22 -20 2 28 -10 -27 12 7 17 -29 9 28 19 -7 22 6 0 
25 -1 19 10 4 14 9 -8 5 20 27 -3 25 14 16 -4 24 7 9 17 
15 25 29 -20 -3 15 -24 5 4 25 7 -8 26 9 0 23 25 22 15 4 
23 3 29 22 17 12 20 24 23 -24 17 25 12 17 -7 -19 11 7 18 -9 
15 17 6 18 15 -9 23 28 10 -23 27 -27 14 27 27 26 26 13 26 -28 
13 -7 28 -29 13 24 -8 -7 11 -9 5 5 28 24 23 15 23 13 17 13 
11 12 1 6 11 20 26 22 4 17 15 25 19 28 10 21 27 14 16 -26 
12 20 20 10 17 -9 8 21 19 8 -29 -18 -2 26 -5 17 1 12 -9 -18 
-4 2 -17 5 11 -7 -24 4 16 22 6 8 12 -23 5 22 26 13 14 1 
-4 28 8 6 -16 20 -25 23 10 12 9 24 29 -29 16 -8 8 29 6 -4 
30
1
5 12
14 7
0
0
