20 20
4 16 -9 -16 12 15 10 9 7 16 15 19 11 10 6 14 8 -13 18 -15 
4 4 -7 15 4 19 2 4 9 6 1 2 13 4 0 14 13 -9 1 0 
9 9 12 -18 18 16 13 -6 -7 6 2 4 -12 17 -14 13 -7 -9 12 1 
5 -4 16 9 7 12 -15 18 16 4 8 -6 8 8 13 1 7 14 -3 12 
18 16 1 -8 14 -12 6 -2 17 7 18 2 -7 13 9 19 -4 16 -2 19 
13 18 -17 14 -1 4 10 -13 7 -8 6 6 8 3 -13 18 2 18 11 2 
9 7 9 5 11 15 6 6 12 7 -2 7 6 -2 14 6 9 16 0 12 
6 -8 -1 4 1 -15 -18 10 3 1 19 11 10 15 2 4 10 -7 6 16 
-3 18 15 7 7 10 1 16 9 17 -15 16 17 4 10 19 8 7 8 -13 
3 -9 -11 4 11 -1 18 11 18 11 -1 4 17 0 11 14 7 -19 8 15 
15 8 -19 7 14 11 0 17 4 -1 11 18 11 18 -1 11 4 -11 -9 3 
-13 8 7 8 19 10 4 17 16 -15 17 9 16 1 10 7 7 15 18 -3 
16 6 -7 10 4 2 15 10 11 19 1 3 10 -18 -15 1 4 -1 -8 6 
12 0 16 9 6 14 -2 6 7 -2 7 12 6 6 15 11 5 9 7 9 
2 11 18 2 18 -13 3 8 6 6 -8 7 -13 10 4 -1 14 -17 18 13 
19 -2 16 -4 19 9 13 -7 2 18 7 17 -2 6 -12 14 -8 1 16 18 
12 -3 14 7 1 13 8 8 -6 8 4 16 18 -15 12 7 9 16 -4 5 
1 12 -9 -7 13 -14 17 -12 4 2 6 -7 -6 13 16 18 -18 12 9 9 
0 1 -9 13 14 0 4 13 2 1 6 9 4 2 19 4 15 -7 4 4 
-15 18 -13 8 14 6 10 11 19 15 16 7 9 10 15 12 -16 -9 16 4 
30
1
3 4
16 15
0
0
