20 20
5 2 26 23 25 2 -21 17 0 -24 -6 27 20 -21 30 -22 28 7 29 10 
16 26 21 23 4 7 24 30 7 3 25 30 16 22 8 30 8 -13 -17 -3 
12 -2 17 -11 22 12 -5 27 -15 5 -15 13 -18 -16 16 18 0 29 7 21 
19 -5 22 20 -10 9 4 -8 -7 9 9 14 -12 29 5 19 -23 26 -8 2 
-10 16 8 -2 29 2 19 20 28 28 21 -26 3 21 -12 -28 26 10 23 12 
1 29 3 7 -15 -17 16 -10 13 8 -3 -6 -15 18 29 15 24 -20 22 16 
-5 9 12 26 23 -20 -17 5 1 13 8 20 15 29 22 18 24 -2 29 16 
7 -30 27 20 11 -5 18 22 -4 4 14 -5 9 13 26 5 28 -24 -7 5 
17 -26 11 21 -14 5 28 23 26 -30 -19 7 -13 28 18 13 9 6 29 16 
-25 18 -14 4 5 15 -7 13 -1 -11 27 -26 7 11 1 26 -30 19 -16 6 
6 -16 19 -30 26 1 11 7 -26 27 -11 -1 13 -7 15 5 4 -14 18 -25 
16 29 6 9 13 18 28 -13 7 -19 -30 26 23 28 5 -14 21 11 -26 17 
5 -7 -24 28 5 26 13 9 -5 14 4 -4 22 18 -5 11 20 27 -30 7 
16 29 -2 24 18 22 29 15 20 8 13 1 5 -17 -20 23 26 12 9 -5 
16 22 -20 24 15 29 18 -15 -6 -3 8 13 -10 16 -17 -15 7 3 29 1 
12 23 10 26 -28 -12 21 3 -26 21 28 28 20 19 2 29 -2 8 16 -10 
2 -8 26 -23 19 5 29 -12 14 9 9 -7 -8 4 9 -10 20 22 -5 19 
21 7 29 0 18 16 -16 -18 13 -15 5 -15 27 -5 12 22 -11 17 -2 12 
-3 -17 -13 8 30 8 22 16 30 25 3 7 30 24 7 4 23 21 26 16 
10 29 7 28 -22 30 -21 20 27 -6 -24 0 17 -21 2 25 23 26 2 5 
30
1
13 15
6 4
0
0
