20 20
15 13 0 -9 2 5 5 9 6 16 7 4 -8 1 16 0 -10 7 9 -16 
10 11 -11 1 -1 3 16 2 5 16 13 15 8 8 -12 -12 12 10 11 13 
4 8 4 -13 13 10 4 6 5 -16 9 15 -1 -8 11 12 8 11 14 4 
13 2 4 15 10 8 -16 10 13 13 4 -14 13 -11 6 9 2 11 1 -5 
2 -10 3 -6 11 10 16 5 12 -13 13 15 -8 -16 -14 6 12 16 6 16 
-12 2 -12 9 -2 14 4 15 4 11 9 5 9 8 -10 -15 2 15 1 6 
1 1 -15 2 4 8 7 2 -6 7 10 1 -7 -14 9 11 -7 14 11 15 
13 12 7 15 -3 -12 16 13 -4 15 2 4 3 10 4 12 -4 16 0 15 
1 12 13 -10 -4 13 14 16 9 10 -14 7 2 4 8 2 -11 -14 -7 -14 
9 4 15 -2 -7 13 16 12 10 -13 -11 2 3 -13 3 6 1 11 -8 7 
7 -8 11 1 6 3 -13 3 2 -11 -13 10 12 16 13 -7 -2 15 4 9 
-14 -7 -14 -11 2 8 4 2 7 -14 10 9 16 14 13 -4 -10 13 12 1 
15 0 16 -4 12 4 10 3 4 2 15 -4 13 16 -12 -3 15 7 12 13 
15 11 14 -7 11 9 -14 -7 1 10 7 -6 2 7 8 4 2 -15 1 1 
6 1 15 2 -15 -10 8 9 5 9 11 4 15 4 14 -2 9 -12 2 -12 
16 6 16 12 6 -14 -16 -8 15 13 -13 12 5 16 10 11 -6 3 -10 2 
-5 1 11 2 9 6 -11 13 -14 4 13 13 10 -16 8 10 15 4 2 13 
4 14 11 8 12 11 -8 -1 15 9 -16 5 6 4 10 13 -13 4 8 4 
13 11 10 12 -12 -12 8 8 15 13 16 5 2 16 3 -1 1 -11 11 10 
-16 9 7 -10 0 16 1 -8 4 7 16 6 9 5 5 2 -9 0 13 15 
30
1
6 12
13 7
0
0
