20 20
3 -2 9 10 1 13 0 8 8 -4 5 13 -10 5 8 5 3 13 0 -13 
-7 -8 12 -10 -4 11 11 8 -13 -5 10 2 5 6 0 10 9 9 10 2 
13 10 2 8 -7 5 12 12 12 6 -13 10 8 4 4 0 -8 4 -10 4 
11 7 10 1 13 2 10 6 2 4 5 2 0 2 11 -10 3 11 11 0 
1 3 -2 4 1 -5 6 2 2 -1 13 0 0 0 1 -6 5 5 0 -10 
10 -13 -8 7 4 12 11 1 1 0 11 12 8 3 4 3 8 12 12 5 
11 -10 0 12 11 1 5 6 3 11 0 6 0 0 -7 7 3 9 3 8 
13 4 0 -8 13 -7 -6 4 2 7 3 2 -9 7 -1 8 -5 5 -2 5 
9 12 10 1 4 9 13 6 5 13 5 -12 8 3 6 -1 -8 6 4 3 
12 11 1 2 3 13 7 6 8 9 0 -7 12 11 9 -9 4 7 7 -13 
-13 7 7 4 -9 9 11 12 -7 0 9 8 6 7 13 3 2 1 11 12 
3 4 6 -8 -1 6 3 8 -12 5 13 5 6 13 9 4 1 10 12 9 
5 -2 5 -5 8 -1 7 -9 2 3 7 2 4 -6 -7 13 -8 0 4 13 
8 3 9 3 7 -7 0 0 6 0 11 3 6 5 1 11 12 0 -10 11 
5 12 12 8 3 4 3 8 12 11 0 1 1 11 12 4 7 -8 -13 10 
-10 0 5 5 -6 1 0 0 0 13 -1 2 2 6 -5 1 4 -2 3 1 
0 11 11 3 -10 11 2 0 2 5 4 2 6 10 2 13 1 10 7 11 
4 -10 4 -8 0 4 4 8 10 -13 6 12 12 12 5 -7 8 2 10 13 
2 10 9 9 10 0 6 5 2 10 -5 -13 8 11 11 -4 -10 12 -8 -7 
-13 0 13 3 5 8 5 -10 13 5 -4 8 8 0 13 1 10 9 -2 3 
30
1
4 10
15 9
0
0
