20 20
-13 21 16 16 17 17 16 10 9 22 14 15 23 5 9 11 11 -20 23 20 
7 4 13 -24 -24 5 7 13 4 18 18 19 -9 -21 12 9 -4 -7 3 12 
-5 20 15 5 1 22 -3 12 13 6 8 -18 -13 20 11 2 15 -22 14 17 
-22 -23 17 3 22 14 22 12 3 -8 0 4 18 14 -9 15 12 22 9 -6 
6 6 -12 12 -2 13 13 5 3 12 -10 18 -12 11 -24 20 -11 -17 -6 3 
3 12 17 0 8 -5 16 3 -3 7 -19 -7 17 24 8 17 -9 18 -20 2 
12 2 -17 -8 20 20 -4 19 14 0 -4 10 -1 -4 -8 5 -2 11 18 16 
-4 9 10 -7 -10 12 6 13 11 -2 15 13 13 24 11 11 -24 -8 2 -18 
15 22 -8 9 -21 9 -23 -14 -22 5 23 23 22 3 1 15 -1 3 3 -21 
13 4 -7 20 20 -4 13 9 13 22 8 17 11 10 23 7 -8 5 18 19 
19 18 5 -8 7 23 10 11 17 8 22 13 9 13 -4 20 20 -7 4 13 
-21 3 3 -1 15 1 3 22 23 23 5 -22 -14 -23 9 -21 9 -8 22 15 
-18 2 -8 -24 11 11 24 13 13 15 -2 11 13 6 12 -10 -7 10 9 -4 
16 18 11 -2 5 -8 -4 -1 10 -4 0 14 19 -4 20 20 -8 -17 2 12 
2 -20 18 -9 17 8 24 17 -7 -19 7 -3 3 16 -5 8 0 17 12 3 
3 -6 -17 -11 20 -24 11 -12 18 -10 12 3 5 13 13 -2 12 -12 6 6 
-6 9 22 12 15 -9 14 18 4 0 -8 3 12 22 14 22 3 17 -23 -22 
17 14 -22 15 2 11 20 -13 -18 8 6 13 12 -3 22 1 5 15 20 -5 
12 3 -7 -4 9 12 -21 -9 19 18 18 4 13 7 5 -24 -24 13 4 7 
20 23 -20 11 11 9 5 23 15 14 22 9 10 16 17 17 16 16 21 -13 
30
1
8 4
11 15
0
0
