20 20
0 -14 16 5 11 8 16 13 6 -7 25 23 11 21 -11 -16 2 12 22 -19 
18 -8 26 -25 -3 7 14 -1 10 9 20 1 -11 -19 14 25 -5 0 -23 13 
17 12 14 -9 -2 7 22 1 3 16 11 10 12 14 16 1 17 20 -2 9 
21 7 17 21 8 12 17 -23 -7 7 24 -22 6 14 11 21 17 17 -19 19 
7 1 25 -19 20 23 4 0 10 11 23 17 14 8 14 17 -23 -23 18 6 
6 21 2 -21 25 20 14 13 -18 -7 -6 5 24 -4 10 9 24 21 -8 22 
26 -21 17 18 3 6 -25 11 10 4 2 -9 22 -16 11 -23 0 12 8 15 
1 18 -8 1 8 9 9 7 8 -4 8 23 -9 -10 11 1 21 13 15 12 
18 -15 -9 24 -22 19 19 2 3 -12 24 6 26 21 23 3 20 11 6 11 
0 6 2 15 15 21 1 -18 4 10 6 21 15 -25 15 19 -13 -19 3 5 
5 3 -19 -13 19 15 -25 15 21 6 10 4 -18 1 21 15 15 2 6 0 
11 6 11 20 3 23 21 26 6 24 -12 3 2 19 19 -22 24 -9 -15 18 
12 15 13 21 1 11 -10 -9 23 8 -4 8 7 9 9 8 1 -8 18 1 
15 8 12 0 -23 11 -16 22 -9 2 4 10 11 -25 6 3 18 17 -21 26 
22 -8 21 24 9 10 -4 24 5 -6 -7 -18 13 14 20 25 -21 2 21 6 
6 18 -23 -23 17 14 8 14 17 23 11 10 0 4 23 20 -19 25 1 7 
19 -19 17 17 21 11 14 6 -22 24 7 -7 -23 17 12 8 21 17 7 21 
9 -2 20 17 1 16 14 12 10 11 16 3 1 22 7 -2 -9 14 12 17 
13 -23 0 -5 25 14 -19 -11 1 20 9 10 -1 14 7 -3 -25 26 -8 18 
-19 22 12 2 -16 -11 21 11 23 25 -7 6 13 16 8 11 5 16 -14 0 
30
1
0 17
19 2
0
0
