20 20
5 26 11 2 12 -8 9 5 4 -19 30 27 21 23 29 22 24 3 3 2 
4 30 19 22 26 2 30 15 13 11 10 17 4 7 14 27 -6 26 23 4 
9 10 -11 4 1 -9 30 -22 -16 24 -3 28 22 -27 27 -20 13 3 10 20 
6 22 28 -13 -25 -25 -15 -3 3 12 26 26 10 17 -22 22 12 10 4 -18 
17 25 5 29 -2 0 2 2 10 24 -5 13 8 17 6 13 -26 11 9 13 
-14 25 15 15 -6 26 20 15 4 16 22 29 14 16 10 20 7 1 -4 16 
30 -7 4 18 1 5 -14 19 23 -9 27 -19 -2 3 13 -15 16 25 6 20 
-21 19 -10 15 1 16 14 9 12 22 11 2 14 17 4 19 11 8 -21 23 
11 12 -5 9 -10 3 6 -19 -30 13 -15 27 7 9 10 8 18 12 20 23 
14 28 21 -19 -21 6 6 28 19 7 22 15 7 21 23 17 26 -25 27 9 
9 27 -25 26 17 23 21 7 15 22 7 19 28 6 6 -21 -19 21 28 14 
23 20 12 18 8 10 9 7 27 -15 13 -30 -19 6 3 -10 9 -5 12 11 
23 -21 8 11 19 4 17 14 2 11 22 12 9 14 16 1 15 -10 19 -21 
20 6 25 16 -15 13 3 -2 -19 27 -9 23 19 -14 5 1 18 4 -7 30 
16 -4 1 7 20 10 16 14 29 22 16 4 15 20 26 -6 15 15 25 -14 
13 9 11 -26 13 6 17 8 13 -5 24 10 2 2 0 -2 29 5 25 17 
-18 4 10 12 22 -22 17 10 26 26 12 3 -3 -15 -25 -25 -13 28 22 6 
20 10 3 13 -20 27 -27 22 28 -3 24 -16 -22 30 -9 1 4 -11 10 9 
4 23 26 -6 27 14 7 4 17 10 11 13 15 30 2 26 22 19 30 4 
2 3 3 24 22 29 23 21 27 30 -19 4 5 9 -8 12 2 11 26 5 
30
1
16 0
3 19
0
0
