20 20
-16 22 1 -16 -10 -10 2 -14 6 7 27 12 -8 6 24 24 7 18 10 6 
15 6 11 -25 11 27 -1 19 10 -15 0 19 27 -16 13 14 11 -10 20 1 
-22 10 17 -10 11 26 7 19 -17 24 1 13 -26 24 21 10 -19 -16 10 5 
4 -6 -5 -26 21 8 20 21 -13 -15 16 5 22 25 3 20 13 -6 -27 7 
-20 23 -2 27 2 2 -21 26 -12 1 21 8 7 -7 -15 2 4 -6 -12 1 
-10 22 16 13 16 19 6 27 16 19 5 1 4 11 19 2 16 20 24 12 
26 10 24 24 -26 -18 20 1 16 27 -4 1 -25 21 25 18 20 -7 6 25 
-7 9 9 18 23 18 -9 5 22 0 4 23 1 8 27 -1 -19 10 1 -9 
12 23 26 15 22 7 21 1 -6 -22 21 26 12 24 23 22 23 15 24 11 
-5 5 4 14 4 -6 7 -27 3 0 4 -25 -10 1 26 -22 17 17 24 15 
15 24 17 17 -22 26 1 -10 -25 4 0 3 -27 7 -6 4 14 4 5 -5 
11 24 15 23 22 23 24 12 26 21 -22 -6 1 21 7 22 15 26 23 12 
-9 1 10 -19 -1 27 8 1 23 4 0 22 5 -9 18 23 18 9 9 -7 
25 6 -7 20 18 25 21 -25 1 -4 27 16 1 20 -18 -26 24 24 10 26 
12 24 20 16 2 19 11 4 1 5 19 16 27 6 19 16 13 16 22 -10 
1 -12 -6 4 2 -15 -7 7 8 21 1 -12 26 -21 2 2 27 -2 23 -20 
7 -27 -6 13 20 3 25 22 5 16 -15 -13 21 20 8 21 -26 -5 -6 4 
5 10 -16 -19 10 21 24 -26 13 1 24 -17 19 7 26 11 -10 17 10 -22 
1 20 -10 11 14 13 -16 27 19 0 -15 10 19 -1 27 11 -25 11 6 15 
6 10 18 7 24 24 6 -8 12 27 7 6 -14 2 -10 -10 -16 1 22 -16 
30
1
4 7
15 12
0
0
