20 20
19 20 24 16 21 21 14 -9 10 5 13 7 13 -23 18 -18 13 -15 -24 3 
23 9 17 18 -3 23 -24 24 0 -15 24 -16 9 9 20 -14 0 4 8 15 
-2 20 -6 24 8 11 1 10 6 5 -21 5 19 24 20 2 8 16 13 1 
-19 -20 11 13 19 -20 3 18 24 16 14 15 -13 17 -13 -13 17 -18 23 22 
25 19 19 12 10 -10 15 11 -16 3 9 -18 12 -5 2 9 11 0 21 10 
13 3 20 -20 -22 14 11 -10 8 19 2 23 22 18 -11 -21 16 7 -17 25 
17 -6 -23 14 20 25 6 8 15 21 22 15 -3 5 -19 -1 -8 7 9 -8 
-24 -5 15 15 24 2 25 24 10 11 23 18 0 9 6 -5 7 -14 -8 14 
17 11 8 25 17 -7 -11 17 21 8 15 4 14 -21 11 22 4 -21 -6 14 
-2 12 -24 -8 -2 19 2 22 18 15 21 8 4 19 21 25 -24 17 4 6 
6 4 17 -24 25 21 19 4 8 21 15 18 22 2 19 -2 -8 -24 12 -2 
14 -6 -21 4 22 11 -21 14 4 15 8 21 17 -11 -7 17 25 8 11 17 
14 -8 -14 7 -5 6 9 0 18 23 11 10 24 25 2 24 15 15 -5 -24 
-8 9 7 -8 -1 -19 5 -3 15 22 21 15 8 6 25 20 14 -23 -6 17 
25 -17 7 16 -21 -11 18 22 23 2 19 8 -10 11 14 -22 -20 20 3 13 
10 21 0 11 9 2 -5 12 -18 9 3 -16 11 15 -10 10 12 19 19 25 
22 23 -18 17 -13 -13 17 -13 15 14 16 24 18 3 -20 19 13 11 -20 -19 
1 13 16 8 2 20 24 19 5 -21 5 6 10 1 11 8 24 -6 20 -2 
15 8 4 0 -14 20 9 9 -16 24 -15 0 24 -24 23 -3 18 17 9 23 
3 -24 -15 13 -18 18 -23 13 7 13 5 10 -9 14 21 21 16 24 20 19 
30
1
4 3
15 16
0
0
