20 20
5 10 6 0 10 4 4 -2 2 0 -2 2 4 -8 6 -4 -2 6 6 -4 
9 -6 10 7 7 3 9 6 3 9 1 11 -3 0 7 0 -1 7 1 3 
3 4 11 8 -5 3 10 -4 5 5 -5 11 -4 3 5 -7 2 10 3 6 
5 1 0 4 -11 8 11 8 7 4 2 1 0 11 1 -9 9 10 -9 6 
6 -4 7 10 7 5 -6 3 1 -5 -1 -1 11 1 8 -6 10 2 0 6 
-3 6 3 7 8 0 6 -10 10 -9 -8 11 2 -2 6 -7 5 6 7 8 
8 6 11 3 6 0 -10 5 9 3 11 -5 -8 7 3 9 -6 8 9 9 
2 8 -2 10 10 5 10 8 3 8 3 -7 6 5 -2 3 9 1 11 9 
9 1 8 3 7 8 2 1 3 7 0 9 6 -11 -3 8 3 4 5 3 
0 7 8 1 0 7 8 8 7 0 7 11 -8 10 0 -2 2 1 11 0 
0 11 1 2 -2 0 10 -8 11 7 0 7 8 8 7 0 1 8 7 0 
3 5 4 3 8 -3 -11 6 9 0 7 3 1 2 8 7 3 8 1 9 
9 11 1 9 3 -2 5 6 -7 3 8 3 8 10 5 10 10 -2 8 2 
9 9 8 -6 9 3 7 -8 -5 11 3 9 5 -10 0 6 3 11 6 8 
8 7 6 5 -7 6 -2 2 11 -8 -9 10 -10 6 0 8 7 3 6 -3 
6 0 2 10 -6 8 1 11 -1 -1 -5 1 3 -6 5 7 10 7 -4 6 
6 -9 10 9 -9 1 11 0 1 2 4 7 8 11 8 -11 4 0 1 5 
6 3 10 2 -7 5 3 -4 11 -5 5 5 -4 10 3 -5 8 11 4 3 
3 1 7 -1 0 7 0 -3 11 1 9 3 6 9 3 7 7 10 -6 9 
-4 6 6 -2 -4 6 -8 4 2 -2 0 2 -2 4 4 10 0 6 10 5 
30
1
8 19
11 0
0
0
