20 20
4 0 -8 -14 14 14 5 6 -9 1 3 10 2 11 11 -15 12 8 9 1 
7 4 14 -14 13 -10 11 14 -7 3 13 15 -6 -12 7 2 9 13 2 8 
-11 -10 7 13 9 -10 5 10 5 5 5 10 2 -10 -14 15 12 -3 12 15 
12 -9 5 6 10 14 14 11 3 4 14 11 -15 14 -12 7 3 7 3 2 
14 9 8 2 2 9 1 6 -14 4 14 -11 8 5 -9 6 1 13 13 3 
15 9 14 13 3 15 1 15 15 12 11 -11 1 8 13 2 15 1 3 -9 
13 15 5 13 1 -11 4 -8 13 3 2 7 5 1 3 -11 -7 3 0 5 
12 10 -15 14 12 2 8 10 -14 11 13 5 -6 2 -2 13 13 -11 5 -2 
12 5 -13 4 3 2 -4 -14 -10 -15 7 -8 -15 9 2 7 1 0 -7 9 
2 0 -12 13 9 1 11 -14 -9 -11 1 0 15 10 4 14 0 -10 8 -3 
-3 8 -10 0 14 4 10 15 0 1 -11 -9 -14 11 1 9 13 -12 0 2 
9 -7 0 1 7 2 9 -15 -8 7 -15 -10 -14 -4 2 3 4 -13 5 12 
-2 5 -11 13 13 -2 2 -6 5 13 11 -14 10 8 2 12 14 -15 10 12 
5 0 3 -7 -11 3 1 5 7 2 3 13 -8 4 -11 1 13 5 15 13 
-9 3 1 15 2 13 8 1 -11 11 12 15 15 1 15 3 13 14 9 15 
3 13 13 1 6 -9 5 8 -11 14 4 -14 6 1 9 2 2 8 9 14 
2 3 7 3 7 -12 14 -15 11 14 4 3 11 14 14 10 6 5 -9 12 
15 12 -3 12 15 -14 -10 2 10 5 5 5 10 5 -10 9 13 7 -10 -11 
8 2 13 9 2 7 -12 -6 15 13 3 -7 14 11 -10 13 -14 14 4 7 
1 9 8 12 -15 11 11 2 10 3 1 -9 6 5 14 14 -14 -8 0 4 
30
1
6 12
13 7
0
0
