20 20
11 3 10 18 18 3 12 1 18 -3 2 16 11 18 -12 12 1 -4 -15 0 
-19 10 20 16 12 -13 -4 -3 -16 18 8 -11 -21 20 18 -18 9 8 2 10 
19 11 12 2 1 -3 -2 9 12 2 14 5 13 4 -3 13 7 21 18 11 
20 9 -3 2 -8 -11 6 0 -9 -13 0 19 7 14 13 5 18 0 20 -20 
-10 3 -13 -11 3 9 20 -15 -18 12 17 6 18 5 5 14 -14 16 -9 6 
15 10 15 -14 20 20 4 6 -17 13 20 -21 9 15 1 12 18 14 6 5 
7 6 11 9 -18 7 -16 13 -7 1 10 12 21 13 6 -15 6 -17 12 5 
10 -7 -8 11 -4 3 14 21 4 -20 18 10 3 -9 3 12 15 -8 14 21 
10 -18 21 10 10 12 -12 -15 10 3 8 6 11 -13 -18 -12 7 -19 -10 -8 
20 5 4 17 16 5 7 5 -20 -2 18 -14 15 -8 7 9 4 -8 -14 -11 
-11 -14 -8 4 9 7 -8 15 -14 18 -2 -20 5 7 5 16 17 4 5 20 
-8 -10 -19 7 -12 -18 -13 11 6 8 3 10 -15 -12 12 10 10 21 -18 10 
21 14 -8 15 12 3 -9 3 10 18 -20 4 21 14 3 -4 11 -8 -7 10 
5 12 -17 6 -15 6 13 21 12 10 1 -7 13 -16 7 -18 9 11 6 7 
5 6 14 18 12 1 15 9 -21 20 13 -17 6 4 20 20 -14 15 10 15 
6 -9 16 -14 14 5 5 18 6 17 12 -18 -15 20 9 3 -11 -13 3 -10 
-20 20 0 18 5 13 14 7 19 0 -13 -9 0 6 -11 -8 2 -3 9 20 
11 18 21 7 13 -3 4 13 5 14 2 12 9 -2 -3 1 2 12 11 19 
10 2 8 9 -18 18 20 -21 -11 8 18 -16 -3 -4 -13 12 16 20 10 -19 
0 -15 -4 1 12 -12 18 11 16 2 -3 18 1 12 3 18 18 10 3 11 
30
1
15 14
4 5
0
0
