20 20
-7 22 12 22 3 25 -19 18 17 -16 14 23 -19 14 23 4 24 1 -10 -6 
20 16 13 11 13 16 -22 7 15 6 24 1 5 -16 -1 -3 15 23 15 18 
26 2 8 14 16 -21 2 2 6 16 17 15 6 24 7 12 17 17 -8 3 
5 -21 11 26 19 -8 -17 5 22 4 23 -18 23 -21 -19 24 15 -2 12 26 
20 13 -8 22 -21 9 5 -1 -8 -23 16 21 -21 25 7 17 7 15 20 22 
23 22 17 20 9 24 17 -2 11 -14 16 20 -15 11 23 -10 19 9 4 16 
0 -20 21 15 25 25 22 25 -3 25 23 9 7 14 10 -15 10 4 -18 25 
4 3 20 21 1 23 -13 -4 10 15 14 10 9 -23 6 8 17 26 8 5 
23 -3 13 9 7 23 15 13 23 4 4 24 -13 -9 16 -7 22 11 24 19 
0 -16 3 20 -7 16 -4 19 17 25 -15 8 7 19 5 -12 3 25 23 14 
14 23 25 3 -12 5 19 7 8 -15 25 17 19 -4 16 -7 20 3 -16 0 
19 24 11 22 -7 16 -9 -13 24 4 4 23 13 15 23 7 9 13 -3 23 
5 8 26 17 8 6 -23 9 10 14 15 10 -4 -13 23 1 21 20 3 4 
25 -18 4 10 -15 10 14 7 9 23 25 -3 25 22 25 25 15 21 -20 0 
16 4 9 19 -10 23 11 -15 20 16 -14 11 -2 17 24 9 20 17 22 23 
22 20 15 7 17 7 25 -21 21 16 -23 -8 -1 5 9 -21 22 -8 13 20 
26 12 -2 15 24 -19 -21 23 -18 23 4 22 5 -17 -8 19 26 11 -21 5 
3 -8 17 17 12 7 24 6 15 17 16 6 2 2 -21 16 14 8 2 26 
18 15 23 15 -3 -1 -16 5 1 24 6 15 7 -22 16 13 11 13 16 20 
-6 -10 1 24 4 23 14 -19 23 14 -16 17 18 -19 25 3 22 12 22 -7 
30
1
12 10
7 9
0
0
