20 20
16 1 6 6 8 18 12 11 -14 17 12 3 19 6 20 14 2 -19 13 -7 
-17 -9 20 9 2 8 10 -9 4 11 6 20 16 16 -1 -14 -18 -15 12 16 
-7 17 -17 9 2 20 4 2 9 -18 4 14 -9 -18 11 1 19 1 1 -13 
13 8 4 14 6 2 9 15 -1 6 8 15 17 19 -16 4 16 5 -11 -4 
13 14 4 9 2 6 -4 15 11 13 17 19 14 17 11 7 -1 13 -9 15 
5 18 7 17 1 -16 18 9 20 -8 20 3 16 15 3 7 5 14 14 -4 
-16 5 14 1 16 20 -5 6 14 14 14 17 7 10 6 11 5 18 20 18 
7 -18 -13 6 7 15 6 18 1 10 20 -7 13 -14 11 14 18 19 15 8 
1 20 0 3 -6 15 17 16 14 11 13 9 19 15 12 5 -13 -12 19 11 
-13 7 20 16 -18 -6 9 -17 -14 -7 10 2 0 -18 13 -16 0 -16 -19 5 
5 -19 -16 0 -16 13 -18 0 2 10 -7 -14 -17 9 -6 -18 16 20 7 -13 
11 19 -12 -13 5 12 15 19 9 13 11 14 16 17 15 -6 3 0 20 1 
8 15 19 18 14 11 -14 13 -7 20 10 1 18 6 15 7 6 -13 -18 7 
18 20 18 5 11 6 10 7 17 14 14 14 6 -5 20 16 1 14 5 -16 
-4 14 14 5 7 3 15 16 3 20 -8 20 9 18 -16 1 17 7 18 5 
15 -9 13 -1 7 11 17 14 19 17 13 11 15 -4 6 2 9 4 14 13 
-4 -11 5 16 4 -16 19 17 15 8 6 -1 15 9 2 6 14 4 8 13 
-13 1 1 19 1 11 -18 -9 14 4 -18 9 2 4 20 2 9 -17 17 -7 
16 12 -15 -18 -14 -1 16 16 20 6 11 4 -9 10 8 2 9 20 -9 -17 
-7 13 -19 2 14 20 6 19 3 12 17 -14 11 12 18 8 6 6 1 16 
30
1
18 4
1 15
0
0
