20 20
6 -10 3 -15 13 15 -17 -13 -4 -16 2 14 1 6 -17 -8 -9 -17 15 3 
-12 7 11 18 15 11 12 2 9 -15 7 14 12 3 13 14 6 15 15 -2 
16 5 -13 8 0 12 9 -5 13 13 8 1 -6 -17 5 1 -7 1 -6 14 
-13 4 18 14 1 3 -15 12 14 -2 0 6 12 4 17 10 13 -17 7 -10 
7 2 7 0 0 11 17 5 -1 11 -4 7 17 14 3 17 13 3 -1 17 
9 9 3 8 2 2 8 9 5 -1 9 -14 10 -2 0 2 -9 16 12 -8 
4 3 7 -10 3 6 13 -11 -2 -5 12 -3 16 15 13 14 12 4 2 18 
12 6 -3 -10 15 5 11 5 4 7 -4 11 17 5 5 11 4 13 9 16 
8 13 14 8 9 2 8 1 3 7 -15 -3 16 -5 -2 17 18 10 14 17 
-17 6 -9 -10 11 18 -5 11 1 8 8 18 16 -4 14 -17 12 13 11 -17 
-17 11 13 12 -17 14 -4 16 18 8 8 1 11 -5 18 11 -10 -9 6 -17 
17 14 10 18 17 -2 -5 16 -3 -15 7 3 1 8 2 9 8 14 13 8 
16 9 13 4 11 5 5 17 11 -4 7 4 5 11 5 15 -10 -3 6 12 
18 2 4 12 14 13 15 16 -3 12 -5 -2 -11 13 6 3 -10 7 3 4 
-8 12 16 -9 2 0 -2 10 -14 9 -1 5 9 8 2 2 8 3 9 9 
17 -1 3 13 17 3 14 17 7 -4 11 -1 5 17 11 0 0 7 2 7 
-10 7 -17 13 10 17 4 12 6 0 -2 14 12 -15 3 1 14 18 4 -13 
14 -6 1 -7 1 5 -17 -6 1 8 13 13 -5 9 12 0 8 -13 5 16 
-2 15 15 6 14 13 3 12 14 7 -15 9 2 12 11 15 18 11 7 -12 
3 15 -17 -9 -8 -17 6 1 14 2 -16 -4 -13 -17 15 13 -15 3 -10 6 
30
1
0 7
19 12
0
0
