20 20
-16 0 12 7 -9 4 14 0 2 14 14 11 -12 -4 7 13 9 6 5 -8 
-9 3 13 3 5 0 9 0 -4 13 2 4 15 -2 1 14 -4 2 -16 11 
15 -9 -2 9 13 9 -7 12 16 11 15 9 -1 -10 -8 12 1 4 -7 -4 
12 3 -16 3 -8 3 -11 12 12 11 13 0 2 1 12 -12 14 14 -14 5 
3 -7 15 -15 -9 16 12 1 11 12 8 -14 10 12 14 1 16 -5 -14 14 
6 -5 7 1 7 8 12 4 1 15 11 2 -1 8 13 -11 -15 0 3 -15 
-5 4 8 -1 7 -15 2 11 -11 5 13 15 14 1 11 8 8 -12 -15 14 
-13 5 6 0 16 7 16 -12 11 5 13 -3 12 0 13 -13 7 7 2 5 
-13 -1 7 14 10 11 0 -9 12 -11 14 4 -10 -9 1 -15 13 3 10 1 
-3 6 -5 11 16 -7 1 3 11 10 10 1 4 14 5 9 4 -2 2 -3 
-3 2 -2 4 9 5 14 4 1 10 10 11 3 1 -7 16 11 -5 6 -3 
1 10 3 13 -15 1 -9 -10 4 14 -11 12 -9 0 11 10 14 7 -1 -13 
5 2 7 7 -13 13 0 12 -3 13 5 11 -12 16 7 16 0 6 5 -13 
14 -15 -12 8 8 11 1 14 15 13 5 -11 11 2 -15 7 -1 8 4 -5 
-15 3 0 -15 -11 13 8 -1 2 11 15 1 4 12 8 7 1 7 -5 6 
14 -14 -5 16 1 14 12 10 -14 8 12 11 1 12 16 -9 -15 15 -7 3 
5 -14 14 14 -12 12 1 2 0 13 11 12 12 -11 3 -8 3 -16 3 12 
-4 -7 4 1 12 -8 -10 -1 9 15 11 16 12 -7 9 13 9 -2 -9 15 
11 -16 2 -4 14 1 -2 15 4 2 13 -4 0 9 0 5 3 13 3 -9 
-8 5 6 9 13 7 -4 -12 11 14 14 2 0 14 4 -9 7 12 0 -16 
30
1
5 7
14 12
0
0
