20 20
-9 2 -6 12 1 -2 4 19 -1 -14 22 24 12 27 19 25 18 14 -10 18 
10 12 27 23 27 27 21 25 9 12 28 24 4 25 -2 23 -7 17 3 -15 
16 -15 0 16 6 -14 2 -24 15 17 7 9 7 8 27 -17 13 1 23 -5 
9 21 -11 25 11 25 26 -9 -12 18 10 9 28 -2 -11 -21 22 -8 15 14 
6 27 0 6 20 9 -8 14 26 -27 24 20 10 26 20 29 11 29 -28 14 
4 -7 14 23 14 5 17 21 11 24 29 11 8 -1 10 -21 15 -6 17 22 
-11 8 24 14 27 28 1 7 6 10 -21 12 3 28 1 25 13 20 13 18 
3 -4 13 21 12 -23 26 11 -5 26 14 6 -23 21 28 -4 17 -4 14 -1 
11 2 -24 8 -23 20 20 11 6 4 -26 0 23 23 3 3 23 -12 0 -9 
4 26 3 9 7 3 4 16 26 16 -3 13 10 22 -24 -17 27 2 26 5 
5 26 2 27 -17 -24 22 10 13 -3 16 26 16 4 3 7 9 3 26 4 
-9 0 -12 23 3 3 23 23 0 -26 4 6 11 20 20 -23 8 -24 2 11 
-1 14 -4 17 -4 28 21 -23 6 14 26 -5 11 26 -23 12 21 13 -4 3 
18 13 20 13 25 1 28 3 12 -21 10 6 7 1 28 27 14 24 8 -11 
22 17 -6 15 -21 10 -1 8 11 29 24 11 21 17 5 14 23 14 -7 4 
14 -28 29 11 29 20 26 10 20 24 -27 26 14 -8 9 20 6 0 27 6 
14 15 -8 22 -21 -11 -2 28 9 10 18 -12 -9 26 25 11 25 -11 21 9 
-5 23 1 13 -17 27 8 7 9 7 17 15 -24 2 -14 6 16 0 -15 16 
-15 3 17 -7 23 -2 25 4 24 28 12 9 25 21 27 27 23 27 12 10 
18 -10 14 18 25 19 27 12 24 22 -14 -1 19 4 -2 1 12 -6 2 -9 
30
1
12 15
7 4
0
0
