20 20
9 -7 9 22 21 -25 -17 20 28 -19 24 -1 3 25 -14 11 25 -16 18 20 
12 8 12 11 15 24 1 27 13 13 12 4 22 17 -12 -28 17 10 1 9 
21 16 -17 3 0 23 -12 20 9 15 -27 -24 16 14 -4 0 17 17 12 3 
17 7 -28 -21 17 25 21 4 24 9 11 -17 5 2 24 24 10 25 18 1 
0 27 26 20 11 28 21 19 12 2 28 9 28 -17 -19 5 13 2 26 -14 
2 21 -27 19 21 -5 -5 8 3 27 -7 7 27 -8 -7 26 8 13 -23 17 
3 20 -18 27 16 -17 16 5 5 4 24 -20 -23 11 10 13 24 5 4 9 
16 1 3 25 23 15 10 20 18 21 4 26 25 21 14 13 -24 16 22 18 
16 -20 24 14 8 6 5 24 28 4 22 14 -9 21 23 13 18 25 3 20 
21 20 16 -13 19 7 9 4 15 -9 15 0 17 11 13 14 -21 18 8 26 
26 8 18 -21 14 13 11 17 0 15 -9 15 4 9 7 19 -13 16 20 21 
20 3 25 18 13 23 21 -9 14 22 4 28 24 5 6 8 14 24 -20 16 
18 22 16 -24 13 14 21 25 26 4 21 18 20 10 15 23 25 3 1 16 
9 4 5 24 13 10 11 -23 -20 24 4 5 5 16 -17 16 27 -18 20 3 
17 -23 13 8 26 -7 -8 27 7 -7 27 3 8 -5 -5 21 19 -27 21 2 
-14 26 2 13 5 -19 -17 28 9 28 2 12 19 21 28 11 20 26 27 0 
1 18 25 10 24 24 2 5 -17 11 9 24 4 21 25 17 -21 -28 7 17 
3 12 17 17 0 -4 14 16 -24 -27 15 9 20 -12 23 0 3 -17 16 21 
9 1 10 17 -28 -12 17 22 4 12 13 13 27 1 24 15 11 12 8 12 
20 18 -16 25 11 -14 25 3 -1 24 -19 28 20 -17 -25 21 22 9 -7 9 
30
1
2 3
17 16
0
0
