20 20
3 10 3 10 5 9 9 -9 5 3 -6 9 3 1 1 -4 2 9 11 11 
10 11 11 -3 4 8 -9 4 -1 -3 3 6 1 2 -8 9 1 8 2 3 
7 -5 11 5 -1 2 11 6 10 8 10 -5 2 -6 6 1 7 3 2 2 
6 -11 2 1 -3 10 -2 11 -3 10 3 5 4 11 7 4 0 0 9 5 
2 11 4 -4 1 -5 -5 -10 9 -2 8 4 6 2 4 4 0 -7 11 9 
0 10 5 -8 11 8 8 3 1 1 11 10 2 7 5 5 5 2 -5 2 
-8 -2 -2 -8 1 11 2 10 10 11 9 -2 8 10 -8 5 11 -3 0 4 
1 -7 7 2 9 -9 10 2 11 10 -8 10 5 7 -9 -5 1 2 11 1 
3 -8 5 -4 3 11 -5 -5 3 0 7 4 6 -3 1 1 0 -7 -9 -2 
3 4 2 1 -5 7 9 1 -9 -3 -5 9 6 -9 4 -11 11 11 6 4 
4 6 11 11 -11 4 -9 6 9 -5 -3 -9 1 9 7 -5 1 2 4 3 
-2 -9 -7 0 1 1 -3 6 4 7 0 3 -5 -5 11 3 -4 5 -8 3 
1 11 2 1 -5 -9 7 5 10 -8 10 11 2 10 -9 9 2 7 -7 1 
4 0 -3 11 5 -8 10 8 -2 9 11 10 10 2 11 1 -8 -2 -2 -8 
2 -5 2 5 5 5 7 2 10 11 1 1 3 8 8 11 -8 5 10 0 
9 11 -7 0 4 4 2 6 4 8 -2 9 -10 -5 -5 1 -4 4 11 2 
5 9 0 0 4 7 11 4 5 3 10 -3 11 -2 10 -3 1 2 -11 6 
2 2 3 7 1 6 -6 2 -5 10 8 10 6 11 2 -1 5 11 -5 7 
3 2 8 1 9 -8 2 1 6 3 -3 -1 4 -9 8 4 -3 11 11 10 
11 11 9 2 -4 1 1 3 9 -6 3 5 -9 9 9 5 10 3 10 3 
30
1
1 8
18 11
0
0
