20 20
-10 25 24 16 4 -13 5 10 15 1 -22 -14 15 -19 23 20 7 -2 -11 -23 
-27 -2 7 -26 -13 0 9 20 21 7 -29 13 1 13 27 22 18 -26 3 13 
3 29 10 28 11 29 26 19 8 -26 20 22 10 3 8 -8 9 25 6 7 
4 7 17 -15 0 -8 22 11 1 10 6 -25 4 28 13 12 -6 -14 7 -4 
29 9 -12 -19 -3 -20 -20 2 3 19 20 29 14 2 1 29 9 13 2 13 
29 25 22 -11 7 11 29 -25 14 12 13 -28 1 23 -22 25 -4 7 22 14 
24 21 17 19 1 16 -2 -28 10 7 1 -18 28 -8 -10 9 7 21 5 18 
10 23 -6 19 6 22 21 19 22 15 15 0 19 -10 20 -13 5 -14 13 11 
12 18 -12 14 29 19 -12 25 4 21 29 -28 4 22 27 16 20 -23 16 26 
-12 5 16 3 12 6 11 22 28 15 24 -28 18 29 7 -17 10 12 -29 19 
19 -29 12 10 -17 7 29 18 -28 24 15 28 22 11 6 12 3 16 5 -12 
26 16 -23 20 16 27 22 4 -28 29 21 4 25 -12 19 29 14 -12 18 12 
11 13 -14 5 -13 20 -10 19 0 15 15 22 19 21 22 6 19 -6 23 10 
18 5 21 7 9 -10 -8 28 -18 1 7 10 -28 -2 16 1 19 17 21 24 
14 22 7 -4 25 -22 23 1 -28 13 12 14 -25 29 11 7 -11 22 25 29 
13 2 13 9 29 1 2 14 29 20 19 3 2 -20 -20 -3 -19 -12 9 29 
-4 7 -14 -6 12 13 28 4 -25 6 10 1 11 22 -8 0 -15 17 7 4 
7 6 25 9 -8 8 3 10 22 20 -26 8 19 26 29 11 28 10 29 3 
13 3 -26 18 22 27 13 1 13 -29 7 21 20 9 0 -13 -26 7 -2 -27 
-23 -11 -2 7 20 23 -19 15 -14 -22 1 15 10 5 -13 4 16 24 25 -10 
30
1
18 4
1 15
0
0
