20 20
1 3 2 17 5 4 -1 16 15 18 9 15 20 14 23 14 1 13 -22 18 
21 -3 4 19 11 5 8 7 12 2 20 14 11 -16 -14 -1 23 -23 -6 17 
5 6 9 18 7 5 10 -2 7 22 16 11 5 6 -20 12 22 13 -12 0 
19 3 9 21 18 8 13 -16 -20 -2 12 9 4 -23 2 7 1 -5 11 9 
18 -5 8 19 -17 2 -16 -10 8 16 -17 21 17 -10 15 2 20 -10 -18 6 
-22 -9 1 4 23 9 6 -22 16 22 -11 20 16 12 3 2 5 13 8 6 
5 5 8 -16 21 -8 -5 -20 -17 0 14 9 0 14 10 22 0 19 -12 -18 
17 1 17 13 11 10 -20 0 22 18 17 11 4 14 18 -2 -12 14 10 20 
10 5 19 -17 5 -20 2 23 18 -20 19 -23 -20 18 18 -2 14 8 21 1 
0 23 0 0 18 22 16 13 17 11 19 23 9 13 5 -20 13 18 -14 7 
7 -14 18 13 -20 5 13 9 23 19 11 17 13 16 22 18 0 0 23 0 
1 21 8 14 -2 18 18 -20 -23 19 -20 18 23 2 -20 5 -17 19 5 10 
20 10 14 -12 -2 18 14 4 11 17 18 22 0 -20 10 11 13 17 1 17 
-18 -12 19 0 22 10 14 0 9 14 0 -17 -20 -5 -8 21 -16 8 5 5 
6 8 13 5 2 3 12 16 20 -11 22 16 -22 6 9 23 4 1 -9 -22 
6 -18 -10 20 2 15 -10 17 21 -17 16 8 -10 -16 2 -17 19 8 -5 18 
9 11 -5 1 7 2 -23 4 9 12 -2 -20 -16 13 8 18 21 9 3 19 
0 -12 13 22 12 -20 6 5 11 16 22 7 -2 10 5 7 18 9 6 5 
17 -6 -23 23 -1 -14 -16 11 14 20 2 12 7 8 5 11 19 4 -3 21 
18 -22 13 1 14 23 14 20 15 9 18 15 16 -1 4 5 17 2 3 1 
30
1
15 17
4 2
0
0
