20 20
10 22 11 5 4 7 5 -12 18 -15 10 8 -20 9 10 -9 -8 -10 12 15 
13 0 8 11 4 6 -15 15 5 15 13 2 -11 -3 14 15 -8 2 7 19 
12 4 -14 10 -2 -17 2 5 -20 -17 22 4 21 -6 -11 2 1 17 13 21 
20 15 18 -14 6 16 6 -11 2 19 5 13 22 4 9 -2 13 16 -13 6 
21 6 20 15 5 21 19 15 -18 13 -8 19 -13 12 22 -6 2 10 18 1 
-3 17 20 9 19 19 17 7 19 -21 -22 13 0 4 -10 -8 20 8 6 7 
-4 -9 3 7 6 21 14 -8 21 16 1 5 7 6 21 0 5 -21 11 -14 
-7 17 14 -18 15 9 -4 17 -21 15 -19 19 12 17 1 10 1 8 3 -9 
17 14 20 14 -22 19 -10 18 -13 -16 -14 18 4 16 3 11 -7 -16 11 -7 
1 -15 -8 11 12 -20 19 9 22 18 4 -9 14 2 11 -5 4 5 7 17 
17 7 5 4 -5 11 2 14 -9 4 18 22 9 19 -20 12 11 -8 -15 1 
-7 11 -16 -7 11 3 16 4 18 -14 -16 -13 18 -10 19 -22 14 20 14 17 
-9 3 8 1 10 1 17 12 19 -19 15 -21 17 -4 9 15 -18 14 17 -7 
-14 11 -21 5 0 21 6 7 5 1 16 21 -8 14 21 6 7 3 -9 -4 
7 6 8 20 -8 -10 4 0 13 -22 -21 19 7 17 19 19 9 20 17 -3 
1 18 10 2 -6 22 12 -13 19 -8 13 -18 15 19 21 5 15 20 6 21 
6 -13 16 13 -2 9 4 22 13 5 19 2 -11 6 16 6 -14 18 15 20 
21 13 17 1 2 -11 -6 21 4 22 -17 -20 5 2 -17 -2 10 -14 4 12 
19 7 2 -8 15 14 -3 -11 2 13 15 5 15 -15 6 4 11 8 0 13 
15 12 -10 -8 -9 10 9 -20 8 10 -15 18 -12 5 7 4 5 11 22 10 
30
1
12 3
7 16
0
0
