20 20
23 12 -26 27 9 16 4 12 1 24 21 -8 13 -5 8 19 27 3 1 25 
1 -17 8 24 29 16 19 30 8 30 11 -1 -12 9 1 17 -6 14 2 19 
8 0 9 7 4 11 23 13 -22 7 -2 22 -12 2 15 13 2 27 1 16 
-16 30 26 -6 15 13 -21 29 -21 29 -20 30 8 -8 20 18 3 10 20 22 
25 9 -2 29 -15 -20 -23 24 -2 10 -1 -24 -18 -3 6 11 8 7 20 -30 
2 -18 17 -19 11 28 4 -19 9 10 28 9 23 7 -18 11 -1 -17 -29 21 
25 -26 -19 -22 -2 -21 18 16 27 22 16 -16 16 10 28 -2 18 29 11 7 
20 24 8 3 30 27 12 21 28 24 -7 2 -17 -23 26 5 -8 7 10 7 
23 8 -6 -6 0 -16 6 21 29 24 3 -11 -24 28 11 -14 23 15 27 4 
0 18 6 21 19 13 -8 14 24 16 6 -7 6 26 11 -28 3 14 11 2 
2 11 14 3 -28 11 26 6 -7 6 16 24 14 -8 13 19 21 6 18 0 
4 27 15 23 -14 11 28 -24 -11 3 24 29 21 6 -16 0 -6 -6 8 23 
7 10 7 -8 5 26 -23 -17 2 -7 24 28 21 12 27 30 3 8 24 20 
7 11 29 18 -2 28 10 16 -16 16 22 27 16 18 -21 -2 -22 -19 -26 25 
21 -29 -17 -1 11 -18 7 23 9 28 10 9 -19 4 28 11 -19 17 -18 2 
-30 20 7 8 11 6 -3 -18 -24 -1 10 -2 24 -23 -20 -15 29 -2 9 25 
22 20 10 3 18 20 -8 8 30 -20 29 -21 29 -21 13 15 -6 26 30 -16 
16 1 27 2 13 15 2 -12 22 -2 7 -22 13 23 11 4 7 9 0 8 
19 2 14 -6 17 1 9 -12 -1 11 30 8 30 19 16 29 24 8 -17 1 
25 1 3 27 19 8 -5 13 -8 21 24 1 12 4 16 9 27 -26 12 23 
30
1
4 13
15 6
0
0
