20 20
-6 16 18 13 24 -4 -6 21 13 9 9 -21 15 25 -4 19 19 9 21 -23 
3 26 -3 2 7 0 10 26 18 8 14 12 6 25 -9 11 2 13 4 -20 
8 -8 7 18 18 9 4 -8 15 26 -16 4 -9 15 -11 19 8 27 0 8 
27 12 24 10 22 23 16 8 27 7 16 -3 13 -16 13 -9 23 11 14 12 
8 12 7 -17 2 24 27 25 -16 -13 -8 5 2 -19 -4 21 0 6 7 -11 
-27 18 -14 0 -18 13 12 2 4 7 4 26 -26 14 -27 -5 26 12 8 -7 
5 4 24 -12 15 -12 27 13 20 4 5 1 18 -2 -13 11 -11 -2 -21 17 
-14 9 -25 15 6 0 21 8 -14 9 21 8 13 3 3 -3 8 14 -17 24 
-26 17 -5 21 1 -1 22 -17 -27 10 -11 23 11 -3 -25 -26 10 20 19 -19 
7 12 23 18 15 3 -5 -21 -15 15 2 -27 13 17 1 15 11 25 22 22 
22 22 25 11 15 1 17 13 -27 2 15 -15 -21 -5 3 15 18 23 12 7 
-19 19 20 10 -26 -25 -3 11 23 -11 10 -27 -17 22 -1 1 21 -5 17 -26 
24 -17 14 8 -3 3 3 13 8 21 9 -14 8 21 0 6 15 -25 9 -14 
17 -21 -2 -11 11 -13 -2 18 1 5 4 20 13 27 -12 15 -12 24 4 5 
-7 8 12 26 -5 -27 14 -26 26 4 7 4 2 12 13 -18 0 -14 18 -27 
-11 7 6 0 21 -4 -19 2 5 -8 -13 -16 25 27 24 2 -17 7 12 8 
12 14 11 23 -9 13 -16 13 -3 16 7 27 8 16 23 22 10 24 12 27 
8 0 27 8 19 -11 15 -9 4 -16 26 15 -8 4 9 18 18 7 -8 8 
-20 4 13 2 11 -9 25 6 12 14 8 18 26 10 0 7 2 -3 26 3 
-23 21 9 19 19 -4 25 15 -21 9 9 13 21 -6 -4 24 13 18 16 -6 
30
1
2 15
17 4
0
0
