20 20
3 15 5 0 16 8 17 28 6 3 26 9 2 -11 9 -24 3 9 23 16 
28 -15 20 -29 28 27 28 28 -21 14 1 16 23 1 14 1 2 11 20 26 
19 0 6 21 -7 -2 14 -30 -27 14 10 -15 -4 -29 12 26 19 25 17 -3 
30 10 25 10 1 2 14 0 13 13 21 23 9 16 30 7 13 5 12 -10 
3 -17 1 -19 12 13 9 10 14 11 -21 -11 20 -17 3 16 -30 0 30 26 
13 29 7 10 8 9 16 6 3 -24 14 10 29 27 17 12 9 26 -2 14 
9 15 23 7 -12 6 -11 5 27 0 25 25 14 23 -4 -20 -27 23 11 8 
27 11 22 -11 -12 3 -16 4 25 -10 2 28 -10 10 2 -17 15 14 11 -8 
2 1 8 10 -12 23 23 -10 14 5 -30 8 30 -26 0 -16 13 14 5 -20 
15 23 7 18 2 -22 0 -8 12 -4 12 2 23 17 13 30 1 18 28 -30 
-30 28 18 1 30 13 17 23 2 12 -4 12 -8 0 -22 2 18 7 23 15 
-20 5 14 13 -16 0 -26 30 8 -30 5 14 -10 23 23 -12 10 8 1 2 
-8 11 14 15 -17 2 10 -10 28 2 -10 25 4 -16 3 -12 -11 22 11 27 
8 11 23 -27 -20 -4 23 14 25 25 0 27 5 -11 6 -12 7 23 15 9 
14 -2 26 9 12 17 27 29 10 14 -24 3 6 16 9 8 10 7 29 13 
26 30 0 -30 16 3 -17 20 -11 -21 11 14 10 9 13 12 -19 1 -17 3 
-10 12 5 13 7 30 16 9 23 21 13 13 0 14 2 1 10 25 10 30 
-3 17 25 19 26 12 -29 -4 -15 10 14 -27 -30 14 -2 -7 21 6 0 19 
26 20 11 2 1 14 1 23 16 1 14 -21 28 28 27 28 -29 20 -15 28 
16 23 9 3 -24 9 -11 2 9 26 3 6 28 17 8 16 0 5 15 3 
30
1
19 10
0 9
0
0
