20 20
1 2 17 -14 10 -4 -11 14 4 13 18 4 14 9 -6 11 -18 0 14 19 
10 5 10 4 5 9 19 -12 12 -2 7 9 14 4 -7 10 1 9 0 8 
16 2 1 2 -8 13 13 9 13 0 -6 3 5 -7 -4 -16 -3 16 -9 10 
6 19 -3 -15 3 1 14 -19 14 18 -8 -14 18 14 -5 -19 10 12 14 -7 
7 6 18 -13 4 1 -7 9 19 5 12 19 -14 5 4 1 5 9 10 18 
-12 3 1 19 12 -15 12 17 14 6 14 8 12 19 13 2 -1 16 13 12 
6 16 10 -11 -18 19 14 12 4 9 16 18 4 9 16 -8 -3 2 15 1 
8 0 13 -5 13 -7 -17 16 19 14 11 3 -13 -6 16 6 0 6 3 0 
-14 1 4 17 9 16 9 5 12 11 16 2 -1 10 7 -4 2 -6 11 13 
1 19 17 -15 6 1 5 7 9 16 17 -11 4 -7 10 19 9 -7 1 14 
14 1 -7 9 19 10 -7 4 -11 17 16 9 7 5 1 6 -15 17 19 1 
13 11 -6 2 -4 7 10 -1 2 16 11 12 5 9 16 9 17 4 1 -14 
0 3 6 0 6 16 -6 -13 3 11 14 19 16 -17 -7 13 -5 13 0 8 
1 15 2 -3 -8 16 9 4 18 16 9 4 12 14 19 -18 -11 10 16 6 
12 13 16 -1 2 13 19 12 8 14 6 14 17 12 -15 12 19 1 3 -12 
18 10 9 5 1 4 5 -14 19 12 5 19 9 -7 1 4 -13 18 6 7 
-7 14 12 10 -19 -5 14 18 -14 -8 18 14 -19 14 1 3 -15 -3 19 6 
10 -9 16 -3 -16 -4 -7 5 3 -6 0 13 9 13 13 -8 2 1 2 16 
8 0 9 1 10 -7 4 14 9 7 -2 12 -12 19 9 5 4 10 5 10 
19 14 0 -18 11 -6 9 14 4 18 13 4 14 -11 -4 10 -14 17 2 1 
30
1
12 10
7 9
0
0
