20 20
26 18 6 2 12 10 9 12 15 -24 12 -12 10 23 6 21 5 1 27 9 
-7 23 23 -7 19 7 -6 -21 8 17 25 -25 21 17 7 18 26 5 27 16 
27 15 -26 13 7 -1 5 13 9 -23 2 -13 23 8 18 8 15 -25 14 10 
2 25 7 27 17 27 21 1 11 -2 18 -18 28 8 -8 24 27 17 24 1 
0 0 10 13 -28 -6 25 0 25 2 -4 2 -22 16 6 17 -19 -3 -16 28 
8 -24 23 3 10 20 2 25 -18 -26 27 27 11 26 -27 11 19 3 -21 -18 
7 -19 -22 -11 12 28 25 19 -14 3 23 -26 -11 3 -8 1 12 15 24 20 
6 16 16 -28 -8 18 22 -5 -12 11 6 27 2 4 10 24 25 15 13 25 
22 26 -27 25 22 -6 -22 15 26 24 8 -7 12 6 -26 2 14 -5 25 22 
7 9 11 18 5 -21 -27 2 6 18 -13 26 9 20 28 -20 5 -19 -27 5 
5 -27 -19 5 -20 28 20 9 26 -13 18 6 2 -27 -21 5 18 11 9 7 
22 25 -5 14 2 -26 6 12 -7 8 24 26 15 -22 -6 22 25 -27 26 22 
25 13 15 25 24 10 4 2 27 6 11 -12 -5 22 18 -8 -28 16 16 6 
20 24 15 12 1 -8 3 -11 -26 23 3 -14 19 25 28 12 -11 -22 -19 7 
-18 -21 3 19 11 -27 26 11 27 27 -26 -18 25 2 20 10 3 23 -24 8 
28 -16 -3 -19 17 6 16 -22 2 -4 2 25 0 25 -6 -28 13 10 0 0 
1 24 17 27 24 -8 8 28 -18 18 -2 11 1 21 27 17 27 7 25 2 
10 14 -25 15 8 18 8 23 -13 2 -23 9 13 5 -1 7 13 -26 15 27 
16 27 5 26 18 7 17 21 -25 25 17 8 -21 -6 7 19 -7 23 23 -7 
9 27 1 5 21 6 23 10 -12 12 -24 15 12 9 10 12 2 6 18 26 
30
1
1 5
18 14
0
0
