20 20
-6 18 2 15 15 17 9 -12 2 1 -20 -20 2 -1 5 11 4 -7 -18 -9 
1 19 19 -15 -5 10 7 9 9 0 20 12 8 18 -19 2 17 -13 14 6 
-5 -20 20 12 19 10 -10 8 -8 6 6 -8 14 -4 7 -19 -1 2 10 -1 
16 1 11 16 21 7 -12 5 16 -15 15 9 6 -10 0 -7 13 1 8 15 
19 -8 -11 2 -2 1 -20 20 0 21 13 15 0 20 -1 18 12 21 0 10 
-12 -1 19 2 19 18 9 5 20 21 5 21 5 -3 11 -4 -11 -8 15 19 
-12 1 -21 17 3 -14 4 -7 9 14 2 13 19 2 16 8 -18 8 14 12 
6 1 3 -2 9 -17 -15 -10 21 16 7 -14 5 7 5 18 5 -5 13 -10 
-5 9 9 -3 8 12 -14 7 6 -7 -20 12 -9 4 8 -9 -13 -5 21 -11 
5 3 16 5 19 7 17 -7 21 8 19 3 10 10 4 14 13 -18 10 7 
7 10 -18 13 14 4 10 10 3 19 8 21 -7 17 7 19 5 16 3 5 
-11 21 -5 -13 -9 8 4 -9 12 -20 -7 6 7 -14 12 8 -3 9 9 -5 
-10 13 -5 5 18 5 7 5 -14 7 16 21 -10 -15 -17 9 -2 3 1 6 
12 14 8 -18 8 16 2 19 13 2 14 9 -7 4 -14 3 17 -21 1 -12 
19 15 -8 -11 -4 11 -3 5 21 5 21 20 5 9 18 19 2 19 -1 -12 
10 0 21 12 18 -1 20 0 15 13 21 0 20 -20 1 -2 2 -11 -8 19 
15 8 1 13 -7 0 -10 6 9 15 -15 16 5 -12 7 21 16 11 1 16 
-1 10 2 -1 -19 7 -4 14 -8 6 6 -8 8 -10 10 19 12 20 -20 -5 
6 14 -13 17 2 -19 18 8 12 20 0 9 9 7 10 -5 -15 19 19 1 
-9 -18 -7 4 11 5 -1 2 -20 -20 1 2 -12 9 17 15 15 2 18 -6 
30
1
3 10
16 9
0
0
