20 20
-19 12 -17 1 9 18 6 5 -1 2 19 13 12 -13 14 -16 6 5 7 5 
15 1 20 5 14 1 13 8 15 16 11 -15 -2 19 4 15 18 -11 5 12 
16 -7 6 8 7 1 2 0 6 9 9 2 5 -19 8 9 10 17 -16 12 
4 -9 12 7 14 9 2 1 -17 8 -6 13 -13 18 17 6 14 5 -8 19 
12 -18 17 9 8 9 2 -9 17 17 0 19 -4 17 4 -13 8 19 14 16 
17 14 15 18 18 11 14 9 11 -1 20 16 5 2 0 6 17 11 0 11 
12 -1 7 18 2 9 -8 18 20 -6 12 11 1 7 1 1 -6 2 2 10 
16 12 6 -8 -2 3 16 14 5 -17 16 14 10 16 -6 7 -15 7 10 18 
-20 11 -17 -19 5 17 0 9 -11 8 12 12 -8 3 1 8 -11 14 -20 7 
17 -11 4 14 -12 11 10 0 0 4 16 -12 15 3 14 3 2 14 12 14 
14 12 14 2 3 14 3 15 -12 16 4 0 0 10 11 -12 14 4 -11 17 
7 -20 14 -11 8 1 3 -8 12 12 8 -11 9 0 17 5 -19 -17 11 -20 
18 10 7 -15 7 -6 16 10 14 16 -17 5 14 16 3 -2 -8 6 12 16 
10 2 2 -6 1 1 7 1 11 12 -6 20 18 -8 9 2 18 7 -1 12 
11 0 11 17 6 0 2 5 16 20 -1 11 9 14 11 18 18 15 14 17 
16 14 19 8 -13 4 17 -4 19 0 17 17 -9 2 9 8 9 17 -18 12 
19 -8 5 14 6 17 18 -13 13 -6 8 -17 1 2 9 14 7 12 -9 4 
12 -16 17 10 9 8 -19 5 2 9 9 6 0 2 1 7 8 6 -7 16 
12 5 -11 18 15 4 19 -2 -15 11 16 15 8 13 1 14 5 20 1 15 
5 7 5 6 -16 14 -13 12 13 19 2 -1 5 6 18 9 1 -17 12 -19 
30
1
4 2
15 17
0
0
