20 20
-12 29 -5 9 21 -18 7 -13 -12 -23 27 24 4 -5 -14 21 16 1 20 6 
15 -11 24 10 -23 8 20 15 15 3 25 1 -30 3 28 18 -6 -7 7 -20 
-4 -23 -29 5 0 23 -5 12 29 -26 -10 -9 6 27 24 5 -5 13 11 9 
24 7 10 -4 29 17 2 1 -23 -19 16 18 16 24 22 -10 13 24 -19 -1 
-3 14 12 4 -17 10 -22 27 -13 1 8 11 -22 -23 21 15 29 1 22 5 
24 10 15 1 -16 12 27 22 9 17 30 1 17 7 14 11 4 8 17 -21 
21 30 16 7 5 -6 -7 3 27 -6 17 12 15 15 21 19 18 25 15 16 
-14 20 16 7 19 10 -28 -26 16 4 11 14 16 -20 -16 -1 20 16 23 24 
11 13 -7 27 28 15 10 -11 9 28 16 18 4 26 12 5 5 17 0 8 
-10 -7 1 19 17 19 19 13 11 24 -30 24 9 24 2 13 21 13 19 15 
15 19 13 21 13 2 24 9 24 -30 24 11 13 19 19 17 19 1 -7 -10 
8 0 17 5 5 12 26 4 18 16 28 9 -11 10 15 28 27 -7 13 11 
24 23 16 20 -1 -16 -20 16 14 11 4 16 -26 -28 10 19 7 16 20 -14 
16 15 25 18 19 21 15 15 12 17 -6 27 3 -7 -6 5 7 16 30 21 
-21 17 8 4 11 14 7 17 1 30 17 9 22 27 12 -16 1 15 10 24 
5 22 1 29 15 21 -23 -22 11 8 1 -13 27 -22 10 -17 4 12 14 -3 
-1 -19 24 13 -10 22 24 16 18 16 -19 -23 1 2 17 29 -4 10 7 24 
9 11 13 -5 5 24 27 6 -9 -10 -26 29 12 -5 23 0 5 -29 -23 -4 
-20 7 -7 -6 18 28 3 -30 1 25 3 15 15 20 8 -23 10 24 -11 15 
6 20 1 16 21 -14 -5 4 24 27 -23 -12 -13 7 -18 21 9 -5 29 -12 
30
1
14 13
5 6
0
0
