20 20
7 11 0 9 4 5 11 9 8 3 -3 -11 -4 0 -4 -4 9 11 8 -1 
11 1 -10 2 1 -4 -3 11 2 8 -9 3 -4 -9 1 6 9 -6 2 0 
-2 1 11 -2 3 3 6 4 6 12 11 5 2 -4 9 -5 -1 9 11 0 
-9 11 7 10 7 8 10 3 3 4 0 4 -2 6 11 4 -3 7 -3 2 
11 11 8 2 4 11 7 2 7 5 5 8 0 8 -1 -10 -3 12 5 -1 
2 10 -8 3 12 4 7 6 12 4 11 -10 2 -4 -9 7 9 10 -2 11 
3 -10 8 4 12 10 5 9 1 8 9 2 -2 -1 5 3 1 8 4 1 
0 6 7 3 10 6 8 7 1 1 10 6 5 1 -6 -8 7 1 9 7 
12 4 7 11 12 10 5 -5 -6 5 10 5 12 6 8 -11 -11 6 12 12 
0 -7 0 -2 3 3 3 6 4 4 8 -5 1 1 1 6 4 2 -7 -1 
-1 -7 2 4 6 1 1 1 -5 8 4 4 6 3 3 3 -2 0 -7 0 
12 12 6 -11 -11 8 6 12 5 10 5 -6 -5 5 10 12 11 7 4 12 
7 9 1 7 -8 -6 1 5 6 10 1 1 7 8 6 10 3 7 6 0 
1 4 8 1 3 5 -1 -2 2 9 8 1 9 5 10 12 4 8 -10 3 
11 -2 10 9 7 -9 -4 2 -10 11 4 12 6 7 4 12 3 -8 10 2 
-1 5 12 -3 -10 -1 8 0 8 5 5 7 2 7 11 4 2 8 11 11 
2 -3 7 -3 4 11 6 -2 4 0 4 3 3 10 8 7 10 7 11 -9 
0 11 9 -1 -5 9 -4 2 5 11 12 6 4 6 3 3 -2 11 1 -2 
0 2 -6 9 6 1 -9 -4 3 -9 8 2 11 -3 -4 1 2 -10 1 11 
-1 8 11 9 -4 -4 0 -4 -11 -3 3 8 9 11 5 4 9 0 11 7 
30
1
17 10
2 9
0
0
