20 20
9 14 15 21 24 -23 20 18 12 5 -23 7 4 10 -2 7 3 23 0 -6 
7 18 13 3 21 23 1 17 -23 0 7 -21 15 19 23 5 23 -12 1 3 
-16 1 5 25 2 -15 9 3 -10 23 11 26 -3 11 24 -9 -16 21 24 -12 
19 1 18 5 14 1 24 18 21 -2 9 17 19 7 25 11 11 27 12 -1 
0 27 13 4 3 5 23 8 5 18 2 8 5 -9 -26 0 20 25 4 12 
5 25 7 10 3 -7 -17 0 7 23 9 -22 27 14 23 7 15 4 2 3 
25 24 14 20 13 27 20 16 9 1 5 -18 1 19 -19 27 11 15 -16 -25 
6 -10 19 -14 4 21 11 17 7 -19 -21 -22 3 26 3 5 16 0 4 -14 
0 12 24 -23 22 4 20 27 9 11 19 -2 16 -13 17 13 24 9 -26 13 
5 17 -11 13 -6 -25 -25 -22 26 -17 4 20 6 14 18 8 -16 21 -2 15 
15 -2 21 -16 8 18 14 6 20 4 -17 26 -22 -25 -25 -6 13 -11 17 5 
13 -26 9 24 13 17 -13 16 -2 19 11 9 27 20 4 22 -23 24 12 0 
-14 4 0 16 5 3 26 3 -22 -21 -19 7 17 11 21 4 -14 19 -10 6 
-25 -16 15 11 27 -19 19 1 -18 5 1 9 16 20 27 13 20 14 24 25 
3 2 4 15 7 23 14 27 -22 9 23 7 0 -17 -7 3 10 7 25 5 
12 4 25 20 0 -26 -9 5 8 2 18 5 8 23 5 3 4 13 27 0 
-1 12 27 11 11 25 7 19 17 9 -2 21 18 24 1 14 5 18 1 19 
-12 24 21 -16 -9 24 11 -3 26 11 23 -10 3 9 -15 2 25 5 1 -16 
3 1 -12 23 5 23 19 15 -21 7 0 -23 17 1 23 21 3 13 18 7 
-6 0 23 3 7 -2 10 4 7 -23 5 12 18 20 -23 24 21 15 14 9 
30
1
15 2
4 17
0
0
