20 20
5 4 13 13 -16 -14 15 11 13 13 16 1 10 1 13 -1 2 2 6 7 
-7 8 7 12 2 8 13 9 -15 4 13 -6 8 -6 2 -16 15 10 -1 6 
11 10 -4 16 4 11 -12 15 9 14 7 9 0 -6 6 16 10 7 1 5 
10 7 -15 15 -1 -4 2 9 14 16 9 -13 -13 11 3 7 2 -8 -8 7 
13 7 6 8 5 -5 -5 3 12 6 7 5 -7 7 16 10 12 3 13 13 
8 15 16 -4 13 9 14 1 11 3 16 6 -14 13 8 2 16 3 0 14 
1 10 -6 11 0 -12 5 6 13 13 10 7 15 13 8 -3 16 3 1 -2 
-1 -16 3 2 12 12 10 1 -9 13 4 4 5 -9 1 14 15 3 3 -9 
16 -14 -3 0 11 4 4 0 15 3 10 11 11 0 9 15 4 10 6 -5 
15 12 8 13 -3 13 9 -15 9 1 10 11 14 4 9 2 0 14 16 5 
5 16 14 0 2 9 4 14 11 10 1 9 -15 9 13 -3 13 8 12 15 
-5 6 10 4 15 9 0 11 11 10 3 15 0 4 4 11 0 -3 -14 16 
-9 3 3 15 14 1 -9 5 4 4 13 -9 1 10 12 12 2 3 -16 -1 
-2 1 3 16 -3 8 13 15 7 10 13 13 6 5 -12 0 11 -6 10 1 
14 0 3 16 2 8 13 -14 6 16 3 11 1 14 9 13 -4 16 15 8 
13 13 3 12 10 16 7 -7 5 7 6 12 3 -5 -5 5 8 6 7 13 
7 -8 -8 2 7 3 11 -13 -13 9 16 14 9 2 -4 -1 15 -15 7 10 
5 1 7 10 16 6 -6 0 9 7 14 9 15 -12 11 4 16 -4 10 11 
6 -1 10 15 -16 2 -6 8 -6 13 4 -15 9 13 8 2 12 7 8 -7 
7 6 2 2 -1 13 1 10 1 16 13 13 11 15 -14 -16 13 13 4 5 
30
1
12 19
7 0
0
0
