20 20
0 20 10 -18 10 14 -2 3 20 21 -10 0 4 8 -12 3 2 13 19 -2 
-7 6 6 2 -2 3 -13 -1 22 17 15 13 -6 12 16 17 13 14 20 0 
16 18 -11 16 12 16 6 18 5 12 10 -3 -16 -5 14 20 4 12 7 22 
15 21 -8 -3 6 -18 3 10 5 -22 15 -9 0 14 22 -4 2 16 17 -16 
-14 18 22 4 6 6 6 10 15 19 10 2 14 17 22 16 17 3 5 -9 
-20 6 5 22 6 8 5 3 8 16 9 -12 7 -6 1 6 -9 22 4 -10 
-7 -9 -21 6 15 -5 2 21 0 18 15 21 -8 6 -5 -22 16 19 0 17 
1 14 22 11 5 1 4 21 2 20 3 -4 8 -18 14 2 3 9 -19 1 
6 19 -1 14 6 -9 5 -17 21 -13 -1 3 9 -6 0 5 4 16 -4 -8 
18 -15 14 5 14 9 20 21 -11 1 3 9 11 15 -1 5 15 20 -22 -1 
-1 -22 20 15 5 -1 15 11 9 3 1 -11 21 20 9 14 5 14 -15 18 
-8 -4 16 4 5 0 -6 9 3 -1 -13 21 -17 5 -9 6 14 -1 19 6 
1 -19 9 3 2 14 -18 8 -4 3 20 2 21 4 1 5 11 22 14 1 
17 0 19 16 -22 -5 6 -8 21 15 18 0 21 2 -5 15 6 -21 -9 -7 
-10 4 22 -9 6 1 -6 7 -12 9 16 8 3 5 8 6 22 5 6 -20 
-9 5 3 17 16 22 17 14 2 10 19 15 10 6 6 6 4 22 18 -14 
-16 17 16 2 -4 22 14 0 -9 15 -22 5 10 3 -18 6 -3 -8 21 15 
22 7 12 4 20 14 -5 -16 -3 10 12 5 18 6 16 12 16 -11 18 16 
0 20 14 13 17 16 12 -6 13 15 17 22 -1 -13 3 -2 2 6 6 -7 
-2 19 13 2 3 -12 8 4 0 -10 21 20 3 -2 14 10 -18 10 20 0 
30
1
14 13
5 6
0
0
