20 20
-18 21 -14 8 -7 2 27 16 23 27 2 -8 27 -18 1 10 17 27 1 -23 
18 -23 2 -11 1 8 -1 -11 6 6 13 5 9 17 18 -2 -12 10 2 24 
6 15 27 6 12 26 23 2 -15 3 26 -11 2 10 21 13 13 -8 -1 1 
10 25 24 9 -27 11 -8 17 -7 6 24 5 4 1 25 26 -6 -24 14 1 
24 10 21 21 9 22 -7 12 -7 2 -3 -11 16 1 13 24 4 -21 12 8 
0 24 20 18 25 25 10 17 13 20 -3 -10 9 7 15 13 3 26 -9 2 
-14 15 3 21 -18 7 10 -27 -8 17 25 21 -11 22 26 -15 23 7 25 6 
26 9 9 27 13 11 24 10 27 12 27 2 -1 18 0 -2 4 25 -1 -16 
10 -8 16 8 3 20 -26 23 -2 6 1 27 11 24 -26 18 23 -27 -26 26 
24 -25 5 -21 26 16 -9 -25 15 -5 26 -10 -26 27 14 -21 21 -17 5 7 
7 5 -17 21 -21 14 27 -26 -10 26 -5 15 -25 -9 16 26 -21 5 -25 24 
26 -26 -27 23 18 -26 24 11 27 1 6 -2 23 -26 20 3 8 16 -8 10 
-16 -1 25 4 -2 0 18 -1 2 27 12 27 10 24 11 13 27 9 9 26 
6 25 7 23 -15 26 22 -11 21 25 17 -8 -27 10 7 -18 21 3 15 -14 
2 -9 26 3 13 15 7 9 -10 -3 20 13 17 10 25 25 18 20 24 0 
8 12 -21 4 24 13 1 16 -11 -3 2 -7 12 -7 22 9 21 21 10 24 
1 14 -24 -6 26 25 1 4 5 24 6 -7 17 -8 11 -27 9 24 25 10 
1 -1 -8 13 13 21 10 2 -11 26 3 -15 2 23 26 12 6 27 15 6 
24 2 10 -12 -2 18 17 9 5 13 6 6 -11 -1 8 1 -11 2 -23 18 
-23 1 27 17 10 1 -18 27 -8 2 27 23 16 27 2 -7 8 -14 21 -18 
30
1
6 13
13 6
0
0
