20 20
11 9 12 -7 -6 5 7 12 2 8 11 7 2 5 8 4 4 -13 1 13 
10 6 7 5 14 -13 1 7 12 9 -7 -15 -8 1 -6 -4 0 8 8 14 
2 -10 2 12 8 4 -6 12 7 15 3 1 0 8 13 3 5 10 12 -7 
-7 3 8 4 3 4 7 15 0 2 5 11 14 5 13 4 1 14 3 -8 
15 4 2 4 5 15 3 -13 14 14 1 10 13 -11 -13 10 1 10 5 10 
-6 8 12 3 -8 10 15 13 12 5 15 12 2 3 3 11 3 4 -4 10 
9 9 3 11 7 11 4 9 -9 6 -13 8 10 4 15 7 -14 -3 14 5 
-10 12 -10 6 -10 1 12 -10 13 -12 -11 14 13 14 9 -10 8 -6 9 15 
7 14 8 12 15 3 6 6 9 11 -5 8 12 12 1 9 6 6 13 2 
11 13 -6 -15 3 12 9 3 10 -8 3 10 -3 9 1 11 -1 3 15 11 
11 15 3 -1 11 1 9 -3 10 3 -8 10 3 9 12 3 -15 -6 13 11 
2 13 6 6 9 1 12 12 8 -5 11 9 6 6 3 15 12 8 14 7 
15 9 -6 8 -10 9 14 13 14 -11 -12 13 -10 12 1 -10 6 -10 12 -10 
5 14 -3 -14 7 15 4 10 8 -13 6 -9 9 4 11 7 11 3 9 9 
10 -4 4 3 11 3 3 2 12 15 5 12 13 15 10 -8 3 12 8 -6 
10 5 10 1 10 -13 -11 13 10 1 14 14 -13 3 15 5 4 2 4 15 
-8 3 14 1 4 13 5 14 11 5 2 0 15 7 4 3 4 8 3 -7 
-7 12 10 5 3 13 8 0 1 3 15 7 12 -6 4 8 12 2 -10 2 
14 8 8 0 -4 -6 1 -8 -15 -7 9 12 7 1 -13 14 5 7 6 10 
13 1 -13 4 4 8 5 2 7 11 8 2 12 7 5 -6 -7 12 9 11 
30
1
13 4
6 15
0
0
