20 20
5 -3 3 5 6 11 -1 3 -3 5 4 9 10 10 10 7 6 11 6 1 
4 -2 -11 5 4 7 -8 4 7 2 7 5 2 9 5 -3 1 -6 -5 10 
10 4 6 5 -2 7 0 1 6 10 6 9 1 5 -5 9 -3 10 -8 6 
8 2 5 -2 10 -1 8 -6 4 7 1 11 7 5 10 11 -6 8 -6 7 
2 7 1 9 11 4 1 -3 8 -1 2 1 8 2 -10 3 -2 7 7 7 
6 -5 2 2 5 -2 3 5 -5 3 -6 -9 -3 1 4 -5 10 1 4 2 
8 10 10 -2 -6 10 10 -11 4 4 -3 -7 -9 2 -9 -4 4 10 0 7 
2 5 7 5 10 -9 4 -5 2 5 9 5 -9 9 0 10 -3 -4 -2 2 
1 7 7 4 -5 -8 3 1 11 2 5 9 3 3 9 4 1 11 -10 1 
5 6 3 11 5 -1 -3 -11 -7 7 7 1 6 8 -4 4 -8 11 7 7 
7 7 11 -8 4 -4 8 6 1 7 7 -7 -11 -3 -1 5 11 3 6 5 
1 -10 11 1 4 9 3 3 9 5 2 11 1 3 -8 -5 4 7 7 1 
2 -2 -4 -3 10 0 9 -9 5 9 5 2 -5 4 -9 10 5 7 5 2 
7 0 10 4 -4 -9 2 -9 -7 -3 4 4 -11 10 10 -6 -2 10 10 8 
2 4 1 10 -5 4 1 -3 -9 -6 3 -5 5 3 -2 5 2 2 -5 6 
7 7 7 -2 3 -10 2 8 1 2 -1 8 -3 1 4 11 9 1 7 2 
7 -6 8 -6 11 10 5 7 11 1 7 4 -6 8 -1 10 -2 5 2 8 
6 -8 10 -3 9 -5 5 1 9 6 10 6 1 0 7 -2 5 6 4 10 
10 -5 -6 1 -3 5 9 2 5 7 2 7 4 -8 7 4 5 -11 -2 4 
1 6 11 6 7 10 10 10 9 4 5 -3 3 -1 11 6 5 3 -3 5 
30
1
2 14
17 5
0
0
