20 20
10 -10 17 8 14 12 19 24 11 10 -16 1 4 1 24 6 17 5 6 17 
2 -28 7 16 7 -8 19 15 10 0 11 -23 17 22 6 28 26 1 21 3 
21 -21 29 28 8 28 4 10 8 13 5 1 16 24 18 1 -17 -25 6 12 
9 -21 8 9 24 3 8 4 6 1 24 26 5 12 17 26 7 23 -23 22 
24 -21 25 5 14 23 10 1 23 15 -24 19 23 -2 10 -24 3 11 23 21 
6 5 24 17 -29 26 6 5 20 1 3 14 -15 12 16 18 18 13 -14 5 
-4 10 11 13 28 27 29 3 17 27 0 6 24 16 -18 7 -1 -12 11 -6 
16 -20 -28 18 6 -29 -3 -12 7 19 12 -23 21 24 11 19 -22 1 20 8 
-21 17 -7 -11 21 -16 22 -14 21 15 -11 -2 27 10 -25 10 3 3 2 15 
10 7 16 25 -13 0 28 22 15 3 3 12 9 23 -3 -4 14 3 1 16 
16 1 3 14 -4 -3 23 9 12 3 3 15 22 28 0 -13 25 16 7 10 
15 2 3 3 10 -25 10 27 -2 -11 15 21 -14 22 -16 21 -11 -7 17 -21 
8 20 1 -22 19 11 24 21 -23 12 19 7 -12 -3 -29 6 18 -28 -20 16 
-6 11 -12 -1 7 -18 16 24 6 0 27 17 3 29 27 28 13 11 10 -4 
5 -14 13 18 18 16 12 -15 14 3 1 20 5 6 26 -29 17 24 5 6 
21 23 11 3 -24 10 -2 23 19 -24 15 23 1 10 23 14 5 25 -21 24 
22 -23 23 7 26 17 12 5 26 24 1 6 4 8 3 24 9 8 -21 9 
12 6 -25 -17 1 18 24 16 1 5 13 8 10 4 28 8 28 29 -21 21 
3 21 1 26 28 6 22 17 -23 11 0 10 15 19 -8 7 16 7 -28 2 
17 6 5 17 6 24 1 4 1 -16 10 11 24 19 12 14 8 17 -10 10 
30
1
16 11
3 8
0
0
