20 20
6 1 2 -6 -12 10 14 12 6 7 13 -14 -4 7 12 3 11 -4 10 2 
4 9 14 -2 -13 -8 -13 -5 -5 11 2 2 -2 -1 1 9 -5 -7 4 3 
8 13 4 1 3 3 10 11 -13 -4 5 2 11 -2 12 12 12 11 11 8 
-7 5 9 1 3 7 13 14 0 6 -1 5 14 5 14 11 -13 -10 11 7 
14 6 1 5 -6 4 14 -7 -12 3 14 8 2 -12 -11 7 14 -6 -9 -14 
2 -11 4 9 13 5 1 8 6 8 4 8 1 9 -14 8 13 14 12 -10 
7 9 9 5 11 12 12 -5 0 5 -14 7 11 -13 1 -11 7 -12 6 9 
11 -5 6 -9 11 4 3 -4 -13 3 -14 -7 2 -4 -6 5 -5 13 11 11 
9 8 10 14 1 8 12 10 10 -4 7 6 2 -5 -4 -13 10 1 3 1 
11 4 6 6 7 -6 10 5 -13 3 10 1 -1 14 8 8 -3 6 -10 -8 
-8 -10 6 -3 8 8 14 -1 1 10 3 -13 5 10 -6 7 6 6 4 11 
1 3 1 10 -13 -4 -5 2 6 7 -4 10 10 12 8 1 14 10 8 9 
11 11 13 -5 5 -6 -4 2 -7 -14 3 -13 -4 3 4 11 -9 6 -5 11 
9 6 -12 7 -11 1 -13 11 7 -14 5 0 -5 12 12 11 5 9 9 7 
-10 12 14 13 8 -14 9 1 8 4 8 6 8 1 5 13 9 4 -11 2 
-14 -9 -6 14 7 -11 -12 2 8 14 3 -12 -7 14 4 -6 5 1 6 14 
7 11 -10 -13 11 14 5 14 5 -1 6 0 14 13 7 3 1 9 5 -7 
8 11 11 12 12 12 -2 11 2 5 -4 -13 11 10 3 3 1 4 13 8 
3 4 -7 -5 9 1 -1 -2 2 2 11 -5 -5 -13 -8 -13 -2 14 9 4 
2 10 -4 11 3 12 7 -4 -14 13 7 6 12 14 10 -12 -6 2 1 6 
30
1
3 15
16 4
0
0
