20 20
3 -2 3 -12 10 -12 12 11 2 11 6 7 8 1 -12 1 12 10 10 1 
7 11 3 3 4 -9 12 5 6 3 2 6 8 10 0 1 -11 4 7 -8 
-2 -4 6 9 -4 -7 -8 2 12 3 1 -10 -7 0 -9 -4 8 5 -5 6 
11 -5 5 -10 8 1 10 7 -3 -2 3 -9 10 6 7 3 10 10 2 12 
5 -11 11 -6 0 2 12 12 10 6 -9 2 7 10 9 -8 0 7 12 3 
6 -8 1 2 -11 7 -7 12 7 11 2 7 7 -6 -6 -5 7 -5 12 4 
4 5 1 6 8 8 6 -10 3 6 3 6 1 0 -4 8 8 -10 -10 -1 
1 12 5 -4 4 1 11 -10 1 10 1 3 11 7 8 3 10 11 5 1 
-6 -7 5 10 4 2 4 1 6 8 6 -4 -7 -10 11 -2 3 11 0 7 
10 -3 4 9 10 9 -4 2 -12 9 -4 10 6 6 9 3 5 8 0 6 
6 0 8 5 3 9 6 6 10 -4 9 -12 2 -4 9 10 9 4 -3 10 
7 0 11 3 -2 11 -10 -7 -4 6 8 6 1 4 2 4 10 5 -7 -6 
1 5 11 10 3 8 7 11 3 1 10 1 -10 11 1 4 -4 5 12 1 
-1 -10 -10 8 8 -4 0 1 6 3 6 3 -10 6 8 8 6 1 5 4 
4 12 -5 7 -5 -6 -6 7 7 2 11 7 12 -7 7 -11 2 1 -8 6 
3 12 7 0 -8 9 10 7 2 -9 6 10 12 12 2 0 -6 11 -11 5 
12 2 10 10 3 7 6 10 -9 3 -2 -3 7 10 1 8 -10 5 -5 11 
6 -5 5 8 -4 -9 0 -7 -10 1 3 12 2 -8 -7 -4 9 6 -4 -2 
-8 7 4 -11 1 0 10 8 6 2 3 6 5 12 -9 4 3 3 11 7 
1 10 10 12 1 -12 1 8 7 6 11 2 11 12 -12 10 -12 3 -2 3 
30
1
11 0
8 19
0
0
