20 20
6 -10 11 13 3 5 2 5 7 13 0 8 10 14 4 -5 13 12 0 9 
4 13 -7 -6 9 14 -9 4 3 12 11 8 13 8 13 -12 14 9 7 -11 
10 4 -5 9 6 14 8 10 14 -8 12 7 3 13 5 7 13 5 -4 6 
-13 8 2 10 6 14 11 4 10 -1 10 -7 9 -6 9 -4 10 13 14 9 
3 12 13 14 13 7 13 -9 3 -10 11 -1 14 4 13 7 7 5 10 -2 
3 -14 0 12 11 10 1 -9 3 -12 -2 11 -4 0 3 7 6 12 8 11 
12 7 12 3 4 8 1 11 -7 -1 4 9 -9 7 -6 12 10 -13 8 13 
-5 10 -6 14 5 3 -3 2 3 4 8 1 7 6 10 6 3 13 -13 -1 
10 3 13 -13 1 -3 5 10 3 10 10 5 2 10 2 11 5 5 0 13 
0 12 0 6 6 4 12 4 -6 10 12 4 8 11 9 9 11 11 -1 -9 
-9 -1 11 11 9 9 11 8 4 12 10 -6 4 12 4 6 6 0 12 0 
13 0 5 5 11 2 10 2 5 10 10 3 10 5 -3 1 -13 13 3 10 
-1 -13 13 3 6 10 6 7 1 8 4 3 2 -3 3 5 14 -6 10 -5 
13 8 -13 10 12 -6 7 -9 9 4 -1 -7 11 1 8 4 3 12 7 12 
11 8 12 6 7 3 0 -4 11 -2 -12 3 -9 1 10 11 12 0 -14 3 
-2 10 5 7 7 13 4 14 -1 11 -10 3 -9 13 7 13 14 13 12 3 
9 14 13 10 -4 9 -6 9 -7 10 -1 10 4 11 14 6 10 2 8 -13 
6 -4 5 13 7 5 13 3 7 12 -8 14 10 8 14 6 9 -5 4 10 
-11 7 9 14 -12 13 8 13 8 11 12 3 4 -9 14 9 -6 -7 13 4 
9 0 12 13 -5 4 14 10 8 0 13 7 5 2 5 3 13 11 -10 6 
30
1
10 0
9 19
0
0
