20 20
-9 12 6 -3 3 14 -10 -6 6 4 -9 7 6 11 -8 11 7 -7 12 0 
-5 14 14 -14 14 2 7 6 -1 12 4 8 8 7 14 9 14 2 -4 3 
11 9 1 9 3 11 8 6 0 3 -12 -6 -7 1 14 -9 1 -3 10 3 
0 -14 8 -2 -12 -4 11 -6 6 9 5 8 -9 13 3 10 11 11 10 9 
12 13 -4 5 -5 9 8 0 8 3 2 1 5 13 14 -5 12 1 2 -4 
5 12 -8 0 9 8 8 14 8 13 -10 12 10 -2 5 2 13 2 7 -1 
6 -7 7 -2 6 12 14 9 -4 2 -6 14 2 1 4 4 14 11 3 11 
13 -9 8 3 4 -4 -7 10 9 12 13 8 6 0 8 2 10 10 3 5 
5 9 1 -12 5 -12 5 14 8 5 9 1 -12 0 4 9 -2 13 13 6 
-14 8 5 13 5 7 1 -9 -14 5 9 0 11 3 12 2 -8 11 2 5 
5 2 11 -8 2 12 3 11 0 9 5 -14 -9 1 7 5 13 5 8 -14 
6 13 13 -2 9 4 0 -12 1 9 5 8 14 5 -12 5 -12 1 9 5 
5 3 10 10 2 8 0 6 8 13 12 9 10 -7 -4 4 3 8 -9 13 
11 3 11 14 4 4 1 2 14 -6 2 -4 9 14 12 6 -2 7 -7 6 
-1 7 2 13 2 5 -2 10 12 -10 13 8 14 8 8 9 0 -8 12 5 
-4 2 1 12 -5 14 13 5 1 2 3 8 0 8 9 -5 5 -4 13 12 
9 10 11 11 10 3 13 -9 8 5 9 6 -6 11 -4 -12 -2 8 -14 0 
3 10 -3 1 -9 14 1 -7 -6 -12 3 0 6 8 11 3 9 1 9 11 
3 -4 2 14 9 14 7 8 8 4 12 -1 6 7 2 14 -14 14 14 -5 
0 12 -7 7 11 -8 11 6 7 -9 4 6 -6 -10 14 3 -3 6 12 -9 
30
1
16 13
3 6
0
0
