20 20
-2 8 -18 25 1 0 23 3 4 19 0 20 1 2 21 18 28 18 24 -24 
11 1 13 -21 0 5 9 19 12 -13 6 -13 -18 -21 1 -12 14 6 5 7 
8 5 17 12 17 22 2 23 1 -8 28 27 8 24 -5 1 17 1 25 15 
2 5 2 -1 3 3 12 -6 13 17 7 16 20 28 -8 25 7 20 -4 26 
14 6 14 16 5 9 -1 -10 25 -6 16 15 22 14 8 -4 20 4 0 -24 
4 -18 7 27 28 22 -3 16 22 -17 13 25 2 25 20 13 -19 -2 0 14 
6 24 5 7 -6 20 4 -19 23 3 24 8 6 1 7 27 23 6 -14 26 
21 11 25 12 2 17 5 20 17 24 -23 26 -13 22 10 17 7 26 14 -11 
-4 -26 14 9 23 8 19 2 17 -14 16 -5 21 17 7 -18 -16 -19 1 1 
-8 2 -13 28 -3 -5 -27 -24 0 12 19 -12 -10 -20 2 -1 14 -10 25 26 
26 25 -10 14 -1 2 -20 -10 -12 19 12 0 -24 -27 -5 -3 28 -13 2 -8 
1 1 -19 -16 -18 7 17 21 -5 16 -14 17 2 19 8 23 9 14 -26 -4 
-11 14 26 7 17 10 22 -13 26 -23 24 17 20 5 17 2 12 25 11 21 
26 -14 6 23 27 7 1 6 8 24 3 23 -19 4 20 -6 7 5 24 6 
14 0 -2 -19 13 20 25 2 25 13 -17 22 16 -3 22 28 27 7 -18 4 
-24 0 4 20 -4 8 14 22 15 16 -6 25 -10 -1 9 5 16 14 6 14 
26 -4 20 7 25 -8 28 20 16 7 17 13 -6 12 3 3 -1 2 5 2 
15 25 1 17 1 -5 24 8 27 28 -8 1 23 2 22 17 12 17 5 8 
7 5 6 14 -12 1 -21 -18 -13 6 -13 12 19 9 5 0 -21 13 1 11 
-24 24 18 28 18 21 2 1 20 0 19 4 3 23 0 1 25 -18 8 -2 
30
1
8 13
11 6
0
0
