20 20
4 7 18 5 2 11 9 17 16 15 -5 10 -3 4 12 -4 12 3 11 12 
-10 18 7 17 -3 -13 -11 12 7 17 8 13 16 -19 6 -4 4 3 19 19 
11 3 11 4 -12 4 19 16 7 6 14 18 4 3 14 19 14 -2 0 10 
5 -16 0 6 8 8 -2 -9 -7 7 11 9 -3 1 13 17 9 8 8 8 
18 -4 12 10 2 10 -12 1 -4 19 11 -1 11 -18 18 -1 9 14 0 -12 
17 17 5 8 0 16 9 -16 0 6 6 2 7 10 2 18 15 -1 11 3 
15 2 4 3 9 -7 9 7 17 -9 8 18 -19 3 3 9 5 8 13 -16 
14 -13 6 9 7 5 2 19 18 -13 -10 19 17 -14 10 -2 7 -18 12 10 
-6 -1 7 11 5 19 6 4 3 -18 18 1 -9 13 12 2 19 12 8 10 
18 17 2 6 16 12 12 18 14 -8 -18 -13 -10 4 10 -16 6 13 5 11 
11 5 13 6 -16 10 4 -10 -13 -18 -8 14 18 12 12 16 6 2 17 18 
10 8 12 19 2 12 13 -9 1 18 -18 3 4 6 19 5 11 7 -1 -6 
10 12 -18 7 -2 10 -14 17 19 -10 -13 18 19 2 5 7 9 6 -13 14 
-16 13 8 5 9 3 3 -19 18 8 -9 17 7 9 -7 9 3 4 2 15 
3 11 -1 15 18 2 10 7 2 6 6 0 -16 9 16 0 8 5 17 17 
-12 0 14 9 -1 18 -18 11 -1 11 19 -4 1 -12 10 2 10 12 -4 18 
8 8 8 9 17 13 1 -3 9 11 7 -7 -9 -2 8 8 6 0 -16 5 
10 0 -2 14 19 14 3 4 18 14 6 7 16 19 4 -12 4 11 3 11 
19 19 3 4 -4 6 -19 16 13 8 17 7 12 -11 -13 -3 17 7 18 -10 
12 11 3 12 -4 12 4 -3 10 -5 15 16 17 9 11 2 5 18 7 4 
30
1
14 0
5 19
0
0
