20 20
20 15 4 25 11 12 -15 16 10 25 9 21 22 3 14 8 4 15 -25 14 
6 25 -5 13 20 16 24 12 12 17 23 1 10 7 -18 19 19 2 19 -5 
6 1 24 13 4 11 17 18 2 0 6 18 9 -9 18 1 -24 -16 4 -17 
19 18 -9 20 21 13 18 8 2 3 10 19 18 8 8 5 5 2 7 -8 
-11 -22 11 2 13 0 5 23 1 11 -9 4 -7 0 13 15 12 23 2 9 
-6 12 -12 4 -5 17 2 15 -19 -15 1 -8 -6 7 11 1 14 17 2 5 
4 24 -20 14 2 2 20 -23 17 -14 19 23 -4 5 20 21 -12 4 13 -11 
6 22 13 -12 0 21 -9 7 15 22 -18 2 9 -20 0 22 22 -8 2 21 
15 21 -12 11 -15 10 10 4 20 15 -17 19 -10 -4 15 -15 -6 18 24 9 
23 17 20 16 10 5 -19 17 24 18 25 -3 21 13 12 0 13 1 5 -23 
-23 5 1 13 0 12 13 21 -3 25 18 24 17 -19 5 10 16 20 17 23 
9 24 18 -6 -15 15 -4 -10 19 -17 15 20 4 10 10 -15 11 -12 21 15 
21 2 -8 22 22 0 -20 9 2 -18 22 15 7 -9 21 0 -12 13 22 6 
-11 13 4 -12 21 20 5 -4 23 19 -14 17 -23 20 2 2 14 -20 24 4 
5 2 17 14 1 11 7 -6 -8 1 -15 -19 15 2 17 -5 4 -12 12 -6 
9 2 23 12 15 13 0 -7 4 -9 11 1 23 5 0 13 2 11 -22 -11 
-8 7 2 5 5 8 8 18 19 10 3 2 8 18 13 21 20 -9 18 19 
-17 4 -16 -24 1 18 -9 9 18 6 0 2 18 17 11 4 13 24 1 6 
-5 19 2 19 19 -18 7 10 1 23 17 12 12 24 16 20 13 -5 25 6 
14 -25 15 4 8 14 3 22 21 9 25 10 16 -15 12 11 25 4 15 20 
30
1
9 0
10 19
0
0
