20 20
7 -19 10 2 14 14 -8 8 28 -3 4 5 3 -10 20 16 -26 6 13 9 
7 5 27 23 4 25 25 27 5 30 -11 30 14 10 -14 -21 11 20 4 -2 
24 -7 7 29 28 9 -28 1 -12 -12 5 -27 10 25 -7 18 -20 19 2 -28 
4 28 28 29 -5 26 24 5 15 20 16 20 -14 -24 13 18 -16 1 24 -4 
10 -14 15 -21 -13 10 29 14 -25 18 -30 -28 -22 14 23 -11 23 23 16 0 
22 9 3 -30 4 28 13 -13 -8 12 -14 17 17 18 17 15 2 9 6 27 
11 -7 20 -10 20 28 -27 25 11 17 21 -28 20 29 8 23 26 -7 13 -3 
27 2 2 29 4 17 25 9 26 30 16 25 18 -1 7 4 27 22 -9 17 
2 2 25 17 10 19 14 30 17 -8 16 26 20 29 0 -26 10 19 24 6 
17 6 30 -23 12 7 20 12 24 18 27 -20 1 -7 21 29 -12 6 13 -3 
-3 13 6 -12 29 21 -7 1 -20 27 18 24 12 20 7 12 -23 30 6 17 
6 24 19 10 -26 0 29 20 26 16 -8 17 30 14 19 10 17 25 2 2 
17 -9 22 27 4 7 -1 18 25 16 30 26 9 25 17 4 29 2 2 27 
-3 13 -7 26 23 8 29 20 -28 21 17 11 25 -27 28 20 -10 20 -7 11 
27 6 9 2 15 17 18 17 17 -14 12 -8 -13 13 28 4 -30 3 9 22 
0 16 23 23 -11 23 14 -22 -28 -30 18 -25 14 29 10 -13 -21 15 -14 10 
-4 24 1 -16 18 13 -24 -14 20 16 20 15 5 24 26 -5 29 28 28 4 
-28 2 19 -20 18 -7 25 10 -27 5 -12 -12 1 -28 9 28 29 7 -7 24 
-2 4 20 11 -21 -14 10 14 30 -11 30 5 27 25 25 4 23 27 5 7 
9 13 6 -26 16 20 -10 3 5 4 -3 28 8 -8 14 14 2 10 -19 7 
30
1
16 5
3 14
0
0
