20 20
15 20 19 10 -18 18 2 11 0 -7 16 -2 7 -4 -23 4 -1 3 21 16 
23 -5 15 1 8 4 -10 13 14 -2 -19 -18 9 4 13 22 0 18 17 8 
-3 7 -7 -4 8 19 6 19 -18 14 11 6 -4 12 16 10 13 -8 1 -4 
23 -14 8 8 10 1 23 15 4 5 -8 -9 9 -23 19 -6 -23 16 -16 17 
-17 5 8 12 14 5 -2 18 22 17 22 9 -6 -9 -3 -3 -10 13 7 19 
2 20 -22 15 16 5 5 -19 9 11 -12 13 7 17 22 0 20 -13 -23 -3 
18 18 11 10 2 13 0 12 16 2 14 6 -10 9 11 -16 -16 -11 13 9 
17 21 -23 -15 21 3 21 -23 12 5 -16 7 2 -5 4 8 16 19 13 10 
1 -4 13 14 7 13 -17 22 -14 -23 -7 14 -3 -10 -22 13 19 20 22 23 
8 6 -15 -1 6 -16 16 -5 9 -19 19 17 9 -2 1 3 9 4 17 5 
5 17 4 9 3 1 -2 9 17 19 -19 9 -5 16 -16 6 -1 -15 6 8 
23 22 20 19 13 -22 -10 -3 14 -7 -23 -14 22 -17 13 7 14 13 -4 1 
10 13 19 16 8 4 -5 2 7 -16 5 12 -23 21 3 21 -15 -23 21 17 
9 13 -11 -16 -16 11 9 -10 6 14 2 16 12 0 13 2 10 11 18 18 
-3 -23 -13 20 0 22 17 7 13 -12 11 9 -19 5 5 16 15 -22 20 2 
19 7 13 -10 -3 -3 -9 -6 9 22 17 22 18 -2 5 14 12 8 5 -17 
17 -16 16 -23 -6 19 -23 9 -9 -8 5 4 15 23 1 10 8 8 -14 23 
-4 1 -8 13 10 16 12 -4 6 11 14 -18 19 6 19 8 -4 -7 7 -3 
8 17 18 0 22 13 4 9 -18 -19 -2 14 13 -10 4 8 1 15 -5 23 
16 21 3 -1 4 -23 -4 7 -2 16 -7 0 11 2 18 -18 10 19 20 15 
30
1
8 2
11 17
0
0
