20 20
12 7 -14 11 4 -7 14 2 13 12 20 18 -18 6 16 22 13 22 0 7 
20 19 13 4 -18 5 -9 19 12 0 -18 2 -2 12 1 -17 0 13 -7 12 
12 -7 6 -19 -14 6 19 13 7 9 17 15 13 -1 11 2 22 16 11 19 
2 2 -11 2 -6 19 2 18 16 17 11 12 1 -10 9 8 -2 2 21 9 
12 16 6 6 -17 -13 10 21 9 17 6 2 13 13 21 5 15 -11 -6 -22 
9 10 -8 21 9 10 9 -22 17 -5 12 16 -17 -18 -4 9 19 16 13 8 
17 -18 -14 -10 -9 -5 0 11 4 11 -15 5 22 22 1 -20 15 -22 22 2 
20 -8 13 -9 14 10 0 -21 17 -18 0 15 13 -11 22 22 4 16 -7 -1 
8 1 19 21 16 10 6 18 9 -2 1 9 -10 -20 7 8 -4 2 20 5 
11 5 17 -1 16 16 19 14 15 18 -11 10 21 16 1 8 21 7 22 -8 
-8 22 7 21 8 1 16 21 10 -11 18 15 14 19 16 16 -1 17 5 11 
5 20 2 -4 8 7 -20 -10 9 1 -2 9 18 6 10 16 21 19 1 8 
-1 -7 16 4 22 22 -11 13 15 0 -18 17 -21 0 10 14 -9 13 -8 20 
2 22 -22 15 -20 1 22 22 5 -15 11 4 11 0 -5 -9 -10 -14 -18 17 
8 13 16 19 9 -4 -18 -17 16 12 -5 17 -22 9 10 9 21 -8 10 9 
-22 -6 -11 15 5 21 13 13 2 6 17 9 21 10 -13 -17 6 6 16 12 
9 21 2 -2 8 9 -10 1 12 11 17 16 18 2 19 -6 2 -11 2 2 
19 11 16 22 2 11 -1 13 15 17 9 7 13 19 6 -14 -19 6 -7 12 
12 -7 13 0 -17 1 12 -2 2 -18 0 12 19 -9 5 -18 4 13 19 20 
7 0 22 13 22 16 6 -18 18 20 12 13 2 14 -7 4 11 -14 7 12 
30
1
6 8
13 11
0
0
