20 20
9 -5 13 0 11 4 4 10 3 2 2 13 5 -2 -13 7 7 4 12 3 
-8 -3 13 11 9 -9 4 8 8 -4 9 -12 1 6 10 12 13 -5 1 6 
13 -10 2 -10 3 2 6 9 8 1 0 13 -13 13 2 -12 -11 3 5 10 
2 -13 11 8 11 0 13 6 7 1 -1 0 1 6 4 11 9 -3 10 2 
3 -1 -5 13 9 6 12 12 1 7 13 1 1 -12 10 -4 12 13 5 13 
4 6 13 9 10 9 9 -2 10 9 8 13 10 4 8 1 4 4 1 10 
-13 1 -5 5 11 11 -7 9 -4 9 8 1 7 -9 9 8 3 7 5 2 
3 13 8 7 8 -10 -9 -11 -7 6 2 6 0 1 -6 1 6 -9 2 9 
6 -5 -7 6 3 -1 -2 9 2 5 1 -10 9 4 8 13 9 0 -11 2 
-10 -2 -13 -8 -11 7 8 -4 -10 8 -11 6 0 7 -4 0 1 -7 -13 2 
2 -13 -7 1 0 -4 7 0 6 -11 8 -10 -4 8 7 -11 -8 -13 -2 -10 
2 -11 0 9 13 8 4 9 -10 1 5 2 9 -2 -1 3 6 -7 -5 6 
9 2 -9 6 1 -6 1 0 6 2 6 -7 -11 -9 -10 8 7 8 13 3 
2 5 7 3 8 9 -9 7 1 8 9 -4 9 -7 11 11 5 -5 1 -13 
10 1 4 4 1 8 4 10 13 8 9 10 -2 9 9 10 9 13 6 4 
13 5 13 12 -4 10 -12 1 1 13 7 1 12 12 6 9 13 -5 -1 3 
2 10 -3 9 11 4 6 1 0 -1 1 7 6 13 0 11 8 11 -13 2 
10 5 3 -11 -12 2 13 -13 13 0 1 8 9 6 2 3 -10 2 -10 13 
6 1 -5 13 12 10 6 1 -12 9 -4 8 8 4 -9 9 11 13 -3 -8 
3 12 4 7 7 -13 -2 5 13 2 2 3 10 4 4 11 0 13 -5 9 
30
1
15 5
4 14
0
0
