20 20
6 -21 12 -20 -14 4 -20 6 25 -21 7 12 -13 17 11 8 9 4 12 17 
-15 -25 5 21 1 1 19 9 23 10 20 -9 23 -10 -20 9 5 -22 2 18 
22 13 4 11 15 3 16 12 9 4 7 -22 13 -22 8 14 16 -20 6 11 
16 18 15 21 -23 15 -16 -1 12 12 -11 4 20 8 16 22 12 3 -19 8 
21 9 8 20 23 11 25 8 -19 -1 -20 19 4 19 8 5 9 23 -18 -25 
21 5 4 15 6 -18 -10 22 10 -19 22 1 -16 9 -20 13 -16 8 1 20 
13 18 13 13 12 15 14 14 18 -16 4 -5 -12 -12 17 6 1 6 19 10 
2 20 -14 0 -16 13 10 21 23 -15 22 25 10 -13 1 9 22 19 2 23 
13 8 19 -15 8 0 -21 -9 17 20 3 9 -21 4 12 24 8 7 19 5 
12 18 -11 -23 -19 16 10 6 -21 -15 7 6 -16 16 14 11 1 18 21 19 
19 21 18 1 11 14 16 -16 6 7 -15 -21 6 10 16 -19 -23 -11 18 12 
5 19 7 8 24 12 4 -21 9 3 20 17 -9 -21 0 8 -15 19 8 13 
23 2 19 22 9 1 -13 10 25 22 -15 23 21 10 13 -16 0 -14 20 2 
10 19 6 1 6 17 -12 -12 -5 4 -16 18 14 14 15 12 13 13 18 13 
20 1 8 -16 13 -20 9 -16 1 22 -19 10 22 -10 -18 6 15 4 5 21 
-25 -18 23 9 5 8 19 4 19 -20 -1 -19 8 25 11 23 20 8 9 21 
8 -19 3 12 22 16 8 20 4 -11 12 12 -1 -16 15 -23 21 15 18 16 
11 6 -20 16 14 8 -22 13 -22 7 4 9 12 16 3 15 11 4 13 22 
18 2 -22 5 9 -20 -10 23 -9 20 10 23 9 19 1 1 21 5 -25 -15 
17 12 4 9 8 11 17 -13 12 7 -21 25 6 -20 4 -14 -20 12 -21 6 
30
1
6 11
13 8
0
0
