20 20
5 11 -3 -1 3 4 6 4 -13 12 5 5 -11 1 15 9 12 -10 7 8 
-5 8 14 5 14 0 15 3 13 12 11 8 9 12 -12 13 2 2 1 14 
16 14 5 5 2 5 11 -10 5 9 15 2 3 6 10 5 16 -15 2 12 
1 -5 -9 -1 3 -3 -15 15 3 -10 1 -16 3 -2 5 9 8 12 -1 1 
-15 12 -4 11 1 7 15 -14 0 -5 -2 7 -1 0 -8 14 6 2 15 5 
11 0 10 7 1 4 13 13 -2 3 -9 3 -9 6 0 2 6 12 16 10 
2 8 13 2 0 3 -7 5 1 8 1 7 6 6 -12 -15 -2 13 4 9 
5 5 -15 13 8 8 1 4 7 11 6 -4 -3 14 2 -6 7 10 16 14 
10 14 15 1 4 9 -11 8 3 7 15 6 -15 2 1 -2 6 15 8 10 
-3 -8 10 6 4 -7 -10 -15 1 -2 5 -14 16 8 9 16 8 12 11 1 
1 11 12 8 16 9 8 16 -14 5 -2 1 -15 -10 -7 4 6 10 -8 -3 
10 8 15 6 -2 1 2 -15 6 15 7 3 8 -11 9 4 1 15 14 10 
14 16 10 7 -6 2 14 -3 -4 6 11 7 4 1 8 8 13 -15 5 5 
9 4 13 -2 -15 -12 6 6 7 1 8 1 5 -7 3 0 2 13 8 2 
10 16 12 6 2 0 6 -9 3 -9 3 -2 13 13 4 1 7 10 0 11 
5 15 2 6 14 -8 0 -1 7 -2 -5 0 -14 15 7 1 11 -4 12 -15 
1 -1 12 8 9 5 -2 3 -16 1 -10 3 15 -15 -3 3 -1 -9 -5 1 
12 2 -15 16 5 10 6 3 2 15 9 5 -10 11 5 2 5 5 14 16 
14 1 2 2 13 -12 12 9 8 11 12 13 3 15 0 14 5 14 8 -5 
8 7 -10 12 9 15 1 -11 5 5 12 -13 4 6 4 3 -1 -3 11 5 
30
1
11 17
8 2
0
0
