20 20
15 12 1 15 -6 15 5 13 0 10 -4 6 1 11 9 -16 16 9 3 -13 
16 7 -1 -6 16 15 11 -11 16 2 -2 13 -8 13 16 2 9 6 -9 6 
4 7 15 3 9 11 -16 9 -14 3 -7 9 13 4 -9 16 4 10 10 -1 
-14 3 9 -3 -11 -3 5 0 -5 -15 16 16 15 -15 -4 -5 12 -7 2 13 
0 -4 10 -9 9 3 0 -15 -9 -10 1 -5 -11 16 12 14 -5 3 10 13 
7 -11 4 16 -15 1 4 -4 8 11 0 7 10 11 5 12 8 5 3 -10 
-14 -1 12 8 14 14 10 -16 12 15 8 13 6 2 -16 15 4 4 13 7 
13 10 6 8 -10 4 0 -11 10 -5 3 4 -11 15 0 14 7 1 -3 13 
12 1 2 12 11 4 11 14 -11 -10 8 5 -16 -16 -4 -10 -1 6 -14 -5 
-6 16 8 11 10 1 8 3 11 -4 7 4 1 -13 0 -9 6 6 15 -4 
-4 15 6 6 -9 0 -13 1 4 7 -4 11 3 8 1 10 11 8 16 -6 
-5 -14 6 -1 -10 -4 -16 -16 5 8 -10 -11 14 11 4 11 12 2 1 12 
13 -3 1 7 14 0 15 -11 4 3 -5 10 -11 0 4 -10 8 6 10 13 
7 13 4 4 15 -16 2 6 13 8 15 12 -16 10 14 14 8 12 -1 -14 
-10 3 5 8 12 5 11 10 7 0 11 8 -4 4 1 -15 16 4 -11 7 
13 10 3 -5 14 12 16 -11 -5 1 -10 -9 -15 0 3 9 -9 10 -4 0 
13 2 -7 12 -5 -4 -15 15 16 16 -15 -5 0 5 -3 -11 -3 9 3 -14 
-1 10 10 4 16 -9 4 13 9 -7 3 -14 9 -16 11 9 3 15 7 4 
6 -9 6 9 2 16 13 -8 13 -2 2 16 -11 11 15 16 -6 -1 7 16 
-13 3 9 16 -16 9 11 1 6 -4 10 0 13 5 15 -6 15 1 12 15 
30
1
3 18
16 1
0
0
