20 20
11 9 -21 22 0 -11 11 -14 0 -8 25 23 19 1 21 -14 8 24 14 -8 
2 5 11 23 -18 -6 -11 8 9 9 10 15 -6 3 23 14 22 22 -11 8 
26 11 22 12 -23 25 -20 4 8 -7 14 13 -14 20 22 26 -6 15 7 0 
15 2 13 26 21 -3 22 6 13 4 19 -3 25 4 15 -19 19 25 8 -15 
26 4 -4 -26 12 10 18 11 10 4 -9 11 10 1 -13 20 17 1 15 2 
23 -4 24 8 18 7 3 22 -2 3 -19 9 19 13 25 12 -11 24 19 15 
5 24 -25 6 -19 20 10 2 0 25 -3 -4 -19 23 12 -17 3 24 25 15 
-2 -19 -7 17 -12 -8 16 21 6 5 -3 5 -20 9 14 5 2 3 4 17 
26 -12 10 -2 3 -6 7 15 -3 3 8 13 -14 4 -22 20 -25 5 -10 3 
-23 23 22 23 26 25 15 13 26 -23 19 10 19 24 15 -13 8 20 0 15 
15 0 20 8 -13 15 24 19 10 19 -23 26 13 15 25 26 23 22 23 -23 
3 -10 5 -25 20 -22 4 -14 13 8 3 -3 15 7 -6 3 -2 10 -12 26 
17 4 3 2 5 14 9 -20 5 -3 5 6 21 16 -8 -12 17 -7 -19 -2 
15 25 24 3 -17 12 23 -19 -4 -3 25 0 2 10 20 -19 6 -25 24 5 
15 19 24 -11 12 25 13 19 9 -19 3 -2 22 3 7 18 8 24 -4 23 
2 15 1 17 20 -13 1 10 11 -9 4 10 11 18 10 12 -26 -4 4 26 
-15 8 25 19 -19 15 4 25 -3 19 4 13 6 22 -3 21 26 13 2 15 
0 7 15 -6 26 22 20 -14 13 14 -7 8 4 -20 25 -23 12 22 11 26 
8 -11 22 22 14 23 3 -6 15 10 9 9 8 -11 -6 -18 23 11 5 2 
-8 14 24 8 -14 21 1 19 23 25 -8 0 -14 11 -11 0 22 -21 9 11 
30
1
10 16
9 3
0
0
