20 20
-1 9 5 19 15 26 16 2 8 9 18 26 2 17 24 27 13 -2 26 28 
-15 -12 7 10 -8 -4 6 6 7 -17 -20 -12 -22 2 -2 24 14 19 -26 2 
9 26 12 -13 8 -5 16 3 -23 23 -20 -19 4 17 -13 25 25 1 21 23 
7 -13 16 3 3 26 28 4 20 19 19 -26 12 -21 -9 19 24 7 12 -1 
0 5 16 8 13 5 5 26 10 27 7 11 1 18 12 26 6 6 26 16 
26 19 26 12 0 15 8 4 26 14 -5 14 1 -18 23 -5 21 -10 15 17 
28 26 24 15 19 23 23 18 6 5 0 7 2 23 22 17 28 -21 25 19 
6 20 19 28 -7 26 22 23 -2 15 9 25 7 15 25 -25 -18 4 13 6 
1 14 14 19 8 -11 9 8 -25 -6 6 11 8 5 27 -7 5 24 -26 18 
0 28 20 3 23 -14 12 27 27 -25 21 8 -1 -17 6 8 8 19 26 18 
18 26 19 8 8 6 -17 -1 8 21 -25 27 27 12 -14 23 3 20 28 0 
18 -26 24 5 -7 27 5 8 11 6 -6 -25 8 9 -11 8 19 14 14 1 
6 13 4 -18 -25 25 15 7 25 9 15 -2 23 22 26 -7 28 19 20 6 
19 25 -21 28 17 22 23 2 7 0 5 6 18 23 23 19 15 24 26 28 
17 15 -10 21 -5 23 -18 1 14 -5 14 26 4 8 15 0 12 26 19 26 
16 26 6 6 26 12 18 1 11 7 27 10 26 5 5 13 8 16 5 0 
-1 12 7 24 19 -9 -21 12 -26 19 19 20 4 28 26 3 3 16 -13 7 
23 21 1 25 25 -13 17 4 -19 -20 23 -23 3 16 -5 8 -13 12 26 9 
2 -26 19 14 24 -2 2 -22 -12 -20 -17 7 6 6 -4 -8 10 7 -12 -15 
28 26 -2 13 27 24 17 2 26 18 9 8 2 16 26 15 19 5 9 -1 
30
1
1 14
18 5
0
0
