20 20
12 12 2 17 -11 -13 7 13 -21 8 21 1 21 -17 7 4 17 20 9 5 
14 10 14 0 9 19 -15 17 10 20 14 11 -6 -18 -6 10 9 18 4 20 
12 10 9 -11 -4 -4 15 7 -8 -15 12 13 11 21 16 -12 -11 -2 17 -18 
12 18 10 6 -11 16 -8 14 5 17 6 1 -16 10 8 -20 -19 16 7 12 
3 1 14 11 5 9 20 18 -20 11 2 -6 10 7 1 -18 1 14 7 -5 
-6 13 9 -7 16 8 -12 9 6 7 4 -15 16 12 8 2 11 19 13 4 
-20 5 -12 -7 16 9 12 4 -5 19 -14 14 18 8 5 17 15 19 2 20 
13 2 5 17 5 18 5 15 2 11 13 13 13 14 3 19 -7 8 12 0 
9 -10 5 0 16 17 16 11 3 1 11 -17 15 3 20 17 2 5 5 12 
14 19 1 -12 11 -16 18 15 -5 16 12 -11 13 16 -6 13 -4 11 19 21 
21 19 11 -4 13 -6 16 13 -11 12 16 -5 15 18 -16 11 -12 1 19 14 
12 5 5 2 17 20 3 15 -17 11 1 3 11 16 17 16 0 5 -10 9 
0 12 8 -7 19 3 14 13 13 13 11 2 15 5 18 5 17 5 2 13 
20 2 19 15 17 5 8 18 14 -14 19 -5 4 12 9 16 -7 -12 5 -20 
4 13 19 11 2 8 12 16 -15 4 7 6 9 -12 8 16 -7 9 13 -6 
-5 7 14 1 -18 1 7 10 -6 2 11 -20 18 20 9 5 11 14 1 3 
12 7 16 -19 -20 8 10 -16 1 6 17 5 14 -8 16 -11 6 10 18 12 
-18 17 -2 -11 -12 16 21 11 13 12 -15 -8 7 15 -4 -4 -11 9 10 12 
20 4 18 9 10 -6 -18 -6 11 14 20 10 17 -15 19 9 0 14 10 14 
5 9 20 17 4 7 -17 21 1 21 8 -21 13 7 -13 -11 17 2 12 12 
30
1
19 17
0 2
0
0
