20 20
4 5 -5 0 11 14 12 -13 7 2 10 -7 12 13 8 8 -10 13 5 10 
10 -8 2 12 4 5 6 9 -11 4 6 5 -5 -2 -4 -11 -13 -14 6 -2 
3 14 11 14 5 9 7 7 -10 12 1 7 8 14 7 9 7 7 14 -2 
6 -9 3 10 13 10 -10 9 -6 -11 9 7 8 6 -13 -8 12 4 6 7 
10 3 11 12 6 12 12 -12 1 -13 7 9 6 11 9 -7 1 7 0 7 
13 -11 3 14 7 1 9 2 -1 13 3 -14 2 8 -4 4 11 -7 11 6 
-10 4 3 13 13 11 0 13 0 7 -14 12 10 4 3 12 -9 14 8 6 
11 11 12 4 3 -1 13 -2 9 1 7 4 -1 14 -9 3 6 2 4 1 
8 3 -13 -6 8 1 2 -5 -2 9 12 -10 0 9 11 6 -11 11 8 0 
-2 -2 -1 14 2 7 9 3 4 8 11 0 2 2 -14 10 -3 13 5 0 
0 5 13 -3 10 -14 2 2 0 11 8 4 3 9 7 2 14 -1 -2 -2 
0 8 11 -11 6 11 9 0 -10 12 9 -2 -5 2 1 8 -6 -13 3 8 
1 4 2 6 3 -9 14 -1 4 7 1 9 -2 13 -1 3 4 12 11 11 
6 8 14 -9 12 3 4 10 12 -14 7 0 13 0 11 13 13 3 4 -10 
6 11 -7 11 4 -4 8 2 -14 3 13 -1 2 9 1 7 14 3 -11 13 
7 0 7 1 -7 9 11 6 9 7 -13 1 -12 12 12 6 12 11 3 10 
7 6 4 12 -8 -13 6 8 7 9 -11 -6 9 -10 10 13 10 3 -9 6 
-2 14 7 7 9 7 14 8 7 1 12 -10 7 7 9 5 14 11 14 3 
-2 6 -14 -13 -11 -4 -2 -5 5 6 4 -11 9 6 5 4 12 2 -8 10 
10 5 13 -10 8 8 13 12 -7 10 2 7 -13 12 14 11 0 -5 5 4 
30
1
19 0
0 19
0
0
