20 20
-13 14 10 8 26 11 -7 2 2 2 14 23 -1 11 2 24 1 9 -6 14 
17 26 25 25 16 2 26 12 16 2 20 13 10 2 3 9 0 6 -13 6 
3 22 8 -16 14 17 -23 7 11 14 22 13 3 -23 18 -8 9 18 -3 5 
-6 -15 4 5 -18 8 18 24 23 7 13 23 15 15 -21 17 8 26 6 24 
18 10 16 22 14 -18 19 18 12 14 5 19 17 13 17 11 18 13 2 12 
15 24 16 22 11 0 3 25 21 18 -24 13 20 16 -4 19 -3 -3 9 22 
-2 1 16 2 3 -9 8 -1 7 -7 8 -12 -24 23 -22 0 -6 -1 7 19 
23 18 -19 24 18 0 20 9 12 -12 25 7 20 21 23 10 6 18 6 24 
22 8 13 26 14 -22 -2 8 -10 13 -21 17 11 25 22 17 19 25 23 -6 
5 25 5 23 4 3 -17 11 -15 20 3 8 16 -3 -26 10 11 12 26 22 
22 26 12 11 10 -26 -3 16 8 3 20 -15 11 -17 3 4 23 5 25 5 
-6 23 25 19 17 22 25 11 17 -21 13 -10 8 -2 -22 14 26 13 8 22 
24 6 18 6 10 23 21 20 7 25 -12 12 9 20 0 18 24 -19 18 23 
19 7 -1 -6 0 -22 23 -24 -12 8 -7 7 -1 8 -9 3 2 16 1 -2 
22 9 -3 -3 19 -4 16 20 13 -24 18 21 25 3 0 11 22 16 24 15 
12 2 13 18 11 17 13 17 19 5 14 12 18 19 -18 14 22 16 10 18 
24 6 26 8 17 -21 15 15 23 13 7 23 24 18 8 -18 5 4 -15 -6 
5 -3 18 9 -8 18 -23 3 13 22 14 11 7 -23 17 14 -16 8 22 3 
6 -13 6 0 9 3 2 10 13 20 2 16 12 26 2 16 25 25 26 17 
14 -6 9 1 24 2 11 -1 23 14 2 2 2 -7 11 26 8 10 14 -13 
30
1
3 1
16 18
0
0
