20 20
-9 3 10 -8 3 11 0 -3 9 12 5 -2 5 3 9 -5 12 -12 1 -4 
11 7 1 7 5 1 6 1 4 5 4 13 1 3 11 6 9 6 3 5 
13 -13 5 4 4 13 1 -10 4 -11 6 1 7 -5 -12 1 -6 -4 9 6 
3 7 -4 -3 2 -10 -11 13 -5 5 7 -7 4 2 -8 9 -11 4 10 1 
-11 0 2 -6 -9 7 11 8 8 7 4 9 6 3 4 12 10 11 -4 9 
1 -12 13 -10 -5 1 6 3 7 10 -2 2 8 2 3 1 7 0 -8 -7 
12 -12 1 13 0 -11 8 -6 3 5 -2 13 13 13 -2 -3 2 10 1 -6 
-1 12 1 2 13 13 -1 10 13 8 13 -3 9 6 8 -4 2 3 1 1 
3 -7 0 -12 -8 4 -1 13 -12 9 6 7 -12 4 -2 -9 4 7 0 1 
0 10 9 10 3 7 3 2 12 -11 -2 2 5 5 0 6 13 -6 -5 2 
2 -5 -6 13 6 0 5 5 2 -2 -11 12 2 3 7 3 10 9 10 0 
1 0 7 4 -9 -2 4 -12 7 6 9 -12 13 -1 4 -8 -12 0 -7 3 
1 1 3 2 -4 8 6 9 -3 13 8 13 10 -1 13 13 2 1 12 -1 
-6 1 10 2 -3 -2 13 13 13 -2 5 3 -6 8 -11 0 13 1 -12 12 
-7 -8 0 7 1 3 2 8 2 -2 10 7 3 6 1 -5 -10 13 -12 1 
9 -4 11 10 12 4 3 6 9 4 7 8 8 11 7 -9 -6 2 0 -11 
1 10 4 -11 9 -8 2 4 -7 7 5 -5 13 -11 -10 2 -3 -4 7 3 
6 9 -4 -6 1 -12 -5 7 1 6 -11 4 -10 1 13 4 4 5 -13 13 
5 3 6 9 6 11 3 1 13 4 5 4 1 6 1 5 7 1 7 11 
-4 1 -12 12 -5 9 3 5 -2 5 12 9 -3 0 11 3 -8 10 3 -9 
30
1
1 5
18 14
0
0
