20 20
11 13 3 17 17 -13 2 14 14 13 6 10 11 5 15 17 17 14 -17 6 
8 13 -1 1 5 14 -12 3 3 11 2 14 -11 -1 -2 -14 14 4 15 4 
0 2 -14 -10 13 12 6 -9 14 -10 5 7 3 9 0 10 5 3 16 6 
9 12 16 3 11 13 12 10 12 5 -8 -11 10 6 -15 -13 4 5 3 6 
-8 -9 11 3 14 3 -1 -17 -8 -2 1 4 -6 15 1 10 10 8 -8 11 
11 6 -16 15 16 16 4 1 -8 -12 -12 -17 14 2 -17 -11 7 -9 12 -11 
9 1 -12 -4 10 -2 -4 3 3 -2 16 16 16 14 3 14 -5 -2 -2 3 
-3 17 7 7 5 0 2 7 9 0 13 12 16 2 13 1 -1 16 14 13 
8 4 6 -7 12 0 4 13 12 16 12 15 15 13 4 17 10 11 6 4 
2 10 14 -4 13 10 13 0 6 11 16 4 15 10 1 4 -11 16 12 -3 
-3 12 16 -11 4 1 10 15 4 16 11 6 0 13 10 13 -4 14 10 2 
4 6 11 10 17 4 13 15 15 12 16 12 13 4 0 12 -7 6 4 8 
13 14 16 -1 1 13 2 16 12 13 0 9 7 2 0 5 7 7 17 -3 
3 -2 -2 -5 14 3 14 16 16 16 -2 3 3 -4 -2 10 -4 -12 1 9 
-11 12 -9 7 -11 -17 2 14 -17 -12 -12 -8 1 4 16 16 15 -16 6 11 
11 -8 8 10 10 1 15 -6 4 1 -2 -8 -17 -1 3 14 3 11 -9 -8 
6 3 5 4 -13 -15 6 10 -11 -8 5 12 10 12 13 11 3 16 12 9 
6 16 3 5 10 0 9 3 7 5 -10 14 -9 6 12 13 -10 -14 2 0 
4 15 4 14 -14 -2 -1 -11 14 2 11 3 3 -12 14 5 1 -1 13 8 
6 -17 14 17 17 15 5 11 10 6 13 14 14 2 -13 17 17 3 13 11 
30
1
11 12
8 7
0
0
