20 20
14 1 3 4 10 14 9 -12 9 -6 9 8 -6 -4 2 7 10 11 -14 5 
3 6 15 -16 1 11 7 -15 10 16 -7 -11 15 0 9 3 5 14 2 2 
8 14 16 9 14 5 -12 -2 1 2 10 -12 2 16 6 15 14 3 16 6 
8 -6 -14 13 7 16 12 6 5 8 9 2 14 -6 -13 12 9 -15 -1 15 
-11 -15 7 9 14 0 14 4 5 -7 5 -3 10 15 7 15 5 -16 5 -2 
-2 0 13 0 15 2 6 1 16 14 14 -5 -10 9 -5 -4 10 -15 4 8 
2 0 -11 14 -10 -6 -1 6 10 7 -2 -16 7 7 16 -2 9 4 0 16 
1 11 7 12 7 4 6 14 10 12 -8 3 8 1 16 9 -16 -14 -7 3 
5 16 3 1 13 -10 5 15 11 8 8 16 1 4 -10 16 2 -4 3 0 
16 4 8 3 12 10 15 13 1 9 2 5 8 3 9 16 5 10 8 4 
4 8 10 5 16 9 3 8 5 2 9 1 13 15 10 12 3 8 4 16 
0 3 -4 2 16 -10 4 1 16 8 8 11 15 5 -10 13 1 3 16 5 
3 -7 -14 -16 9 16 1 8 3 -8 12 10 14 6 4 7 12 7 11 1 
16 0 4 9 -2 16 7 7 -16 -2 7 10 6 -1 -6 -10 14 -11 0 2 
8 4 -15 10 -4 -5 9 -10 -5 14 14 16 1 6 2 15 0 13 0 -2 
-2 5 -16 5 15 7 15 10 -3 5 -7 5 4 14 0 14 9 7 -15 -11 
15 -1 -15 9 12 -13 -6 14 2 9 8 5 6 12 16 7 13 -14 -6 8 
6 16 3 14 15 6 16 2 -12 10 2 1 -2 -12 5 14 9 16 14 8 
2 2 14 5 3 9 0 15 -11 -7 16 10 -15 7 11 1 -16 15 6 3 
5 -14 11 10 7 2 -4 -6 8 9 -6 9 -12 9 14 10 4 3 1 14 
30
1
12 14
7 5
0
0
