20 20
15 -21 19 -10 13 -25 27 -24 22 18 25 -15 9 7 6 10 4 28 22 15 
15 23 2 11 14 13 25 9 28 15 29 18 13 -18 20 16 11 29 -17 14 
19 1 20 -24 20 11 13 28 -1 -17 12 -8 -2 13 20 3 -15 24 23 -21 
-5 29 23 -22 3 0 3 27 9 8 7 25 8 6 -19 -17 21 14 17 12 
19 23 14 7 20 14 -19 5 17 -8 -25 24 8 -2 29 -10 -1 14 -22 -23 
23 12 -14 9 7 4 20 -6 20 15 20 9 23 13 4 -4 -29 14 5 23 
2 -20 29 -8 -29 10 -15 11 -3 29 -20 8 -21 25 20 27 21 20 -3 3 
1 25 24 6 26 25 6 18 29 3 16 10 11 5 24 8 11 5 15 -12 
8 28 2 6 -29 25 -10 10 7 16 19 11 -11 -9 -29 24 -22 25 28 19 
9 3 10 -9 28 16 9 16 11 -12 22 27 -7 22 4 -17 29 2 12 28 
28 12 2 29 -17 4 22 -7 27 22 -12 11 16 9 16 28 -9 10 3 9 
19 28 25 -22 24 -29 -9 -11 11 19 16 7 10 -10 25 -29 6 2 28 8 
-12 15 5 11 8 24 5 11 10 16 3 29 18 6 25 26 6 24 25 1 
3 -3 20 21 27 20 25 -21 8 -20 29 -3 11 -15 10 -29 -8 29 -20 2 
23 5 14 -29 -4 4 13 23 9 20 15 20 -6 20 4 7 9 -14 12 23 
-23 -22 14 -1 -10 29 -2 8 24 -25 -8 17 5 -19 14 20 7 14 23 19 
12 17 14 21 -17 -19 6 8 25 7 8 9 27 3 0 3 -22 23 29 -5 
-21 23 24 -15 3 20 13 -2 -8 12 -17 -1 28 13 11 20 -24 20 1 19 
14 -17 29 11 16 20 -18 13 18 29 15 28 9 25 13 14 11 2 23 15 
15 22 28 4 10 6 7 9 -15 25 18 22 -24 27 -25 13 -10 19 -21 15 
30
1
18 14
1 5
0
0
