20 20
5 5 -12 9 1 -5 -10 0 14 15 6 14 -6 7 1 14 4 10 12 0 
3 -15 -14 12 9 0 1 7 10 -2 9 7 8 12 2 6 15 -4 10 9 
-11 13 -4 6 3 2 3 7 9 11 5 -1 10 1 5 15 15 2 4 6 
8 -4 0 3 5 11 3 5 7 6 4 10 10 -10 14 1 9 2 7 13 
-4 7 4 8 9 11 0 11 12 11 -4 10 -2 0 3 2 10 14 3 -10 
-3 5 13 15 7 -12 10 8 3 9 11 -2 -7 11 7 7 -11 14 3 4 
9 1 9 11 1 3 -10 4 3 -5 13 15 -8 5 4 -14 1 7 -4 7 
0 -3 13 -9 -5 15 14 6 3 -3 2 7 4 13 8 13 2 7 2 1 
-13 -3 9 10 -7 2 7 -6 14 1 -9 14 5 3 4 2 5 -14 6 10 
2 10 8 12 9 -6 10 15 -8 -9 -15 14 8 3 -2 3 10 0 -11 3 
3 -11 0 10 3 -2 3 8 14 -15 -9 -8 15 10 -6 9 12 8 10 2 
10 6 -14 5 2 4 3 5 14 -9 1 14 -6 7 2 -7 10 9 -3 -13 
1 2 7 2 13 8 13 4 7 2 -3 3 6 14 15 -5 -9 13 -3 0 
7 -4 7 1 -14 4 5 -8 15 13 -5 3 4 -10 3 1 11 9 1 9 
4 3 14 -11 7 7 11 -7 -2 11 9 3 8 10 -12 7 15 13 5 -3 
-10 3 14 10 2 3 0 -2 10 -4 11 12 11 0 11 9 8 4 7 -4 
13 7 2 9 1 14 -10 10 10 4 6 7 5 3 11 5 3 0 -4 8 
6 4 2 15 15 5 1 10 -1 5 11 9 7 3 2 3 6 -4 13 -11 
9 10 -4 15 6 2 12 8 7 9 -2 10 7 1 0 9 12 -14 -15 3 
0 12 10 4 14 1 7 -6 14 6 15 14 0 -10 -5 1 9 -12 5 5 
30
1
5 9
14 10
0
0
