20 20
5 -6 -5 6 6 3 -1 -14 -5 -5 4 -10 -5 5 -11 9 3 10 2 12 
-7 12 11 10 8 9 -14 8 11 14 -4 8 6 -8 12 7 10 11 7 10 
7 -9 0 8 12 7 12 7 12 0 0 7 3 -1 -6 7 10 14 -4 -9 
13 -4 3 12 7 1 4 12 1 -2 3 10 1 -14 14 -11 1 -10 0 3 
3 0 7 1 9 12 -2 0 12 6 9 -8 4 14 11 4 -4 14 9 12 
-14 7 1 1 -14 7 4 8 12 6 3 3 10 -6 -11 -1 12 14 12 4 
13 -10 14 5 0 -12 8 3 13 6 3 5 -2 -1 4 3 -10 -10 9 -7 
7 3 13 -7 12 6 3 -4 9 8 -10 5 6 -4 -4 4 -3 -2 4 14 
13 11 4 3 0 9 -13 11 1 5 -6 7 10 2 7 7 8 7 6 2 
9 1 8 -5 14 -9 3 11 3 8 -10 -10 4 2 6 1 14 2 1 12 
12 1 2 14 1 6 2 4 -10 -10 8 3 11 3 -9 14 -5 8 1 9 
2 6 7 8 7 7 2 10 7 -6 5 1 11 -13 9 0 3 4 11 13 
14 4 -2 -3 4 -4 -4 6 5 -10 8 9 -4 3 6 12 -7 13 3 7 
-7 9 -10 -10 3 4 -1 -2 5 3 6 13 3 8 -12 0 5 14 -10 13 
4 12 14 12 -1 -11 -6 10 3 3 6 12 8 4 7 -14 1 1 7 -14 
12 9 14 -4 4 11 14 4 -8 9 6 12 0 -2 12 9 1 7 0 3 
3 0 -10 1 -11 14 -14 1 10 3 -2 1 12 4 1 7 12 3 -4 13 
-9 -4 14 10 7 -6 -1 3 7 0 0 12 7 12 7 12 8 0 -9 7 
10 7 11 10 7 12 -8 6 8 -4 14 11 8 -14 9 8 10 11 12 -7 
12 2 10 3 9 -11 5 -5 -10 4 -5 -5 -14 -1 3 6 6 -5 -6 5 
30
1
14 5
5 14
0
0
