20 20
5 4 -13 10 0 -7 10 9 4 3 1 11 6 11 5 4 11 5 8 8 
11 8 8 -2 4 6 6 1 4 4 10 -13 -5 7 9 10 12 10 9 -1 
-9 9 0 -1 2 1 11 2 1 1 3 -13 13 10 8 10 -5 8 4 -7 
4 11 13 -10 12 7 8 6 2 12 -1 -2 5 6 -13 5 -13 12 -10 0 
3 6 2 2 1 2 2 10 -7 11 1 3 3 -2 12 -11 5 4 9 6 
2 -2 6 1 2 5 8 13 -2 -10 4 7 -10 13 10 1 10 13 12 11 
-12 13 4 7 9 10 3 5 4 6 9 4 4 12 6 13 5 -8 -7 -13 
11 -7 3 4 7 6 5 5 10 -7 -10 13 -7 10 13 -3 13 13 6 8 
1 -4 11 0 -10 10 5 4 12 10 -13 6 -12 10 -9 11 8 9 10 0 
-1 8 11 -6 -2 10 8 4 1 -3 7 -12 -4 12 -1 -10 5 0 9 1 
1 9 0 5 -10 -1 12 -4 -12 7 -3 1 4 8 10 -2 -6 11 8 -1 
0 10 9 8 11 -9 10 -12 6 -13 10 12 4 5 10 -10 0 11 -4 1 
8 6 13 13 -3 13 10 -7 13 -10 -7 10 5 5 6 7 4 3 -7 11 
-13 -7 -8 5 13 6 12 4 4 9 6 4 5 3 10 9 7 4 13 -12 
11 12 13 10 1 10 13 -10 7 4 -10 -2 13 8 5 2 1 6 -2 2 
6 9 4 5 -11 12 -2 3 3 1 11 -7 10 2 2 1 2 2 6 3 
0 -10 12 -13 5 -13 6 5 -2 -1 12 2 6 8 7 12 -10 13 11 4 
-7 4 8 -5 10 8 10 13 -13 3 1 1 2 11 1 2 -1 0 9 -9 
-1 9 10 12 10 9 7 -5 -13 10 4 4 1 6 6 4 -2 8 8 11 
8 8 5 11 4 5 11 6 11 1 3 4 9 10 -7 0 10 -13 4 5 
30
1
8 17
11 2
0
0
