20 20
5 5 8 7 -4 15 -4 6 9 4 11 2 19 19 11 9 14 4 12 -8 
20 9 16 19 12 1 19 8 1 12 19 -14 -14 -10 -1 8 2 10 8 0 
3 22 16 -4 4 7 15 5 22 20 9 15 20 11 -22 -14 18 21 4 -17 
10 -8 19 9 7 8 9 20 12 21 1 7 20 5 11 5 9 14 19 4 
-17 15 -1 6 4 -12 -3 5 10 9 12 15 4 -6 8 -2 5 9 22 19 
19 -16 -14 1 16 2 -21 2 9 -19 -8 10 1 17 10 18 -22 15 9 0 
14 11 12 -9 13 -10 -2 -6 -12 11 11 21 20 -10 8 7 12 1 13 7 
20 11 12 -3 3 10 18 16 6 -12 5 14 0 -18 20 19 13 10 21 22 
11 10 -20 5 14 5 1 1 13 1 7 12 1 -1 14 -19 18 0 21 13 
18 21 -20 -16 1 19 14 5 10 21 11 20 11 18 10 14 3 20 20 21 
21 20 20 3 14 10 18 11 20 11 21 10 5 14 19 1 -16 -20 21 18 
13 21 0 18 -19 14 -1 1 12 7 1 13 1 1 5 14 5 -20 10 11 
22 21 10 13 19 20 -18 0 14 5 -12 6 16 18 10 3 -3 12 11 20 
7 13 1 12 7 8 -10 20 21 11 11 -12 -6 -2 -10 13 -9 12 11 14 
0 9 15 -22 18 10 17 1 10 -8 -19 9 2 -21 2 16 1 -14 -16 19 
19 22 9 5 -2 8 -6 4 15 12 9 10 5 -3 -12 4 6 -1 15 -17 
4 19 14 9 5 11 5 20 7 1 21 12 20 9 8 7 9 19 -8 10 
-17 4 21 18 -14 -22 11 20 15 9 20 22 5 15 7 4 -4 16 22 3 
0 8 10 2 8 -1 -10 -14 -14 19 12 1 8 19 1 12 19 16 9 20 
-8 12 4 14 9 11 19 19 2 11 4 9 6 -4 15 -4 7 8 5 5 
30
1
3 1
16 18
0
0
