20 20
-13 13 -14 6 11 -6 1 -13 0 7 11 11 1 8 14 -9 9 -9 1 2 
8 5 12 -3 -4 14 -13 1 1 12 -4 6 2 6 13 8 6 2 0 8 
3 -1 10 1 12 1 4 14 13 10 4 4 5 15 -4 4 15 9 14 -1 
14 14 15 15 6 2 5 -13 -3 12 0 0 7 -5 -1 -6 8 13 -9 12 
2 -3 14 12 -8 9 -13 7 0 7 11 5 4 5 0 5 15 13 11 6 
15 3 6 -14 -8 10 -3 0 -10 12 6 6 7 10 14 -10 -3 6 10 1 
9 13 4 13 4 4 3 8 2 3 7 13 1 12 15 10 6 -6 -1 4 
8 4 1 3 5 10 3 3 2 12 2 10 13 11 11 -6 2 12 13 5 
15 14 -12 1 3 13 2 2 -14 10 9 10 8 14 14 11 2 11 4 2 
6 -15 4 6 2 3 -8 15 -14 14 -14 11 14 8 7 9 4 -11 -3 6 
6 -3 -11 4 9 7 8 14 11 -14 14 -14 15 -8 3 2 6 4 -15 6 
2 4 11 2 11 14 14 8 10 9 10 -14 2 2 13 3 1 -12 14 15 
5 13 12 2 -6 11 11 13 10 2 12 2 3 3 10 5 3 1 4 8 
4 -1 -6 6 10 15 12 1 13 7 3 2 8 3 4 4 13 4 13 9 
1 10 6 -3 -10 14 10 7 6 6 12 -10 0 -3 10 -8 -14 6 3 15 
6 11 13 15 5 0 5 4 5 11 7 0 7 -13 9 -8 12 14 -3 2 
12 -9 13 8 -6 -1 -5 7 0 0 12 -3 -13 5 2 6 15 15 14 14 
-1 14 9 15 4 -4 15 5 4 4 10 13 14 4 1 12 1 10 -1 3 
8 0 2 6 8 13 6 2 6 -4 12 1 1 -13 14 -4 -3 12 5 8 
2 1 -9 9 -9 14 8 1 11 11 7 0 -13 1 -6 11 6 -14 13 -13 
30
1
9 7
10 12
0
0
