20 20
26 -2 26 25 21 13 1 20 25 -10 5 -30 8 -14 -28 0 23 16 8 4 
14 11 -23 2 -6 28 -7 28 10 30 25 24 -30 7 4 -27 18 2 21 29 
29 15 28 22 13 29 21 16 10 3 5 16 9 29 -9 -24 16 23 11 23 
12 25 -3 29 4 22 14 12 9 0 -14 4 9 29 1 -16 2 11 -6 -28 
19 23 -10 26 -30 16 -10 -24 16 -19 9 4 -8 -7 -11 11 9 -11 4 16 
23 18 21 -1 -24 -2 3 30 8 21 -3 4 28 3 13 9 24 5 14 -3 
3 24 -3 9 1 30 8 17 22 23 2 20 -8 2 28 18 -17 4 17 27 
3 29 13 15 28 13 22 24 -13 24 27 9 20 19 3 19 23 -14 12 1 
-17 -4 17 5 13 29 9 1 -7 2 17 24 -22 4 10 12 11 -4 19 27 
15 23 12 14 9 7 4 29 -19 14 7 26 -2 30 29 25 -26 18 18 10 
10 18 18 -26 25 29 30 -2 26 7 14 -19 29 4 7 9 14 12 23 15 
27 19 -4 11 12 10 4 -22 24 17 2 -7 1 9 29 13 5 17 -4 -17 
1 12 -14 23 19 3 19 20 9 27 24 -13 24 22 13 28 15 13 29 3 
27 17 4 -17 18 28 2 -8 20 2 23 22 17 8 30 1 9 -3 24 3 
-3 14 5 24 9 13 3 28 4 -3 21 8 30 3 -2 -24 -1 21 18 23 
16 4 -11 9 11 -11 -7 -8 4 9 -19 16 -24 -10 16 -30 26 -10 23 19 
-28 -6 11 2 -16 1 29 9 4 -14 0 9 12 14 22 4 29 -3 25 12 
23 11 23 16 -24 -9 29 9 16 5 3 10 16 21 29 13 22 28 15 29 
29 21 2 18 -27 4 7 -30 24 25 30 10 28 -7 28 -6 2 -23 11 14 
4 8 16 23 0 -28 -14 8 -30 5 -10 25 20 1 13 21 25 26 -2 26 
30
1
10 13
9 6
0
0
