20 20
9 3 5 -5 10 -9 -5 8 9 1 9 0 8 13 7 8 5 5 8 14 
6 6 11 2 5 1 14 0 13 6 2 12 6 9 13 14 12 2 -12 13 
14 0 9 -14 -11 5 12 -2 2 9 13 5 12 -9 4 -11 3 10 -4 7 
3 2 -3 -9 0 2 10 3 6 -10 2 9 -9 7 5 10 6 -5 6 -3 
14 -13 13 -11 -14 1 11 -14 -2 8 10 13 7 14 1 6 7 14 10 6 
-6 2 2 -3 2 4 5 -3 10 9 1 -8 6 10 12 14 5 -6 -14 10 
6 2 7 -11 5 1 7 -9 13 12 14 4 7 8 4 2 -4 -3 -8 8 
8 12 -3 7 4 9 2 7 3 13 11 -10 9 11 11 10 7 -3 -10 7 
6 4 8 13 14 4 6 -14 5 7 6 0 10 7 13 2 1 13 12 -2 
2 14 9 9 6 -14 1 12 10 1 -5 -11 3 4 1 7 7 4 8 1 
1 8 4 7 7 1 4 3 -11 -5 1 10 12 1 -14 6 9 9 14 2 
-2 12 13 1 2 13 7 10 0 6 7 5 -14 6 4 14 13 8 4 6 
7 -10 -3 7 10 11 11 9 -10 11 13 3 7 2 9 4 7 -3 12 8 
8 -8 -3 -4 2 4 8 7 4 14 12 13 -9 7 1 5 -11 7 2 6 
10 -14 -6 5 14 12 10 6 -8 1 9 10 -3 5 4 2 -3 2 2 -6 
6 10 14 7 6 1 14 7 13 10 8 -2 -14 11 1 -14 -11 13 -13 14 
-3 6 -5 6 10 5 7 -9 9 2 -10 6 3 10 2 0 -9 -3 2 3 
7 -4 10 3 -11 4 -9 12 5 13 9 2 -2 12 5 -11 -14 9 0 14 
13 -12 2 12 14 13 9 6 12 2 6 13 0 14 1 5 2 11 6 6 
14 8 5 5 8 7 13 8 0 9 1 9 8 -5 -9 10 -5 5 3 9 
30
1
13 16
6 3
0
0
