20 20
1 10 -1 6 3 -6 -3 2 5 12 1 10 14 -10 11 15 13 7 5 14 
3 10 5 8 11 14 2 3 13 2 9 9 7 -5 10 5 8 4 -7 -1 
15 -10 7 6 -5 15 1 2 4 3 4 9 -4 -8 -13 -4 0 5 9 9 
-13 -14 5 13 8 7 11 8 15 2 -7 1 6 14 -15 6 15 7 15 -6 
5 -3 11 -4 4 9 12 0 -10 7 15 8 10 6 4 2 13 5 -4 13 
8 2 12 8 12 -1 -4 10 7 13 9 2 1 -15 6 3 6 8 3 12 
10 -3 1 9 5 -13 10 12 -8 13 5 11 11 6 3 6 7 0 -8 3 
-1 8 12 9 14 11 9 -5 -8 14 12 15 -10 -6 5 6 -10 6 10 4 
2 6 15 -1 12 8 5 3 9 7 11 7 3 6 14 12 15 8 15 4 
13 14 15 1 -12 14 7 7 10 11 14 -8 -2 10 10 9 10 0 4 -13 
-13 4 0 10 9 10 10 -2 -8 14 11 10 7 7 14 -12 1 15 14 13 
4 15 8 15 12 14 6 3 7 11 7 9 3 5 8 12 -1 15 6 2 
4 10 6 -10 6 5 -6 -10 15 12 14 -8 -5 9 11 14 9 12 8 -1 
3 -8 0 7 6 3 6 11 11 5 13 -8 12 10 -13 5 9 1 -3 10 
12 3 8 6 3 6 -15 1 2 9 13 7 10 -4 -1 12 8 12 2 8 
13 -4 5 13 2 4 6 10 8 15 7 -10 0 12 9 4 -4 11 -3 5 
-6 15 7 15 6 -15 14 6 1 -7 2 15 8 11 7 8 13 5 -14 -13 
9 9 5 0 -4 -13 -8 -4 9 4 3 4 2 1 15 -5 6 7 -10 15 
-1 -7 4 8 5 10 -5 7 9 9 2 13 3 2 14 11 8 5 10 3 
14 5 7 13 15 11 -10 14 10 1 12 5 2 -3 -6 3 6 -1 10 1 
30
1
14 3
5 16
0
0
