20 20
-14 14 7 -13 14 11 15 9 11 6 15 -14 6 15 5 1 13 3 15 -4 
10 8 0 -5 12 12 -12 9 -4 14 -1 -12 -7 10 7 11 -12 10 13 15 
15 5 6 11 4 14 5 1 5 2 13 14 11 -13 1 9 14 -8 1 -13 
-1 1 3 -12 -13 11 9 15 15 9 -6 7 14 6 6 13 9 13 7 12 
1 2 7 -7 13 12 9 -5 -14 9 -3 5 -11 12 12 12 14 10 -4 13 
1 12 0 -5 7 6 12 15 14 10 15 10 -10 2 2 2 -9 10 0 15 
-9 15 11 2 2 -11 5 11 2 4 12 -13 7 -14 -14 8 5 10 -10 10 
-14 2 8 6 -4 11 9 11 11 1 3 4 -10 6 14 8 1 3 -2 -7 
3 -4 0 -15 8 15 3 9 -9 -11 -11 11 -12 11 1 13 14 8 7 3 
14 6 12 7 2 7 3 -9 8 5 -8 -14 -5 10 9 5 14 -13 12 10 
10 12 -13 14 5 9 10 -5 -14 -8 5 8 -9 3 7 2 7 12 6 14 
3 7 8 14 13 1 11 -12 11 -11 -11 -9 9 3 15 8 -15 0 -4 3 
-7 -2 3 1 8 14 6 -10 4 3 1 11 11 9 11 -4 6 8 2 -14 
10 -10 10 5 8 -14 -14 7 -13 12 4 2 11 5 -11 2 2 11 15 -9 
15 0 10 -9 2 2 2 -10 10 15 10 14 15 12 6 7 -5 0 12 1 
13 -4 10 14 12 12 12 -11 5 -3 9 -14 -5 9 12 13 -7 7 2 1 
12 7 13 9 13 6 6 14 7 -6 9 15 15 9 11 -13 -12 3 1 -1 
-13 1 -8 14 9 1 -13 11 14 13 2 5 1 5 14 4 11 6 5 15 
15 13 10 -12 11 7 10 -7 -12 -1 14 -4 9 -12 12 12 -5 0 8 10 
-4 15 3 13 1 5 15 6 -14 15 6 11 9 15 11 14 -13 7 14 -14 
30
1
17 15
2 4
0
0
