20 20
17 17 4 13 1 3 5 -6 0 10 -7 -10 12 10 13 7 3 16 10 3 
1 16 5 2 -2 -4 -14 10 3 2 8 6 6 16 12 12 -3 17 15 8 
13 2 16 14 11 17 -3 16 17 9 13 12 9 -9 -3 -17 8 -10 -5 -4 
-16 7 16 2 -11 -9 10 5 16 -12 9 2 -6 -3 2 6 -4 16 4 12 
17 14 -2 12 6 13 -2 14 -8 3 9 -11 12 3 12 6 17 1 9 9 
8 14 1 3 15 -16 1 -8 -11 15 -4 4 10 -1 -14 -5 6 13 2 13 
2 13 5 17 -5 -14 -11 2 13 2 -16 -12 13 6 15 0 1 9 17 15 
1 0 6 16 0 16 8 10 6 8 -9 -14 2 3 13 2 -15 17 1 -9 
11 0 -3 1 17 10 8 15 8 11 16 11 -10 13 11 -15 0 -13 1 9 
5 -12 0 13 8 4 9 10 5 -15 15 5 8 -15 -15 0 12 16 0 -6 
-6 0 16 12 0 -15 -15 8 5 15 -15 5 10 9 4 8 13 0 -12 5 
9 1 -13 0 -15 11 13 -10 11 16 11 8 15 8 10 17 1 -3 0 11 
-9 1 17 -15 2 13 3 2 -14 -9 8 6 10 8 16 0 16 6 0 1 
15 17 9 1 0 15 6 13 -12 -16 2 13 2 -11 -14 -5 17 5 13 2 
13 2 13 6 -5 -14 -1 10 4 -4 15 -11 -8 1 -16 15 3 1 14 8 
9 9 1 17 6 12 3 12 -11 9 3 -8 14 -2 13 6 12 -2 14 17 
12 4 16 -4 6 2 -3 -6 2 9 -12 16 5 10 -9 -11 2 16 7 -16 
-4 -5 -10 8 -17 -3 -9 9 12 13 9 17 16 -3 17 11 14 16 2 13 
8 15 17 -3 12 12 16 6 6 8 2 3 10 -14 -4 -2 2 5 16 1 
3 10 16 3 7 13 10 12 -10 -7 10 0 -6 5 3 1 13 4 17 17 
30
1
3 6
16 13
0
0
