20 20
-1 9 -3 3 13 8 -7 2 7 0 -16 15 10 16 16 11 12 -13 -2 -8 
2 -4 15 4 -16 6 11 6 17 7 18 10 16 11 2 2 3 0 8 4 
-4 -18 -13 5 -18 9 15 -5 13 6 12 16 -9 -17 14 -3 14 1 14 -2 
6 0 0 15 17 5 12 7 18 16 11 6 -9 -14 9 -4 -18 4 16 14 
-11 5 -8 -15 1 15 10 2 13 4 11 14 2 10 11 10 1 -12 18 -17 
-17 13 15 2 6 17 10 15 4 4 3 18 8 7 18 3 1 12 11 5 
-8 16 12 18 8 7 15 13 2 4 15 -18 -2 3 5 -3 13 -5 11 3 
10 -15 18 -14 -13 -9 -1 -11 17 12 13 3 8 18 2 1 2 1 12 1 
8 -10 4 1 0 15 1 -13 9 -18 18 -6 8 7 -17 6 -17 -8 1 15 
12 12 -6 0 1 8 7 17 14 8 5 15 7 3 2 15 16 3 7 -17 
-17 7 3 16 15 2 3 7 15 5 8 14 17 7 8 1 0 -6 12 12 
15 1 -8 -17 6 -17 7 8 -6 18 -18 9 -13 1 15 0 1 4 -10 8 
1 12 1 2 1 2 18 8 3 13 12 17 -11 -1 -9 -13 -14 18 -15 10 
3 11 -5 13 -3 5 3 -2 -18 15 4 2 13 15 7 8 18 12 16 -8 
5 11 12 1 3 18 7 8 18 3 4 4 15 10 17 6 2 15 13 -17 
-17 18 -12 1 10 11 10 2 14 11 4 13 2 10 15 1 -15 -8 5 -11 
14 16 4 -18 -4 9 -14 -9 6 11 16 18 7 12 5 17 15 0 0 6 
-2 14 1 14 -3 14 -17 -9 16 12 6 13 -5 15 9 -18 5 -13 -18 -4 
4 8 0 3 2 2 11 16 10 18 7 17 6 11 6 -16 4 15 -4 2 
-8 -2 -13 12 11 16 16 10 15 -16 0 7 2 -7 8 13 3 -3 9 -1 
30
1
10 12
9 7
0
0
