20 20
7 -8 15 4 14 4 11 11 -12 19 13 7 -3 3 7 19 -6 18 -4 15 
17 9 2 14 2 -4 19 13 12 13 17 18 11 12 -13 9 6 16 18 12 
3 13 14 17 9 13 1 9 12 16 1 11 5 12 -7 12 -9 3 8 -4 
18 6 8 1 -16 -18 15 9 18 -8 -15 2 18 15 -8 17 -13 5 -17 8 
11 3 14 -15 11 -12 8 -5 -8 7 7 -10 -2 11 13 1 0 14 7 9 
3 16 10 13 12 15 16 19 8 11 14 17 -7 -1 9 9 13 19 18 10 
-10 6 10 17 -6 -17 7 0 -11 -12 19 6 -7 14 14 17 4 7 18 14 
17 1 11 13 1 9 7 -17 8 0 19 5 0 -18 9 16 -19 -15 15 19 
12 5 19 -16 3 0 14 11 17 19 -11 10 14 8 13 3 0 3 -15 5 
6 9 9 -13 0 -11 -13 -5 19 -11 4 7 -13 3 12 10 -7 7 5 7 
7 5 7 -7 10 12 3 -13 7 4 -11 19 -5 -13 -11 0 -13 9 9 6 
5 -15 3 0 3 13 8 14 10 -11 19 17 11 14 0 3 -16 19 5 12 
19 15 -15 -19 16 9 -18 0 5 19 0 8 -17 7 9 1 13 11 1 17 
14 18 7 4 17 14 14 -7 6 19 -12 -11 0 7 -17 -6 17 10 6 -10 
10 18 19 13 9 9 -1 -7 17 14 11 8 19 16 15 12 13 10 16 3 
9 7 14 0 1 13 11 -2 -10 7 7 -8 -5 8 -12 11 -15 14 3 11 
8 -17 5 -13 17 -8 15 18 2 -15 -8 18 9 15 -18 -16 1 8 6 18 
-4 8 3 -9 12 -7 12 5 11 1 16 12 9 1 13 9 17 14 13 3 
12 18 16 6 9 -13 12 11 18 17 13 12 13 19 -4 2 14 2 9 17 
15 -4 18 -6 19 7 3 -3 7 13 19 -12 11 11 4 14 4 15 -8 7 
30
1
12 19
7 0
0
0
