20 20
20 13 -19 17 18 9 17 -9 -4 13 -15 18 6 5 -2 18 17 1 -12 -1 
18 17 2 10 12 15 3 6 18 12 3 18 8 17 20 19 13 11 7 11 
3 2 1 14 -10 18 0 4 18 16 2 12 -18 5 12 -5 14 -4 -6 15 
-19 2 15 -9 -14 17 12 2 13 0 -8 13 16 11 -5 7 8 17 15 -5 
6 -12 4 18 11 7 0 20 -14 4 -12 9 -20 -9 12 -11 8 -20 10 17 
13 -20 3 3 10 2 -15 -2 5 14 10 16 0 0 16 -15 -3 11 15 0 
19 17 13 2 -1 -2 -11 8 11 20 15 14 11 11 17 8 -20 6 11 0 
-6 14 17 -4 -17 -6 7 10 0 17 15 -1 16 8 -11 12 11 0 7 -2 
17 2 -8 1 13 4 -19 8 -18 -3 15 -18 7 6 -15 16 -6 4 4 11 
9 19 3 9 15 13 0 7 7 11 2 4 19 20 15 13 16 13 0 7 
7 0 13 16 13 15 20 19 4 2 11 7 7 0 13 15 9 3 19 9 
11 4 4 -6 16 -15 6 7 -18 15 -3 -18 8 -19 4 13 1 -8 2 17 
-2 7 0 11 12 -11 8 16 -1 15 17 0 10 7 -6 -17 -4 17 14 -6 
0 11 6 -20 8 17 11 11 14 15 20 11 8 -11 -2 -1 2 13 17 19 
0 15 11 -3 -15 16 0 0 16 10 14 5 -2 -15 2 10 3 3 -20 13 
17 10 -20 8 -11 12 -9 -20 9 -12 4 -14 20 0 7 11 18 4 -12 6 
-5 15 17 8 7 -5 11 16 13 -8 0 13 2 12 17 -14 -9 15 2 -19 
15 -6 -4 14 -5 12 5 -18 12 2 16 18 4 0 18 -10 14 1 2 3 
11 7 11 13 19 20 17 8 18 3 12 18 6 3 15 12 10 2 17 18 
-1 -12 1 17 18 -2 5 6 18 -15 13 -4 -9 17 9 18 17 -19 13 20 
30
1
13 3
6 16
0
0
