20 20
5 4 23 19 5 -21 18 -18 17 5 16 9 8 11 5 12 17 19 10 10 
-10 -7 8 3 4 24 -2 7 13 12 17 1 -10 0 10 -3 14 20 12 16 
16 2 24 21 23 25 16 19 14 12 6 -11 16 3 19 7 25 21 4 -24 
9 9 24 14 -17 18 -24 2 4 11 2 1 3 8 20 5 25 7 22 13 
9 -8 7 0 23 -13 2 11 -10 2 -10 7 10 14 13 -11 21 9 4 17 
-12 19 25 23 18 -20 -8 14 1 5 21 -24 24 17 22 16 22 19 15 24 
7 22 24 18 -7 2 -8 -22 17 1 -15 11 24 14 9 16 7 13 8 -2 
6 13 -23 19 -3 12 -18 10 -16 25 21 -9 -23 17 -14 14 -9 17 20 3 
25 13 -4 5 25 -13 1 -24 20 6 -7 13 3 21 -20 25 -15 10 20 9 
16 16 -6 9 16 8 -10 9 20 17 -21 -2 17 -19 9 9 10 -15 6 14 
14 6 -15 10 9 9 -19 17 -2 -21 17 20 9 -10 8 16 9 -6 16 16 
9 20 10 -15 25 -20 21 3 13 -7 6 20 -24 1 -13 25 5 -4 13 25 
3 20 17 -9 14 -14 17 -23 -9 21 25 -16 10 -18 12 -3 19 -23 13 6 
-2 8 13 7 16 9 14 24 11 -15 1 17 -22 -8 2 -7 18 24 22 7 
24 15 19 22 16 22 17 24 -24 21 5 1 14 -8 -20 18 23 25 19 -12 
17 4 9 21 -11 13 14 10 7 -10 2 -10 11 2 -13 23 0 7 -8 9 
13 22 7 25 5 20 8 3 1 2 11 4 2 -24 18 -17 14 24 9 9 
-24 4 21 25 7 19 3 16 -11 6 12 14 19 16 25 23 21 24 2 16 
16 12 20 14 -3 10 0 -10 1 17 12 13 7 -2 24 4 3 8 -7 -10 
10 10 19 17 12 5 11 8 9 16 5 17 -18 18 -21 5 19 23 4 5 
30
1
11 13
8 6
0
0
