20 20
14 0 7 -18 16 14 9 -23 -3 4 -1 17 0 1 -4 8 14 4 13 -4 
1 4 19 1 14 4 -20 17 -3 21 -1 -14 5 19 16 10 1 12 -13 3 
7 1 1 23 -15 18 22 23 -14 5 -9 -4 11 3 1 21 14 19 3 15 
-9 8 15 3 0 7 18 -22 6 5 21 14 5 -21 7 0 -19 6 12 17 
3 22 14 -20 15 -8 7 12 -19 -3 -18 1 21 2 -17 0 23 -8 -19 9 
-16 1 22 4 19 8 -17 3 2 -22 3 11 7 6 18 -2 11 5 -20 17 
-16 -11 4 -2 7 14 17 5 12 20 7 22 6 4 18 15 -12 -2 8 -23 
-2 2 -17 19 15 20 22 23 10 3 -15 -16 5 16 3 5 1 11 -16 4 
10 -8 23 17 17 1 -17 11 8 -12 16 13 13 10 -16 7 4 -12 2 23 
4 15 19 8 -9 8 -6 17 -17 11 7 10 4 12 -1 -20 -10 4 12 3 
3 12 4 -10 -20 -1 12 4 10 7 11 -17 17 -6 8 -9 8 19 15 4 
23 2 -12 4 7 -16 10 13 13 16 -12 8 11 -17 1 17 17 23 -8 10 
4 -16 11 1 5 3 16 5 -16 -15 3 10 23 22 20 15 19 -17 2 -2 
-23 8 -2 -12 15 18 4 6 22 7 20 12 5 17 14 7 -2 4 -11 -16 
17 -20 5 11 -2 18 6 7 11 3 -22 2 3 -17 8 19 4 22 1 -16 
9 -19 -8 23 0 -17 2 21 1 -18 -3 -19 12 7 -8 15 -20 14 22 3 
17 12 6 -19 0 7 -21 5 14 21 5 6 -22 18 7 0 3 15 8 -9 
15 3 19 14 21 1 3 11 -4 -9 5 -14 23 22 18 -15 23 1 1 7 
3 -13 12 1 10 16 19 5 -14 -1 21 -3 17 -20 4 14 1 19 4 1 
-4 13 4 14 8 -4 1 0 17 -1 4 -3 -23 9 14 16 -18 7 0 14 
30
1
4 14
15 5
0
0
