20 20
3 0 1 10 13 3 26 -4 12 20 2 2 21 -11 17 20 8 2 7 25 
-22 -4 -7 21 3 7 -9 13 -21 0 26 17 -10 15 -13 21 25 11 9 9 
6 -19 0 -16 9 1 5 21 24 7 3 2 10 18 1 3 1 25 24 1 
-17 14 -1 5 12 20 2 14 -2 23 23 -10 -3 -11 8 14 24 -21 -16 21 
16 -5 -16 -21 1 7 12 15 2 -10 -16 0 24 7 -7 23 -7 9 -12 -7 
3 12 20 13 21 22 -17 20 7 1 17 15 11 14 -14 -8 3 1 18 8 
15 22 -9 9 19 -4 13 -6 8 21 10 6 21 9 2 25 1 17 3 -26 
0 8 26 20 10 20 -9 15 11 0 22 16 -19 25 -11 15 -17 10 25 9 
24 13 25 10 21 4 -16 25 13 18 4 -7 17 9 9 23 24 24 1 18 
24 2 6 18 9 15 8 12 14 -17 19 -11 -7 24 25 -6 -3 15 7 -23 
-23 7 15 -3 -6 25 24 -7 -11 19 -17 14 12 8 15 9 18 6 2 24 
18 1 24 24 23 9 9 17 -7 4 18 13 25 -16 4 21 10 25 13 24 
9 25 10 -17 15 -11 25 -19 16 22 0 11 15 -9 20 10 20 26 8 0 
-26 3 17 1 25 2 9 21 6 10 21 8 -6 13 -4 19 9 -9 22 15 
8 18 1 3 -8 -14 14 11 15 17 1 7 20 -17 22 21 13 20 12 3 
-7 -12 9 -7 23 -7 7 24 0 -16 -10 2 15 12 7 1 -21 -16 -5 16 
21 -16 -21 24 14 8 -11 -3 -10 23 23 -2 14 2 20 12 5 -1 14 -17 
1 24 25 1 3 1 18 10 2 3 7 24 21 5 1 9 -16 0 -19 6 
9 9 11 25 21 -13 15 -10 17 26 0 -21 13 -9 7 3 21 -7 -4 -22 
25 7 2 8 20 17 -11 21 2 2 20 12 -4 26 3 13 10 1 0 3 
30
1
4 12
15 7
0
0
