20 20
3 -4 11 9 5 3 12 5 14 -16 7 2 -11 17 15 10 1 11 15 3 
0 -3 8 -12 -17 1 0 9 12 0 6 8 -8 -6 -10 12 9 4 -3 14 
-16 5 16 -13 9 -8 -3 -9 -3 -11 15 6 -6 12 12 5 8 -17 15 16 
8 9 17 9 -1 -6 14 5 13 9 6 2 13 -5 15 6 6 -4 2 -17 
1 2 2 12 14 4 17 6 4 0 -3 -15 8 15 -8 8 -3 1 8 11 
5 11 7 17 0 7 17 13 -11 5 12 -6 12 11 -17 5 3 6 -17 13 
-16 8 -12 1 3 11 -11 14 -3 1 6 15 17 0 4 15 6 15 0 16 
2 -9 -17 5 9 16 9 11 5 -2 -9 7 7 6 -9 -10 -9 5 17 11 
-13 2 17 16 0 7 13 15 1 -14 7 7 2 -2 -14 4 17 13 2 8 
15 13 6 -5 -11 5 2 13 7 9 9 16 7 10 13 13 11 12 16 5 
5 16 12 11 13 13 10 7 16 9 9 7 13 2 5 -11 -5 6 13 15 
8 2 13 17 4 -14 -2 2 7 7 -14 1 15 13 7 0 16 17 2 -13 
11 17 5 -9 -10 -9 6 7 7 -9 -2 5 11 9 16 9 5 -17 -9 2 
16 0 15 6 15 4 0 17 15 6 1 -3 14 -11 11 3 1 -12 8 -16 
13 -17 6 3 5 -17 11 12 -6 12 5 -11 13 17 7 0 17 7 11 5 
11 8 1 -3 8 -8 15 8 -15 -3 0 4 6 17 4 14 12 2 2 1 
-17 2 -4 6 6 15 -5 13 2 6 9 13 5 14 -6 -1 9 17 9 8 
16 15 -17 8 5 12 12 -6 6 15 -11 -3 -9 -3 -8 9 -13 16 5 -16 
14 -3 4 9 12 -10 -6 -8 8 6 0 12 9 0 1 -17 -12 8 -3 0 
3 15 11 1 10 15 17 -11 2 7 -16 14 5 12 3 5 9 11 -4 3 
30
1
5 7
14 12
0
0
