20 20
7 12 1 -2 7 -10 1 14 -8 3 8 13 13 12 -1 3 3 4 5 7 
0 12 0 4 4 2 13 -7 -1 13 13 14 6 3 1 8 14 7 2 -7 
10 -1 13 9 12 10 9 6 -12 11 10 9 9 10 3 3 10 -7 -2 8 
7 14 -9 14 4 5 6 2 5 4 -8 13 8 11 9 -6 0 -7 -3 7 
-14 10 -2 -12 -5 2 11 14 9 5 -2 12 10 13 1 14 3 -1 9 7 
14 -4 4 -2 10 10 8 -12 3 3 -3 11 13 5 8 0 0 -3 5 10 
1 -12 -9 7 11 13 1 -1 2 6 6 -11 11 -6 1 6 12 -1 7 0 
14 1 14 -10 4 3 12 4 -3 4 -1 2 -3 6 5 -12 -7 5 -10 -6 
8 6 8 6 4 12 -10 -14 13 6 8 10 12 0 2 7 11 -10 -8 0 
10 3 11 -5 12 5 7 3 8 -14 12 -13 5 9 1 12 3 5 -1 7 
7 -1 5 3 12 1 9 5 -13 12 -14 8 3 7 5 12 -5 11 3 10 
0 -8 -10 11 7 2 0 12 10 8 6 13 -14 -10 12 4 6 8 6 8 
-6 -10 5 -7 -12 5 6 -3 2 -1 4 -3 4 12 3 4 -10 14 1 14 
0 7 -1 12 6 1 -6 11 -11 6 6 2 -1 1 13 11 7 -9 -12 1 
10 5 -3 0 0 8 5 13 11 -3 3 3 -12 8 10 10 -2 4 -4 14 
7 9 -1 3 14 1 13 10 12 -2 5 9 14 11 2 -5 -12 -2 10 -14 
7 -3 -7 0 -6 9 11 8 13 -8 4 5 2 6 5 4 14 -9 14 7 
8 -2 -7 10 3 3 10 9 9 10 11 -12 6 9 10 12 9 13 -1 10 
-7 2 7 14 8 1 3 6 14 13 13 -1 -7 13 2 4 4 0 12 0 
7 5 4 3 3 -1 12 13 13 8 3 -8 14 1 -10 7 -2 1 12 7 
30
1
15 9
4 10
0
0
