20 20
12 13 4 6 -3 3 15 2 -2 13 7 -16 -17 -3 2 4 -12 6 11 10 
-12 12 -10 5 6 9 8 16 0 12 3 1 2 4 -8 13 13 17 8 -4 
14 1 9 -10 -2 -16 13 8 17 10 16 -16 -6 17 8 6 14 3 15 1 
-1 -14 11 -12 0 13 1 15 6 -5 5 1 3 10 13 -14 -9 5 -11 -8 
4 13 9 8 -4 5 13 3 -14 2 10 8 14 2 -1 4 9 -5 16 8 
14 13 4 1 8 5 4 1 16 9 2 12 16 16 4 14 2 -2 6 2 
-14 -6 0 13 -1 16 7 6 13 -5 16 12 13 16 10 -16 3 15 1 15 
15 9 3 6 7 6 7 12 12 17 1 13 14 15 7 15 12 3 11 9 
16 9 6 13 -10 2 7 -16 4 10 -16 -4 9 1 9 0 13 0 12 15 
15 11 -8 10 11 17 14 5 16 13 11 -10 8 2 13 16 -4 11 11 -11 
-11 11 11 -4 16 13 2 8 -10 11 13 16 5 14 17 11 10 -8 11 15 
15 12 0 13 0 9 1 9 -4 -16 10 4 -16 7 2 -10 13 6 9 16 
9 11 3 12 15 7 15 14 13 1 17 12 12 7 6 7 6 3 9 15 
15 1 15 3 -16 10 16 13 12 16 -5 13 6 7 16 -1 13 0 -6 -14 
2 6 -2 2 14 4 16 16 12 2 9 16 1 4 5 8 1 4 13 14 
8 16 -5 9 4 -1 2 14 8 10 2 -14 3 13 5 -4 8 9 13 4 
-8 -11 5 -9 -14 13 10 3 1 5 -5 6 15 1 13 0 -12 11 -14 -1 
1 15 3 14 6 8 17 -6 -16 16 10 17 8 13 -16 -2 -10 9 1 14 
-4 8 17 13 13 -8 4 2 1 3 12 0 16 8 9 6 5 -10 12 -12 
10 11 6 -12 4 2 -3 -17 -16 7 13 -2 2 15 3 -3 6 4 13 12 
30
1
7 16
12 3
0
0
