20 20
13 1 6 -19 19 -6 -14 4 3 22 -6 9 2 20 -6 0 18 4 0 1 
-9 11 16 13 -14 19 -10 10 3 8 -7 20 21 7 14 9 18 19 16 -4 
-17 17 16 3 4 2 16 20 2 7 12 4 10 14 14 14 13 -12 16 3 
-19 11 17 19 3 12 8 13 -13 10 15 -10 -18 14 1 4 -5 20 4 6 
6 16 13 9 4 15 20 5 -16 18 5 16 16 1 15 -4 22 12 14 -1 
-14 21 13 10 6 20 -8 21 12 9 -4 11 -17 5 3 -20 17 17 16 11 
2 7 9 22 6 5 15 16 14 -8 16 2 -9 7 13 5 10 0 2 -20 
7 3 10 8 -17 17 2 20 11 14 2 20 6 -8 -10 -3 1 22 2 9 
13 18 22 -17 -22 11 18 1 11 -4 9 7 9 22 1 12 17 2 18 -11 
10 -20 17 -17 -16 18 21 -13 8 12 13 5 8 10 -1 20 1 8 -17 16 
16 -17 8 1 20 -1 10 8 5 13 12 8 -13 21 18 -16 -17 17 -20 10 
-11 18 2 17 12 1 22 9 7 9 -4 11 1 18 11 -22 -17 22 18 13 
9 2 22 1 -3 -10 -8 6 20 2 14 11 20 2 17 -17 8 10 3 7 
-20 2 0 10 5 13 7 -9 2 16 -8 14 16 15 5 6 22 9 7 2 
11 16 17 17 -20 3 5 -17 11 -4 9 12 21 -8 20 6 10 13 21 -14 
-1 14 12 22 -4 15 1 16 16 5 18 -16 5 20 15 4 9 13 16 6 
6 4 20 -5 4 1 14 -18 -10 15 10 -13 13 8 12 3 19 17 11 -19 
3 16 -12 13 14 14 14 10 4 12 7 2 20 16 2 4 3 16 17 -17 
-4 16 19 18 9 14 7 21 20 -7 8 3 10 -10 19 -14 13 16 11 -9 
1 0 4 18 0 -6 20 2 9 -6 22 3 4 -14 -6 19 -19 6 1 13 
30
1
14 7
5 12
0
0
