20 20
6 9 -15 9 -20 3 18 7 -7 17 11 -7 17 8 9 7 17 19 2 10 
17 -11 6 6 7 11 9 4 13 -14 1 14 -12 -13 18 20 -13 10 10 -18 
20 -9 17 8 -1 5 1 -17 -11 17 9 3 18 16 6 1 6 3 10 9 
-19 6 2 2 8 -19 5 9 4 -15 7 1 3 11 12 10 2 -2 2 1 
4 -4 12 4 17 4 11 11 14 0 6 1 4 9 16 -8 13 4 1 11 
14 10 12 -15 3 10 -11 18 15 13 1 2 -2 18 19 7 6 -4 14 18 
9 6 17 -12 17 9 7 -16 -10 4 19 17 3 -17 13 16 6 1 8 10 
5 20 -7 -11 -2 7 15 -9 -14 9 5 5 9 9 -12 16 -18 -4 18 19 
-1 2 13 9 13 4 2 16 -8 8 -10 4 18 2 17 -4 -10 -11 11 -13 
9 8 7 -3 -20 20 4 9 10 3 9 -6 1 1 13 9 2 3 14 -5 
-5 14 3 2 9 13 1 1 -6 9 3 10 9 4 20 -20 -3 7 8 9 
-13 11 -11 -10 -4 17 2 18 4 -10 8 -8 16 2 4 13 9 13 2 -1 
19 18 -4 -18 16 -12 9 9 5 5 9 -14 -9 15 7 -2 -11 -7 20 5 
10 8 1 6 16 13 -17 3 17 19 4 -10 -16 7 9 17 -12 17 6 9 
18 14 -4 6 7 19 18 -2 2 1 13 15 18 -11 10 3 -15 12 10 14 
11 1 4 13 -8 16 9 4 1 6 0 14 11 11 4 17 4 12 -4 4 
1 2 -2 2 10 12 11 3 1 7 -15 4 9 5 -19 8 2 2 6 -19 
9 10 3 6 1 6 16 18 3 9 17 -11 -17 1 5 -1 8 17 -9 20 
-18 10 10 -13 20 18 -13 -12 14 1 -14 13 4 9 11 7 6 6 -11 17 
10 2 19 17 7 9 8 17 -7 11 17 -7 7 18 3 -20 9 -15 9 6 
30
1
7 15
12 4
0
0
