20 20
14 3 16 13 -1 25 -20 10 10 1 16 10 4 -21 11 20 3 7 7 9 
-23 16 21 10 14 5 21 14 0 -6 -7 -19 8 22 7 6 17 1 15 19 
19 0 1 12 16 -20 11 10 19 0 17 1 23 -13 9 18 6 21 -11 -8 
15 23 15 -25 -19 23 -12 2 3 19 15 24 23 9 25 -10 10 21 0 -6 
13 19 24 3 13 15 -18 12 12 25 4 -15 23 4 -25 19 0 22 -10 18 
18 22 22 19 24 6 -7 10 21 4 25 18 10 10 13 16 -18 21 15 -16 
5 9 13 -17 9 -5 17 20 20 18 10 4 11 -18 8 3 10 14 14 15 
23 21 3 12 5 22 23 -21 22 21 -23 25 24 10 15 -24 22 0 8 -23 
0 12 -8 -14 -24 24 -2 -15 3 13 -3 -19 -8 13 -21 24 22 12 2 21 
-21 -2 1 25 16 7 2 10 12 7 20 -12 5 0 -4 15 23 -5 -17 1 
1 -17 -5 23 15 -4 0 5 -12 20 7 12 10 2 7 16 25 1 -2 -21 
21 2 12 22 24 -21 13 -8 -19 -3 13 3 -15 -2 24 -24 -14 -8 12 0 
-23 8 0 22 -24 15 10 24 25 -23 21 22 -21 23 22 5 12 3 21 23 
15 14 14 10 3 8 -18 11 4 10 18 20 20 17 -5 9 -17 13 9 5 
-16 15 21 -18 16 13 10 10 18 25 4 21 10 -7 6 24 19 22 22 18 
18 -10 22 0 19 -25 4 23 -15 4 25 12 12 -18 15 13 3 24 19 13 
-6 0 21 10 -10 25 9 23 24 15 19 3 2 -12 23 -19 -25 15 23 15 
-8 -11 21 6 18 9 -13 23 1 17 0 19 10 11 -20 16 12 1 0 19 
19 15 1 17 6 7 22 8 -19 -7 -6 0 14 21 5 14 10 21 16 -23 
9 7 7 3 20 11 -21 4 10 16 1 10 10 -20 25 -1 13 16 3 14 
30
1
11 10
8 9
0
0
