20 20
10 -7 5 14 -2 7 3 -13 -12 7 12 -9 -5 13 15 9 -14 -15 -8 -5 
-13 11 6 1 9 0 11 15 10 10 13 11 10 13 -15 8 5 12 -1 6 
5 5 10 -13 3 -10 0 12 1 12 3 -9 -3 3 5 11 11 3 5 12 
-10 -9 9 0 12 10 14 12 -12 7 10 7 2 10 -9 12 5 3 2 2 
15 9 -15 -8 2 8 14 15 10 1 -2 -14 -13 -12 10 13 -6 -12 -8 9 
6 -8 12 -8 13 0 14 -3 3 -5 13 -12 9 6 12 9 1 1 9 -8 
15 10 14 -2 7 15 6 3 6 10 9 12 4 12 -5 -15 7 5 3 7 
12 -14 13 6 -13 -11 -3 -1 9 9 3 2 12 1 4 -1 5 13 7 10 
-6 14 -14 10 -10 8 2 3 11 5 5 2 9 15 2 7 3 14 -5 8 
-2 11 -9 -11 -10 14 1 7 0 15 -7 5 1 7 12 2 4 11 -13 1 
1 -13 11 4 2 12 7 1 5 -7 15 0 7 1 14 -10 -11 -9 11 -2 
8 -5 14 3 7 2 15 9 2 5 5 11 3 2 8 -10 10 -14 14 -6 
10 7 13 5 -1 4 1 12 2 3 9 9 -1 -3 -11 -13 6 13 -14 12 
7 3 5 7 -15 -5 12 4 12 9 10 6 3 6 15 7 -2 14 10 15 
-8 9 1 1 9 12 6 9 -12 13 -5 3 -3 14 0 13 -8 12 -8 6 
9 -8 -12 -6 13 10 -12 -13 -14 -2 1 10 15 14 8 2 -8 -15 9 15 
2 2 3 5 12 -9 10 2 7 10 7 -12 12 14 10 12 0 9 -9 -10 
12 5 3 11 11 5 3 -3 -9 3 12 1 12 0 -10 3 -13 10 5 5 
6 -1 12 5 8 -15 13 10 11 13 10 10 15 11 0 9 1 6 11 -13 
-5 -8 -15 -14 9 15 13 -5 -9 12 7 -12 -13 3 7 -2 14 5 -7 10 
30
1
16 18
3 1
0
0
