20 20
-24 23 13 24 -5 -30 -21 4 22 20 -7 30 24 -9 5 15 1 11 15 17 
26 28 29 12 13 1 15 13 22 -30 27 24 -15 9 -29 18 17 26 13 -14 
-11 6 22 9 -13 17 5 2 -5 -15 6 30 22 26 13 -15 26 5 18 -19 
-23 23 20 16 -17 20 -28 17 9 16 7 16 -17 29 -6 19 -2 13 2 30 
-28 26 0 22 26 20 -8 1 18 8 26 28 7 21 11 19 -8 -11 3 17 
15 8 17 16 20 5 -13 3 2 7 8 29 -1 15 9 -28 9 19 5 13 
-7 5 3 21 27 24 7 28 22 18 2 8 6 15 -2 28 10 -15 12 15 
-4 -28 13 25 19 13 3 17 -21 26 11 25 22 -2 26 25 23 -28 -9 7 
14 1 26 18 9 -16 21 6 7 13 20 23 10 16 0 8 9 21 5 16 
5 10 -27 3 29 29 20 18 6 -26 30 1 21 25 -23 5 4 19 23 -29 
-29 23 19 4 5 -23 25 21 1 30 -26 6 18 20 29 29 3 -27 10 5 
16 5 21 9 8 0 16 10 23 20 13 7 6 21 -16 9 18 26 1 14 
7 -9 -28 23 25 26 -2 22 25 11 26 -21 17 3 13 19 25 13 -28 -4 
15 12 -15 10 28 -2 15 6 8 2 18 22 28 7 24 27 21 3 5 -7 
13 5 19 9 -28 9 15 -1 29 8 7 2 3 -13 5 20 16 17 8 15 
17 3 -11 -8 19 11 21 7 28 26 8 18 1 -8 20 26 22 0 26 -28 
30 2 13 -2 19 -6 29 -17 16 7 16 9 17 -28 20 -17 16 20 23 -23 
-19 18 5 26 -15 13 26 22 30 6 -15 -5 2 5 17 -13 9 22 6 -11 
-14 13 26 17 18 -29 9 -15 24 27 -30 22 13 15 1 13 12 29 28 26 
17 15 11 1 15 5 -9 24 30 -7 20 22 4 -21 -30 -5 24 13 23 -24 
30
1
5 0
14 19
0
0
