20 20
0 7 2 13 4 25 14 -1 4 17 -27 8 21 11 12 15 12 20 -8 20 
23 14 -13 -2 25 -12 20 8 -5 2 -24 -4 24 2 7 24 -21 1 17 -15 
24 -16 2 -16 17 6 -19 9 16 19 15 -24 -13 18 19 10 2 1 19 -7 
8 17 18 -3 19 0 -10 2 23 17 14 10 23 21 5 12 -8 15 14 -12 
23 2 0 22 -23 20 20 27 -8 21 0 27 5 21 -3 12 -12 2 19 2 
6 7 -6 24 21 20 17 -17 7 17 22 -8 4 8 23 11 25 23 -17 -16 
10 4 17 16 8 22 21 -16 16 1 12 21 16 15 24 1 3 14 24 26 
-17 19 1 19 14 -22 24 14 -19 -8 16 21 3 12 6 -13 8 21 24 27 
-7 6 24 -1 16 -25 -16 21 -13 21 25 18 12 12 17 -23 22 -27 11 27 
20 -5 18 10 9 5 21 20 17 3 -25 -25 0 18 6 -5 18 22 27 24 
24 27 22 18 -5 6 18 0 -25 -25 3 17 20 21 5 9 10 18 -5 20 
27 11 -27 22 -23 17 12 12 18 25 21 -13 21 -16 -25 16 -1 24 6 -7 
27 24 21 8 -13 6 12 3 21 16 -8 -19 14 24 -22 14 19 1 19 -17 
26 24 14 3 1 24 15 16 21 12 1 16 -16 21 22 8 16 17 4 10 
-16 -17 23 25 11 23 8 4 -8 22 17 7 -17 17 20 21 24 -6 7 6 
2 19 2 -12 12 -3 21 5 27 0 21 -8 27 20 20 -23 22 0 2 23 
-12 14 15 -8 12 5 21 23 10 14 17 23 2 -10 0 19 -3 18 17 8 
-7 19 1 2 10 19 18 -13 -24 15 19 16 9 -19 6 17 -16 2 -16 24 
-15 17 1 -21 24 7 2 24 -4 -24 2 -5 8 20 -12 25 -2 -13 14 23 
20 -8 20 12 15 12 11 21 8 -27 17 4 -1 14 25 4 13 2 7 0 
30
1
1 16
18 3
0
0
