20 20
5 7 -7 -15 -3 13 14 7 9 11 7 2 13 1 1 13 9 7 5 6 
15 2 3 12 9 9 4 5 12 4 1 -2 14 7 4 -4 13 8 3 -11 
2 9 -7 2 10 8 4 -5 15 4 13 5 0 -12 13 10 14 6 -11 8 
-11 1 10 -11 11 15 12 1 -12 7 -2 13 14 7 1 2 8 9 14 1 
-14 -5 4 -15 11 9 12 0 -1 -15 15 11 10 -15 -8 2 5 -4 9 13 
9 -5 0 13 12 3 9 0 14 2 6 9 10 -2 5 -6 2 0 13 -13 
0 -9 9 -2 10 5 -3 10 -2 3 1 0 -8 6 8 7 5 11 14 10 
12 5 3 2 15 10 1 6 1 6 2 8 6 1 -14 7 9 8 -2 5 
-8 9 8 2 3 -14 13 7 3 11 5 2 9 13 14 -11 2 13 11 -14 
5 12 11 12 11 9 -7 1 -10 9 -4 15 15 10 -2 5 10 3 -12 11 
11 -12 3 10 5 -2 10 15 15 -4 9 -10 1 -7 9 11 12 11 12 5 
-14 11 13 2 -11 14 13 9 2 5 11 3 7 13 -14 3 2 8 9 -8 
5 -2 8 9 7 -14 1 6 8 2 6 1 6 1 10 15 2 3 5 12 
10 14 11 5 7 8 6 -8 0 1 3 -2 10 -3 5 10 -2 9 -9 0 
-13 13 0 2 -6 5 -2 10 9 6 2 14 0 9 3 12 13 0 -5 9 
13 9 -4 5 2 -8 -15 10 11 15 -15 -1 0 12 9 11 -15 4 -5 -14 
1 14 9 8 2 1 7 14 13 -2 7 -12 1 12 15 11 -11 10 1 -11 
8 -11 6 14 10 13 -12 0 5 13 4 15 -5 4 8 10 2 -7 9 2 
-11 3 8 13 -4 4 7 14 -2 1 4 12 5 4 9 9 12 3 2 15 
6 5 7 9 13 1 1 13 2 7 11 9 7 14 13 -3 -15 -7 7 5 
30
1
13 1
6 18
0
0
