20 20
-15 -10 9 -4 -3 6 6 -6 5 -15 6 11 -14 1 2 -2 -7 -10 6 2 
12 7 7 -14 2 5 12 1 -9 2 1 15 7 4 -3 -5 15 13 8 8 
7 6 6 -6 -12 3 10 -8 15 -11 3 13 2 10 4 -15 12 14 4 2 
-11 12 5 -12 1 12 -5 13 7 -14 14 9 4 11 7 -11 -12 9 9 6 
0 12 4 13 -1 4 6 2 0 5 -1 13 9 6 10 5 13 14 8 -3 
-9 9 9 -11 -7 11 7 3 15 9 -7 1 10 5 12 14 4 -5 6 5 
2 -7 7 7 0 2 0 2 4 11 -2 1 3 10 15 -15 1 9 10 5 
6 8 12 11 -6 0 5 4 9 -15 2 11 -14 -15 2 5 15 0 -6 9 
5 0 -14 4 14 -15 15 14 3 3 8 14 15 -5 -3 -4 7 3 2 5 
15 4 2 3 1 6 5 -5 15 7 -12 9 11 -1 10 -4 9 15 15 5 
5 15 15 9 -4 10 -1 11 9 -12 7 15 -5 5 6 1 3 2 4 15 
5 2 3 7 -4 -3 -5 15 14 8 3 3 14 15 -15 14 4 -14 0 5 
9 -6 0 15 5 2 -15 -14 11 2 -15 9 4 5 0 -6 11 12 8 6 
5 10 9 1 -15 15 10 3 1 -2 11 4 2 0 2 0 7 7 -7 2 
5 6 -5 4 14 12 5 10 1 -7 9 15 3 7 11 -7 -11 9 9 -9 
-3 8 14 13 5 10 6 9 13 -1 5 0 2 6 4 -1 13 4 12 0 
6 9 9 -12 -11 7 11 4 9 14 -14 7 13 -5 12 1 -12 5 12 -11 
2 4 14 12 -15 4 10 2 13 3 -11 15 -8 10 3 -12 -6 6 6 7 
8 8 13 15 -5 -3 4 7 15 1 2 -9 1 12 5 2 -14 7 7 12 
2 6 -10 -7 -2 2 1 -14 11 6 -15 5 -6 6 6 -3 -4 9 -10 -15 
30
1
17 12
2 7
0
0
