20 20
6 15 5 17 4 15 20 19 -18 -4 8 1 -10 16 12 -2 18 -16 -5 -14 
10 1 13 7 5 11 20 15 19 10 6 -18 9 -17 5 -3 -7 17 5 8 
-6 -16 8 19 9 -11 2 14 2 13 15 17 18 4 12 -10 3 2 20 20 
9 20 12 7 6 -5 8 -6 16 18 15 4 16 -16 -4 9 13 -12 14 7 
17 7 5 5 3 3 -19 17 2 15 7 17 -9 -8 13 16 -11 13 18 10 
2 18 5 7 -2 18 18 3 13 6 -2 10 14 -7 5 1 2 6 14 -20 
13 14 11 12 -5 14 9 18 11 2 3 18 -12 2 13 -12 1 -6 12 0 
5 6 2 3 9 3 2 0 12 2 16 3 -18 6 4 13 7 15 9 9 
17 10 15 8 -20 14 19 -3 9 20 -13 0 15 2 13 9 11 -9 2 17 
8 18 17 13 13 1 13 -2 16 2 17 -12 3 -4 4 -18 -20 14 5 -7 
-7 5 14 -20 -18 4 -4 3 -12 17 2 16 -2 13 1 13 13 17 18 8 
17 2 -9 11 9 13 2 15 0 -13 20 9 -3 19 14 -20 8 15 10 17 
9 9 15 7 13 4 6 -18 3 16 2 12 0 2 3 9 3 2 6 5 
0 12 -6 1 -12 13 2 -12 18 3 2 11 18 9 14 -5 12 11 14 13 
-20 14 6 2 1 5 -7 14 10 -2 6 13 3 18 18 -2 7 5 18 2 
10 18 13 -11 16 13 -8 -9 17 7 15 2 17 -19 3 3 5 5 7 17 
7 14 -12 13 9 -4 -16 16 4 15 18 16 -6 8 -5 6 7 12 20 9 
20 20 2 3 -10 12 4 18 17 15 13 2 14 2 -11 9 19 8 -16 -6 
8 5 17 -7 -3 5 -17 9 -18 6 10 19 15 20 11 5 7 13 1 10 
-14 -5 -16 18 -2 12 16 -10 1 8 -4 -18 19 20 15 4 17 5 15 6 
30
1
2 7
17 12
0
0
