20 20
1 -3 21 16 -17 -9 -18 -19 14 18 13 7 18 3 1 6 17 7 -9 16 
17 12 22 12 7 21 18 18 -5 17 17 21 -21 17 -18 -18 17 22 -17 -20 
16 2 8 2 18 0 -18 -3 -9 21 5 -14 4 -6 3 17 2 21 -5 3 
12 11 2 8 17 6 -2 16 15 -17 4 9 9 19 -9 -6 -5 6 20 4 
17 -9 16 -12 1 -7 -10 22 17 -18 19 17 17 -16 2 6 6 16 12 20 
3 4 -2 0 2 11 4 9 7 6 -11 12 3 -13 18 4 9 -12 -4 13 
5 6 12 19 6 10 18 18 16 7 12 18 21 8 22 -8 -20 -17 22 16 
-13 -16 -16 19 13 9 12 -11 10 22 22 10 9 -5 0 19 -7 17 6 -1 
16 17 21 -19 -14 13 14 1 3 14 8 9 18 1 7 19 17 -7 -1 11 
21 11 -6 15 -16 18 -14 6 19 3 14 -11 17 5 8 5 9 3 -20 0 
0 -20 3 9 5 8 5 17 -11 14 3 19 6 -14 18 -16 15 -6 11 21 
11 -1 -7 17 19 7 1 18 9 8 14 3 1 14 13 -14 -19 21 17 16 
-1 6 17 -7 19 0 -5 9 10 22 22 10 -11 12 9 13 19 -16 -16 -13 
16 22 -17 -20 -8 22 8 21 18 12 7 16 18 18 10 6 19 12 6 5 
13 -4 -12 9 4 18 -13 3 12 -11 6 7 9 4 11 2 0 -2 4 3 
20 12 16 6 6 2 -16 17 17 19 -18 17 22 -10 -7 1 -12 16 -9 17 
4 20 6 -5 -6 -9 19 9 9 4 -17 15 16 -2 6 17 8 2 11 12 
3 -5 21 2 17 3 -6 4 -14 5 21 -9 -3 -18 0 18 2 8 2 16 
-20 -17 22 17 -18 -18 17 -21 21 17 17 -5 18 18 21 7 12 22 12 17 
16 -9 7 17 6 1 3 18 7 13 18 14 -19 -18 -9 -17 16 21 -3 1 
30
1
1 15
18 4
0
0
