20 20
11 10 18 7 12 10 18 1 11 16 4 12 -12 8 14 6 4 6 -11 14 
0 19 16 10 8 -9 4 13 13 11 9 2 19 -8 -5 14 9 8 12 1 
2 1 -19 6 11 -1 1 4 5 1 18 17 2 -11 19 14 3 14 3 15 
14 -6 18 15 9 9 11 -15 -10 12 11 18 15 12 -13 5 9 8 -16 14 
6 6 15 1 17 -8 3 0 18 5 15 5 11 -15 -11 17 11 7 10 18 
-7 18 -8 8 12 -10 13 15 19 17 -1 -1 3 10 6 3 -8 3 11 3 
13 1 18 7 -17 -3 9 6 -3 12 6 -6 9 12 -2 -6 -4 2 0 3 
11 19 17 12 2 9 2 -15 15 -3 -2 6 17 19 7 -18 8 10 -8 10 
17 4 4 -13 8 13 4 4 12 2 -6 5 0 18 -10 4 -6 10 -7 1 
7 6 3 17 -3 2 10 16 1 2 11 16 -7 -2 17 14 -18 8 16 3 
3 16 8 -18 14 17 -2 -7 16 11 2 1 16 10 2 -3 17 3 6 7 
1 -7 10 -6 4 -10 18 0 5 -6 2 12 4 4 13 8 -13 4 4 17 
10 -8 10 8 -18 7 19 17 6 -2 -3 15 -15 2 9 2 12 17 19 11 
3 0 2 -4 -6 -2 12 9 -6 6 12 -3 6 9 -3 -17 7 18 1 13 
3 11 3 -8 3 6 10 3 -1 -1 17 19 15 13 -10 12 8 -8 18 -7 
18 10 7 11 17 -11 -15 11 5 15 5 18 0 3 -8 17 1 15 6 6 
14 -16 8 9 5 -13 12 15 18 11 12 -10 -15 11 9 9 15 18 -6 14 
15 3 14 3 14 19 -11 2 17 18 1 5 4 1 -1 11 6 -19 1 2 
1 12 8 9 14 -5 -8 19 2 9 11 13 13 4 -9 8 10 16 19 0 
14 -11 6 4 6 14 8 -12 12 4 16 11 1 18 10 12 7 18 10 11 
30
1
18 9
1 10
0
0
