20 20
7 7 18 -18 -13 15 7 -19 24 15 8 -20 7 13 9 9 8 17 2 13 
-23 -16 8 14 -19 3 20 22 -8 7 16 23 22 19 -2 14 -17 24 6 4 
2 -24 15 17 11 -24 14 0 23 15 12 0 19 13 -2 -11 19 11 -20 -22 
-21 16 4 23 23 1 0 1 21 15 4 3 -11 -5 -17 23 6 10 -13 21 
-14 -24 18 -13 16 24 14 22 21 8 5 16 10 16 15 11 21 9 16 14 
17 16 22 -12 3 6 1 24 17 10 19 23 9 -21 0 23 -8 10 14 -11 
20 14 0 17 -13 6 12 7 11 15 17 19 12 17 22 3 -15 -24 7 12 
22 14 -15 -8 22 11 0 5 19 -17 -13 12 23 21 21 2 -8 0 17 -2 
-8 0 22 -14 -4 5 3 16 12 10 -5 -4 -16 0 8 3 10 -22 -21 19 
-7 21 21 -18 12 2 20 14 4 -4 24 18 22 -13 10 12 8 -23 -12 -8 
-8 -12 -23 8 12 10 -13 22 18 24 -4 4 14 20 2 12 -18 21 21 -7 
19 -21 -22 10 3 8 0 -16 -4 -5 10 12 16 3 5 -4 -14 22 0 -8 
-2 17 0 -8 2 21 21 23 12 -13 -17 19 5 0 11 22 -8 -15 14 22 
12 7 -24 -15 3 22 17 12 19 17 15 11 7 12 6 -13 17 0 14 20 
-11 14 10 -8 23 0 -21 9 23 19 10 17 24 1 6 3 -12 22 16 17 
14 16 9 21 11 15 16 10 16 5 8 21 22 14 24 16 -13 18 -24 -14 
21 -13 10 6 23 -17 -5 -11 3 4 15 21 1 0 1 23 23 4 16 -21 
-22 -20 11 19 -11 -2 13 19 0 12 15 23 0 14 -24 11 17 15 -24 2 
4 6 24 -17 14 -2 19 22 23 16 7 -8 22 20 3 -19 14 8 -16 -23 
13 2 17 8 9 9 13 7 -20 8 15 24 -19 7 15 -13 -18 18 7 7 
30
1
11 10
8 9
0
0
