20 20
10 16 9 26 11 -22 5 9 18 28 27 7 16 26 -18 -27 11 27 21 27 
4 -9 6 27 21 10 21 29 3 13 -24 14 27 2 28 20 21 20 -11 3 
29 6 -10 11 -26 -4 27 24 30 -12 15 24 -24 -7 0 -5 24 3 26 14 
-9 13 12 11 14 8 -4 24 4 17 21 3 5 24 10 8 19 -1 3 18 
24 1 30 4 -17 16 25 21 2 -2 12 -23 -24 10 -11 28 -25 26 19 2 
30 1 17 -15 -9 3 22 -26 7 25 27 6 12 1 4 17 3 3 21 4 
-16 9 13 -4 2 25 7 6 17 20 28 15 2 29 14 2 8 23 7 -26 
-28 -2 11 22 23 7 24 20 13 27 2 6 -7 23 7 17 2 4 5 9 
-4 18 -30 2 12 1 17 30 30 14 -5 -6 -24 -4 -14 -3 29 -24 25 0 
3 12 -25 20 -13 30 4 19 23 14 -26 -15 8 13 -27 -27 8 28 22 5 
5 22 28 8 -27 -27 13 8 -15 -26 14 23 19 4 30 -13 20 -25 12 3 
0 25 -24 29 -3 -14 -4 -24 -6 -5 14 30 30 17 1 12 2 -30 18 -4 
9 5 4 2 17 7 23 -7 6 2 27 13 20 24 7 23 22 11 -2 -28 
-26 7 23 8 2 14 29 2 15 28 20 17 6 7 25 2 -4 13 9 -16 
4 21 3 3 17 4 1 12 6 27 25 7 -26 22 3 -9 -15 17 1 30 
2 19 26 -25 28 -11 10 -24 -23 12 -2 2 21 25 16 -17 4 30 1 24 
18 3 -1 19 8 10 24 5 3 21 17 4 24 -4 8 14 11 12 13 -9 
14 26 3 24 -5 0 -7 -24 24 15 -12 30 24 27 -4 -26 11 -10 6 29 
3 -11 20 21 20 28 2 27 14 -24 13 3 29 21 10 21 27 6 -9 4 
27 21 27 11 -27 -18 26 16 7 27 28 18 9 5 -22 11 26 9 16 10 
30
1
8 18
11 1
0
0
