20 20
2 17 6 -9 -25 0 2 5 5 20 9 9 0 6 0 1 12 2 9 23 
-6 24 18 17 24 19 26 7 0 7 23 4 0 24 23 15 11 -20 -2 -4 
26 16 17 -7 6 10 8 -17 18 19 9 8 22 12 12 10 -5 13 -25 19 
18 11 15 -9 -23 8 -14 -25 15 20 4 -13 -7 -17 17 26 -13 -25 -24 8 
24 19 17 11 10 7 2 8 8 7 -12 3 19 5 8 -3 -6 26 9 0 
-10 2 -4 10 11 0 15 17 7 -6 16 7 13 24 -22 16 24 10 -1 10 
-18 -20 24 -1 -19 18 8 11 2 17 -18 -19 11 21 1 25 18 13 11 17 
26 12 15 20 4 15 2 15 -14 23 14 -11 0 10 26 12 -4 22 14 2 
25 8 9 12 14 -3 19 4 15 21 -25 13 6 -3 12 23 3 20 10 -22 
17 -4 22 -15 10 -21 -12 20 -24 11 14 11 -11 6 -26 21 4 -10 9 17 
17 9 -10 4 21 -26 6 -11 11 14 11 -24 20 -12 -21 10 -15 22 -4 17 
-22 10 20 3 23 12 -3 6 13 -25 21 15 4 19 -3 14 12 9 8 25 
2 14 22 -4 12 26 10 0 -11 14 23 -14 15 2 15 4 20 15 12 26 
17 11 13 18 25 1 21 11 -19 -18 17 2 11 8 18 -19 -1 24 -20 -18 
10 -1 10 24 16 -22 24 13 7 16 -6 7 17 15 0 11 10 -4 2 -10 
0 9 26 -6 -3 8 5 19 3 -12 7 8 8 2 7 10 11 17 19 24 
8 -24 -25 -13 26 17 -17 -7 -13 4 20 15 -25 -14 8 -23 -9 15 11 18 
19 -25 13 -5 10 12 12 22 8 9 19 18 -17 8 10 6 -7 17 16 26 
-4 -2 -20 11 15 23 24 0 4 23 7 0 7 26 19 24 17 18 24 -6 
23 9 2 12 1 0 6 0 9 9 20 5 5 2 0 -25 -9 6 17 2 
30
1
12 2
7 17
0
0
