20 20
4 2 15 18 5 13 13 10 4 -4 2 19 0 0 0 -12 9 -14 -7 19 
14 21 3 -15 9 4 0 -2 14 17 13 1 8 13 17 -9 13 21 -9 0 
-18 12 5 11 6 11 20 4 14 3 -8 5 21 20 -17 21 5 7 0 20 
-21 4 6 -17 20 12 19 -2 16 -2 2 -18 1 -18 -5 5 11 14 -2 12 
18 3 12 14 20 2 16 -11 9 13 -6 20 11 -3 21 8 15 -16 -14 18 
-12 -16 -11 4 11 16 0 3 10 -14 4 -2 -15 18 21 21 5 15 -2 9 
2 8 -18 9 -16 6 20 3 2 -6 12 -18 12 19 4 13 7 16 -4 20 
9 1 11 -4 7 -3 -3 7 9 -20 9 17 20 0 19 20 9 11 4 -5 
4 1 -5 9 7 15 -4 -3 5 10 20 20 21 1 20 14 8 1 11 10 
-15 19 15 -10 11 20 15 19 11 16 17 19 17 16 14 14 5 1 0 15 
15 0 1 5 14 14 16 17 19 17 16 11 19 15 20 11 -10 15 19 -15 
10 11 1 8 14 20 1 21 20 20 10 5 -3 -4 15 7 9 -5 1 4 
-5 4 11 9 20 19 0 20 17 9 -20 9 7 -3 -3 7 -4 11 1 9 
20 -4 16 7 13 4 19 12 -18 12 -6 2 3 20 6 -16 9 -18 8 2 
9 -2 15 5 21 21 18 -15 -2 4 -14 10 3 0 16 11 4 -11 -16 -12 
18 -14 -16 15 8 21 -3 11 20 -6 13 9 -11 16 2 20 14 12 3 18 
12 -2 14 11 5 -5 -18 1 -18 2 -2 16 -2 19 12 20 -17 6 4 -21 
20 0 7 5 21 -17 20 21 5 -8 3 14 4 20 11 6 11 5 12 -18 
0 -9 21 13 -9 17 13 8 1 13 17 14 -2 0 4 9 -15 3 21 14 
19 -7 -14 9 -12 0 0 0 19 2 -4 4 10 13 13 5 18 15 2 4 
30
1
18 3
1 16
0
0
