20 20
16 18 4 11 -9 -14 13 -4 -20 10 12 12 3 3 6 11 17 11 -6 4 
18 20 1 0 17 14 7 16 0 -8 -2 17 19 -1 0 4 -7 -6 6 6 
-11 -1 4 3 -9 -10 7 -6 -1 15 2 -2 9 -14 -6 19 -11 9 5 -10 
9 1 12 11 10 3 3 15 -9 9 16 15 2 20 11 3 0 10 -8 4 
-7 -5 2 16 11 0 -20 17 19 16 4 11 -9 4 5 4 18 -4 1 17 
20 19 7 9 10 18 15 16 14 6 12 14 3 0 12 -20 6 -11 19 -9 
3 13 -19 -19 -3 -7 5 -10 11 9 -16 8 18 -15 3 17 -14 -17 1 17 
-14 -2 12 -15 7 11 4 -20 4 2 -15 3 9 13 -16 2 10 19 17 19 
12 2 -17 20 17 4 17 3 20 9 10 7 3 -6 2 12 -10 0 4 19 
-5 16 19 10 13 3 -2 7 15 2 6 11 -7 14 8 2 -13 -19 11 14 
14 11 -19 -13 2 8 14 -7 11 6 2 15 7 -2 3 13 10 19 16 -5 
19 4 0 -10 12 2 -6 3 7 10 9 20 3 17 4 17 20 -17 2 12 
19 17 19 10 2 -16 13 9 3 -15 2 4 -20 4 11 7 -15 12 -2 -14 
17 1 -17 -14 17 3 -15 18 8 -16 9 11 -10 5 -7 -3 -19 -19 13 3 
-9 19 -11 6 -20 12 0 3 14 12 6 14 16 15 18 10 9 7 19 20 
17 1 -4 18 4 5 4 -9 11 4 16 19 17 -20 0 11 16 2 -5 -7 
4 -8 10 0 3 11 20 2 15 16 9 -9 15 3 3 10 11 12 1 9 
-10 5 9 -11 19 -6 -14 9 -2 2 15 -1 -6 7 -10 -9 3 4 -1 -11 
6 6 -6 -7 4 0 -1 19 17 -2 -8 0 16 7 14 17 0 1 20 18 
4 -6 11 17 11 6 3 3 12 12 10 -20 -4 13 -14 -9 11 4 18 16 
30
1
5 18
14 1
0
0
