20 20
2 -3 5 7 7 -16 -21 23 22 15 20 20 9 -1 4 19 6 12 7 -20 
3 -13 -19 -18 -18 12 6 12 1 3 4 -12 26 10 21 22 14 8 -19 12 
9 23 14 4 -3 4 17 -16 21 -12 9 4 -8 -6 19 4 11 1 26 -15 
4 7 -14 -8 -1 10 10 21 18 -24 21 9 5 25 14 5 -11 14 0 10 
0 -2 9 11 7 9 11 13 16 23 8 20 -10 -18 8 24 -16 20 14 9 
19 25 8 13 27 26 1 3 18 9 -22 -23 17 -12 2 -5 7 -2 19 15 
26 1 10 1 6 -19 24 8 27 -18 5 15 10 18 24 12 11 11 14 1 
4 -11 17 13 5 11 26 22 22 -17 3 23 16 -10 -7 5 27 14 21 27 
16 23 19 -17 15 3 27 3 19 -27 -19 17 20 20 15 13 6 6 5 21 
17 20 -4 16 9 27 1 -16 3 17 13 12 15 15 -21 25 5 17 11 15 
15 11 17 5 25 -21 15 15 12 13 17 3 -16 1 27 9 16 -4 20 17 
21 5 6 6 13 15 20 20 17 -19 -27 19 3 27 3 15 -17 19 23 16 
27 21 14 27 5 -7 -10 16 23 3 -17 22 22 26 11 5 13 17 -11 4 
1 14 11 11 12 24 18 10 15 5 -18 27 8 24 -19 6 1 10 1 26 
15 19 -2 7 -5 2 -12 17 -23 -22 9 18 3 1 26 27 13 8 25 19 
9 14 20 -16 24 8 -18 -10 20 8 23 16 13 11 9 7 11 9 -2 0 
10 0 14 -11 5 14 25 5 9 21 -24 18 21 10 10 -1 -8 -14 7 4 
-15 26 1 11 4 19 -6 -8 4 9 -12 21 -16 17 4 -3 4 14 23 9 
12 -19 8 14 22 21 10 26 -12 4 3 1 12 6 12 -18 -18 -19 -13 3 
-20 7 12 6 19 4 -1 9 20 20 15 22 23 -21 -16 7 7 5 -3 2 
30
1
4 15
15 4
0
0
