20 20
10 11 -22 1 7 21 8 10 10 7 23 8 -23 2 1 15 15 6 10 23 
-9 17 4 16 20 16 4 -4 3 9 6 0 -3 -16 -21 -21 22 14 9 -23 
9 -6 6 21 -2 -2 -5 7 2 15 -23 -21 16 16 5 17 1 -9 21 7 
0 4 -12 -6 -21 23 1 16 16 16 6 0 0 7 -23 15 -22 22 10 5 
13 7 8 10 0 6 -13 13 18 2 -2 11 21 9 5 0 17 -2 0 2 
-17 6 22 7 19 17 21 3 13 1 15 16 7 5 9 14 13 18 1 19 
6 14 4 2 11 12 4 11 1 11 -14 10 -21 13 13 -21 22 22 12 7 
13 -4 18 2 18 -20 18 -13 11 6 -4 4 -14 1 3 8 10 -5 8 4 
21 9 18 19 10 7 6 16 2 -18 14 18 -13 13 -2 22 -18 -22 7 4 
3 21 2 9 1 5 20 2 7 10 -11 4 -7 19 7 -5 17 6 2 16 
16 2 6 17 -5 7 19 -7 4 -11 10 7 2 20 5 1 9 2 21 3 
4 7 -22 -18 22 -2 13 -13 18 14 -18 2 16 6 7 10 19 18 9 21 
4 8 -5 10 8 3 1 -14 4 -4 6 11 -13 18 -20 18 2 18 -4 13 
7 12 22 22 -21 13 13 -21 10 -14 11 1 11 4 12 11 2 4 14 6 
19 1 18 13 14 9 5 7 16 15 1 13 3 21 17 19 7 22 6 -17 
2 0 -2 17 0 5 9 21 11 -2 2 18 13 -13 6 0 10 8 7 13 
5 10 22 -22 15 -23 7 0 0 6 16 16 16 1 23 -21 -6 -12 4 0 
7 21 -9 1 17 5 16 16 -21 -23 15 2 7 -5 -2 -2 21 6 -6 9 
-23 9 14 22 -21 -21 -16 -3 0 6 9 3 -4 4 16 20 16 4 17 -9 
23 10 6 15 15 1 2 -23 8 23 7 10 10 8 21 7 1 -22 11 10 
30
1
6 9
13 10
0
0
