20 20
0 4 12 14 -4 9 2 6 10 12 -14 -8 4 2 4 0 13 -11 9 1 
4 4 0 13 -12 7 0 13 2 1 7 6 10 7 4 -12 1 0 8 -4 
12 10 1 4 4 1 -4 -4 9 2 1 13 10 8 7 8 -2 0 6 14 
-2 5 6 11 0 8 13 10 4 3 11 -2 2 3 8 -1 11 12 9 -1 
2 5 7 11 1 9 13 1 2 0 1 -8 7 -3 3 6 14 -13 10 2 
4 -5 11 9 12 1 0 7 10 5 4 -4 11 7 6 -11 11 10 -9 8 
2 8 10 10 5 1 7 0 14 14 4 9 9 6 3 6 0 8 11 -5 
2 13 10 8 8 12 2 2 9 9 13 14 6 8 -6 -7 14 6 5 8 
-10 3 -13 1 8 -12 -8 1 4 -1 1 9 3 11 4 9 -3 5 7 14 
3 8 8 11 7 1 -3 13 8 10 12 -2 -3 -14 10 -13 2 13 -8 5 
5 -8 13 2 -13 10 -14 -3 -2 12 10 8 13 -3 1 7 11 8 8 3 
14 7 5 -3 9 4 11 3 9 1 -1 4 1 -8 -12 8 1 -13 3 -10 
8 5 6 14 -7 -6 8 6 14 13 9 9 2 2 12 8 8 10 13 2 
-5 11 8 0 6 3 6 9 9 4 14 14 0 7 1 5 10 10 8 2 
8 -9 10 11 -11 6 7 11 -4 4 5 10 7 0 1 12 9 11 -5 4 
2 10 -13 14 6 3 -3 7 -8 1 0 2 1 13 9 1 11 7 5 2 
-1 9 12 11 -1 8 3 2 -2 11 3 4 10 13 8 0 11 6 5 -2 
14 6 0 -2 8 7 8 10 13 1 2 9 -4 -4 1 4 4 1 10 12 
-4 8 0 1 -12 4 7 10 6 7 1 2 13 0 7 -12 13 0 4 4 
1 9 -11 13 0 4 2 4 -8 -14 12 10 6 2 9 -4 14 12 4 0 
30
1
1 5
18 14
0
0
