20 20
24 11 6 24 6 -22 12 26 26 13 11 7 -3 12 24 11 7 19 13 3 
26 10 10 -19 -26 5 1 26 -24 1 14 3 1 5 4 16 27 -11 14 18 
5 1 19 17 -18 24 -7 20 13 16 4 -16 7 5 -25 11 0 16 19 7 
17 12 1 -14 -22 -11 18 27 19 -9 21 24 11 -4 20 17 18 25 8 14 
26 23 21 -22 6 11 14 24 23 5 -15 19 14 16 7 27 -2 17 -13 -4 
8 16 -25 -26 16 2 9 8 -8 9 11 3 1 23 16 12 -5 15 18 -14 
22 -26 19 -3 27 5 6 -9 -5 -11 8 -9 4 -27 12 11 23 -10 -25 27 
22 20 12 24 9 -21 1 3 19 22 19 16 7 26 18 8 11 -25 14 -5 
21 27 4 11 -16 5 15 13 23 8 13 25 13 -16 17 -13 0 -11 -12 17 
8 -24 -6 6 26 1 23 17 -3 5 27 -7 0 -18 -26 -22 26 11 -8 6 
6 -8 11 26 -22 -26 -18 0 -7 27 5 -3 17 23 1 26 6 -6 -24 8 
17 -12 -11 0 -13 17 -16 13 25 13 8 23 13 15 5 -16 11 4 27 21 
-5 14 -25 11 8 18 26 7 16 19 22 19 3 1 -21 9 24 12 20 22 
27 -25 -10 23 11 12 -27 4 -9 8 -11 -5 -9 6 5 27 -3 19 -26 22 
-14 18 15 -5 12 16 23 1 3 11 9 -8 8 9 2 16 -26 -25 16 8 
-4 -13 17 -2 27 7 16 14 19 -15 5 23 24 14 11 6 -22 21 23 26 
14 8 25 18 17 20 -4 11 24 21 -9 19 27 18 -11 -22 -14 1 12 17 
7 19 16 0 11 -25 5 7 -16 4 16 13 20 -7 24 -18 17 19 1 5 
18 14 -11 27 16 4 5 1 3 14 1 -24 26 1 5 -26 -19 10 10 26 
3 13 19 7 11 24 12 -3 7 11 13 26 26 12 -22 6 24 6 11 24 
30
1
15 16
4 3
0
0
