20 20
12 17 15 18 -8 4 19 2 -14 13 -9 -9 -3 15 12 -4 18 13 9 15 
16 -7 10 -8 13 11 7 1 -8 -4 6 6 -3 -15 13 12 -9 4 6 15 
12 7 16 3 -2 -8 19 7 4 0 -14 12 11 9 5 12 -14 5 -5 1 
7 -7 -1 13 14 19 13 0 17 -14 -4 3 1 10 -8 8 5 -19 6 11 
0 19 14 15 -19 15 8 -11 3 -5 14 2 7 4 16 -7 16 -1 6 19 
3 -5 13 -16 0 4 -1 13 -10 15 1 10 -2 17 18 8 18 13 -11 4 
-4 2 -11 11 13 13 3 0 13 15 7 0 -3 7 2 16 11 14 6 9 
9 3 11 10 -16 14 16 9 4 11 3 -6 18 19 -10 14 2 -7 13 10 
-12 19 2 -11 2 14 11 18 -9 17 6 4 9 -4 11 0 15 -10 7 7 
5 10 6 19 13 0 8 14 0 11 12 10 8 14 12 -7 -18 11 12 -13 
-13 12 11 -18 -7 12 14 8 10 12 11 0 14 8 0 13 19 6 10 5 
7 7 -10 15 0 11 -4 9 4 6 17 -9 18 11 14 2 -11 2 19 -12 
10 13 -7 2 14 -10 19 18 -6 3 11 4 9 16 14 -16 10 11 3 9 
9 6 14 11 16 2 7 -3 0 7 15 13 0 3 13 13 11 -11 2 -4 
4 -11 13 18 8 18 17 -2 10 1 15 -10 13 -1 4 0 -16 13 -5 3 
19 6 -1 16 -7 16 4 7 2 14 -5 3 -11 8 15 -19 15 14 19 0 
11 6 -19 5 8 -8 10 1 3 -4 -14 17 0 13 19 14 13 -1 -7 7 
1 -5 5 -14 12 5 9 11 12 -14 0 4 7 19 -8 -2 3 16 7 12 
15 6 4 -9 12 13 -15 -3 6 6 -4 -8 1 7 11 13 -8 10 -7 16 
15 9 13 18 -4 12 15 -3 -9 -9 13 -14 2 19 4 -8 18 15 17 12 
30
1
6 15
13 4
0
0
