20 20
1 6 1 4 17 -1 14 7 -17 -15 12 8 8 -4 11 -13 9 9 17 17 
-16 11 3 -4 3 10 18 8 9 0 8 6 0 10 -3 7 19 -16 20 13 
16 10 12 4 -6 4 5 8 -3 1 20 -7 4 11 12 13 15 18 6 18 
20 -17 17 -14 3 -3 1 18 -6 5 6 14 0 20 -7 -8 -6 -4 10 -11 
-5 6 9 19 5 4 13 6 -8 8 -5 -9 4 -8 19 16 17 2 -8 -20 
7 6 8 -17 10 20 17 15 11 -4 11 -1 20 19 20 14 19 -7 1 5 
8 7 11 -5 5 4 -5 15 5 -4 14 20 12 17 -4 10 -20 -12 6 -19 
4 12 2 7 20 8 13 3 19 -9 4 -6 -9 -6 17 9 5 13 15 16 
9 20 8 10 -2 -3 5 -20 5 -1 -6 8 15 9 20 -1 8 16 18 -15 
-19 5 -16 14 12 13 8 15 14 5 5 13 18 6 20 13 18 18 9 20 
20 9 18 18 13 20 6 18 13 5 5 14 15 8 13 12 14 -16 5 -19 
-15 18 16 8 -1 20 9 15 8 -6 -1 5 -20 5 -3 -2 10 8 20 9 
16 15 13 5 9 17 -6 -9 -6 4 -9 19 3 13 8 20 7 2 12 4 
-19 6 -12 -20 10 -4 17 12 20 14 -4 5 15 -5 4 5 -5 11 7 8 
5 1 -7 19 14 20 19 20 -1 11 -4 11 15 17 20 10 -17 8 6 7 
-20 -8 2 17 16 19 -8 4 -9 -5 8 -8 6 13 4 5 19 9 6 -5 
-11 10 -4 -6 -8 -7 20 0 14 6 5 -6 18 1 -3 3 -14 17 -17 20 
18 6 18 15 13 12 11 4 -7 20 1 -3 8 5 4 -6 4 12 10 16 
13 20 -16 19 7 -3 10 0 6 8 0 9 8 18 10 3 -4 3 11 -16 
17 17 9 9 -13 11 -4 8 8 12 -15 -17 7 14 -1 17 4 1 6 1 
30
1
4 9
15 10
0
0
