20 20
-16 -18 24 26 -5 10 24 19 10 12 -3 -24 -8 19 3 11 15 -8 20 8 
-7 -18 -19 -22 14 -5 -24 25 24 -1 16 6 20 10 13 10 8 17 13 23 
0 -25 -20 17 -11 20 19 -1 7 1 13 18 25 -12 -1 26 -22 17 24 10 
17 -5 12 21 -21 1 11 16 -5 -22 19 5 -22 17 24 -9 -9 1 -25 20 
4 13 -11 3 1 -23 20 26 5 17 -5 -7 -1 5 15 3 2 0 -9 16 
3 13 18 17 5 13 20 17 18 10 2 -20 1 11 -19 6 9 14 26 6 
-4 24 7 5 -15 12 3 -16 6 1 0 3 13 21 -24 -8 5 15 10 18 
17 7 13 6 12 17 7 0 9 2 10 12 11 10 24 0 5 -8 22 -6 
17 22 2 10 12 10 -3 1 14 15 18 18 19 -23 25 16 12 16 22 12 
15 2 3 -17 10 11 23 7 4 18 -20 -7 1 8 12 9 11 8 10 -26 
-26 10 8 11 9 12 8 1 -7 -20 18 4 7 23 11 10 -17 3 2 15 
12 22 16 12 16 25 -23 19 18 18 15 14 1 -3 10 12 10 2 22 17 
-6 22 -8 5 0 24 10 11 12 10 2 9 0 7 17 12 6 13 7 17 
18 10 15 5 -8 -24 21 13 3 0 1 6 -16 3 12 -15 5 7 24 -4 
6 26 14 9 6 -19 11 1 -20 2 10 18 17 20 13 5 17 18 13 3 
16 -9 0 2 3 15 5 -1 -7 -5 17 5 26 20 -23 1 3 -11 13 4 
20 -25 1 -9 -9 24 17 -22 5 19 -22 -5 16 11 1 -21 21 12 -5 17 
10 24 17 -22 26 -1 -12 25 18 13 1 7 -1 19 20 -11 17 -20 -25 0 
23 13 17 8 10 13 10 20 6 16 -1 24 25 -24 -5 14 -22 -19 -18 -7 
8 20 -8 15 11 3 19 -8 -24 -3 12 10 19 24 10 -5 26 24 -18 -16 
30
1
17 11
2 8
0
0
