20 20
11 11 -11 5 1 9 -2 11 4 8 11 11 8 1 8 2 4 -3 9 5 
2 11 11 -11 8 10 6 10 2 11 11 7 10 7 6 11 10 8 10 3 
10 8 11 2 7 7 8 -8 7 4 -9 9 9 2 2 -9 8 -3 2 -3 
2 -6 9 1 4 6 9 11 9 9 1 -2 10 11 0 6 8 3 5 4 
1 5 5 11 2 11 11 3 -7 7 -2 6 8 6 7 1 -2 6 -8 7 
4 -1 -11 -6 9 11 5 2 -1 1 -3 5 -9 3 2 10 11 -5 6 2 
8 -1 8 -11 8 8 9 5 0 -11 5 10 1 10 1 -4 6 -8 8 0 
3 9 8 7 9 -5 2 6 8 3 -9 -8 8 11 4 -10 1 7 7 7 
6 -11 -6 5 0 -5 2 2 1 -3 -5 1 10 6 9 -5 -7 9 7 6 
-6 4 -9 5 11 -10 8 8 2 3 10 3 9 5 3 9 11 -11 8 9 
9 8 -11 11 9 3 5 9 3 10 3 2 8 8 -10 11 5 -9 4 -6 
6 7 9 -7 -5 9 6 10 1 -5 -3 1 2 2 -5 0 5 -6 -11 6 
7 7 7 1 -10 4 11 8 -8 -9 3 8 6 2 -5 9 7 8 9 3 
0 8 -8 6 -4 1 10 1 10 5 -11 0 5 9 8 8 -11 8 -1 8 
2 6 -5 11 10 2 3 -9 5 -3 1 -1 2 5 11 9 -6 -11 -1 4 
7 -8 6 -2 1 7 6 8 6 -2 7 -7 3 11 11 2 11 5 5 1 
4 5 3 8 6 0 11 10 -2 1 9 9 11 9 6 4 1 9 -6 2 
-3 2 -3 8 -9 2 2 9 9 -9 4 7 -8 8 7 7 2 11 8 10 
3 10 8 10 11 6 7 10 7 11 11 2 10 6 10 8 -11 11 11 2 
5 9 -3 4 2 8 1 8 11 11 8 4 11 -2 9 1 5 -11 11 11 
30
1
12 1
7 18
0
0
