20 20
7 -19 7 -10 16 15 3 10 6 13 15 20 18 18 -2 8 1 9 -3 13 
0 1 12 3 -8 7 21 17 4 9 10 -14 7 16 2 6 7 18 12 3 
12 18 5 9 15 -15 -4 -17 -7 -7 6 -10 -6 13 13 20 12 -8 14 13 
14 1 21 4 1 15 5 18 19 3 12 -21 -1 9 -10 -14 16 20 18 17 
2 -13 17 -18 4 13 15 10 -21 20 -10 4 1 21 21 17 13 17 -21 9 
3 13 18 14 20 -6 16 10 20 15 12 14 20 -5 6 21 18 6 7 5 
9 6 12 -3 13 -6 -13 -19 -2 -6 14 15 6 17 -1 17 16 0 8 20 
-9 0 1 21 -4 6 -5 13 1 -2 15 7 20 -15 14 3 21 4 10 10 
17 15 10 18 -14 21 2 11 13 1 16 5 -20 -10 -10 17 -15 10 15 1 
7 5 16 15 -1 15 2 12 -10 13 11 19 12 19 4 16 4 3 11 6 
6 11 3 4 16 4 19 12 19 11 13 -10 12 2 15 -1 15 16 5 7 
1 15 10 -15 17 -10 -10 -20 5 16 1 13 11 2 21 -14 18 10 15 17 
10 10 4 21 3 14 -15 20 7 15 -2 1 13 -5 6 -4 21 1 0 -9 
20 8 0 16 17 -1 17 6 15 14 -6 -2 -19 -13 -6 13 -3 12 6 9 
5 7 6 18 21 6 -5 20 14 12 15 20 10 16 -6 20 14 18 13 3 
9 -21 17 13 17 21 21 1 4 -10 20 -21 10 15 13 4 -18 17 -13 2 
17 18 20 16 -14 -10 9 -1 -21 12 3 19 18 5 15 1 4 21 1 14 
13 14 -8 12 20 13 13 -6 -10 6 -7 -7 -17 -4 -15 15 9 5 18 12 
3 12 18 7 6 2 16 7 -14 10 9 4 17 21 7 -8 3 12 1 0 
13 -3 9 1 8 -2 18 18 20 15 13 6 10 3 15 16 -10 7 -19 7 
30
1
17 13
2 6
0
0
