20 20
14 -19 -9 9 19 15 21 14 0 -4 -8 19 -22 14 6 1 16 1 -7 21 
17 -5 8 1 24 1 8 7 2 -17 2 24 0 -25 1 24 5 28 19 9 
6 25 24 17 26 7 -17 -6 25 8 17 28 20 -8 0 14 20 14 16 -22 
8 12 -15 7 17 -5 -21 15 2 9 3 6 25 2 26 24 12 23 11 -27 
16 21 20 6 9 22 17 4 -11 -18 22 -18 9 13 10 16 28 20 11 6 
11 11 -5 3 8 25 7 28 -1 28 17 6 12 5 17 16 18 21 22 17 
27 9 -22 25 -22 2 20 -25 -26 5 10 7 1 16 16 4 -13 -6 7 26 
16 19 9 16 8 4 3 1 8 2 -24 -18 10 -24 14 2 8 14 10 12 
12 15 14 28 13 -17 23 -8 14 22 23 9 20 18 28 12 -6 13 -12 -28 
6 23 2 14 -10 15 7 0 -19 -15 9 3 1 23 28 14 10 -9 15 15 
15 15 -9 10 14 28 23 1 3 9 -15 -19 0 7 15 -10 14 2 23 6 
-28 -12 13 -6 12 28 18 20 9 23 22 14 -8 23 -17 13 28 14 15 12 
12 10 14 8 2 14 -24 10 -18 -24 2 8 1 3 4 8 16 9 19 16 
26 7 -6 -13 4 16 16 1 7 10 5 -26 -25 20 2 -22 25 -22 9 27 
17 22 21 18 16 17 5 12 6 17 28 -1 28 7 25 8 3 -5 11 11 
6 11 20 28 16 10 13 9 -18 22 -18 -11 4 17 22 9 6 20 21 16 
-27 11 23 12 24 26 2 25 6 3 9 2 15 -21 -5 17 7 -15 12 8 
-22 16 14 20 14 0 -8 20 28 17 8 25 -6 -17 7 26 17 24 25 6 
9 19 28 5 24 1 -25 0 24 2 -17 2 7 8 1 24 1 8 -5 17 
21 -7 1 16 1 6 14 -22 19 -8 -4 0 14 21 15 19 9 -9 -19 14 
30
1
17 18
2 1
0
0
