20 20
14 -1 2 12 15 12 3 9 12 22 -13 11 20 -3 -23 -1 20 -19 7 21 
10 21 22 -12 -10 18 -3 10 -19 22 10 8 8 16 11 14 15 4 8 -3 
10 17 8 11 13 22 -13 4 3 2 1 22 22 23 6 -4 -8 18 17 3 
-15 2 20 -9 6 5 14 11 -16 18 16 -4 7 1 6 -15 16 -15 12 1 
2 19 20 21 0 23 0 20 12 19 -9 1 12 -11 4 17 1 1 12 -1 
-11 4 8 15 12 11 2 15 -13 -22 7 18 10 20 23 21 -20 18 16 17 
8 15 -3 2 11 16 -16 -18 5 7 -19 14 8 17 -16 10 11 -8 18 13 
21 19 2 2 -22 6 -17 7 17 0 3 21 -15 9 -23 6 20 2 15 -11 
21 -10 -5 18 15 9 -16 8 7 14 13 20 -16 -12 -7 13 3 12 12 12 
2 14 19 5 8 16 -23 21 10 3 -12 2 17 16 17 6 -13 18 8 6 
6 8 18 -13 6 17 16 17 2 -12 3 10 21 -23 16 8 5 19 14 2 
12 12 12 3 13 -7 -12 -16 20 13 14 7 8 -16 9 15 18 -5 -10 21 
-11 15 2 20 6 -23 9 -15 21 3 0 17 7 -17 6 -22 2 2 19 21 
13 18 -8 11 10 -16 17 8 14 -19 7 5 -18 -16 16 11 2 -3 15 8 
17 16 18 -20 21 23 20 10 18 7 -22 -13 15 2 11 12 15 8 4 -11 
-1 12 1 1 17 4 -11 12 1 -9 19 12 20 0 23 0 21 20 19 2 
1 12 -15 16 -15 6 1 7 -4 16 18 -16 11 14 5 6 -9 20 2 -15 
3 17 18 -8 -4 6 23 22 22 1 2 3 4 -13 22 13 11 8 17 10 
-3 8 4 15 14 11 16 8 8 10 22 -19 10 -3 18 -10 -12 22 21 10 
21 7 -19 20 -1 -23 -3 20 11 -13 22 12 9 3 12 15 12 2 -1 14 
30
1
7 9
12 10
0
0
