20 20
-5 6 -15 6 8 13 13 2 -4 6 7 1 2 6 6 -2 1 4 5 4 
-12 14 -7 13 3 0 2 7 -14 4 -12 12 -2 1 6 14 -11 -6 -2 14 
9 9 3 15 8 -3 -12 -3 12 5 9 6 4 -2 5 -7 0 -14 10 3 
7 8 -3 3 5 10 -8 2 14 -14 5 -8 15 -2 9 6 15 14 5 8 
2 3 3 12 6 2 7 9 12 8 2 15 1 2 6 15 10 -3 15 -2 
-6 -10 -5 2 -8 11 -1 9 6 3 2 3 2 10 10 10 1 15 15 -11 
6 -2 8 11 0 4 3 5 10 2 13 -4 13 2 9 8 14 9 1 -9 
12 -11 13 5 4 -9 -6 -7 4 -7 -1 3 8 -4 10 3 -4 -2 7 9 
-7 0 15 -1 7 -3 5 -4 12 12 5 -2 15 -4 3 9 -8 -5 12 14 
6 8 4 6 10 14 3 10 12 5 -5 7 13 -8 -7 12 8 3 12 0 
0 12 3 8 12 -7 -8 13 7 -5 5 12 10 3 14 10 6 4 8 6 
14 12 -5 -8 9 3 -4 15 -2 5 12 12 -4 5 -3 7 -1 15 0 -7 
9 7 -2 -4 3 10 -4 8 3 -1 -7 4 -7 -6 -9 4 5 13 -11 12 
-9 1 9 14 8 9 2 13 -4 13 2 10 5 3 4 0 11 8 -2 6 
-11 15 15 1 10 10 10 2 3 2 3 6 9 -1 11 -8 2 -5 -10 -6 
-2 15 -3 10 15 6 2 1 15 2 8 12 9 7 2 6 12 3 3 2 
8 5 14 15 6 9 -2 15 -8 5 -14 14 2 -8 10 5 3 -3 8 7 
3 10 -14 0 -7 5 -2 4 6 9 5 12 -3 -12 -3 8 15 3 9 9 
14 -2 -6 -11 14 6 1 -2 12 -12 4 -14 7 2 0 3 13 -7 14 -12 
4 5 4 1 -2 6 6 2 1 7 6 -4 2 13 13 8 6 -15 6 -5 
30
1
13 14
6 5
0
0
