20 20
12 15 -1 11 13 4 13 9 5 3 7 9 19 0 14 -5 7 11 19 9 
9 -15 11 -5 12 -10 0 -13 -9 -8 8 3 -9 -6 16 17 5 8 -8 19 
9 18 4 6 -10 6 17 6 17 6 2 17 14 16 3 -3 17 10 -11 16 
19 5 2 -7 10 19 17 0 16 13 -11 19 -2 4 -10 6 -9 17 -4 13 
14 -19 4 13 15 -12 16 -10 1 6 -15 1 14 -19 15 14 2 0 18 15 
0 -9 -19 18 14 15 13 16 -10 14 -2 5 3 8 -1 12 16 -14 2 -13 
5 -16 7 13 -10 3 11 15 -2 13 -15 -16 1 4 17 16 10 14 14 6 
8 0 18 9 1 10 11 8 -7 -1 9 7 -1 19 9 8 10 9 0 8 
2 -14 5 10 8 12 10 6 -19 10 15 13 -5 -14 19 4 16 -17 16 3 
16 7 14 -2 12 -18 2 -19 19 15 12 15 19 17 15 12 2 2 1 8 
8 1 2 2 12 15 17 19 15 12 15 19 -19 2 -18 12 -2 14 7 16 
3 16 -17 16 4 19 -14 -5 13 15 10 -19 6 10 12 8 10 5 -14 2 
8 0 9 10 8 9 19 -1 7 9 -1 -7 8 11 10 1 9 18 0 8 
6 14 14 10 16 17 4 1 -16 -15 13 -2 15 11 3 -10 13 7 -16 5 
-13 2 -14 16 12 -1 8 3 5 -2 14 -10 16 13 15 14 18 -19 -9 0 
15 18 0 2 14 15 -19 14 1 -15 6 1 -10 16 -12 15 13 4 -19 14 
13 -4 17 -9 6 -10 4 -2 19 -11 13 16 0 17 19 10 -7 2 5 19 
16 -11 10 17 -3 3 16 14 17 2 6 17 6 17 6 -10 6 4 18 9 
19 -8 8 5 17 16 -6 -9 3 8 -8 -9 -13 0 -10 12 -5 11 -15 9 
9 19 11 7 -5 14 0 19 9 7 3 5 9 13 4 13 11 -1 15 12 
30
1
13 8
6 11
0
0
