20 20
-3 5 -11 5 12 5 7 15 12 13 3 5 10 11 7 -2 2 -4 11 2 
-12 14 11 -12 4 6 11 3 -16 -10 7 12 15 15 17 18 7 14 10 8 
13 -10 16 2 5 11 -17 4 1 4 6 18 2 7 6 13 5 4 1 15 
-18 12 18 0 -15 14 15 5 16 -16 13 -5 0 16 -13 -15 14 4 5 10 
16 16 -9 5 0 5 -5 11 4 1 0 15 14 17 11 18 14 2 17 16 
-10 2 5 -5 -6 10 8 14 -4 6 -17 3 -15 11 16 14 16 -9 -16 6 
12 -4 2 2 0 -10 12 3 4 12 3 11 16 -15 14 12 -7 8 2 11 
-15 0 2 -12 -8 12 2 11 -10 17 1 7 16 -15 17 17 17 15 11 7 
10 -1 9 0 5 13 4 17 1 -16 12 7 0 11 5 17 -15 14 13 15 
1 0 9 17 -3 -7 10 3 16 -13 1 2 0 7 9 12 7 3 -12 4 
4 -12 3 7 12 9 7 0 2 1 -13 16 3 10 -7 -3 17 9 0 1 
15 13 14 -15 17 5 11 0 7 12 -16 1 17 4 13 5 0 9 -1 10 
7 11 15 17 17 17 -15 16 7 1 17 -10 11 2 12 -8 -12 2 0 -15 
11 2 8 -7 12 14 -15 16 11 3 12 4 3 12 -10 0 2 2 -4 12 
6 -16 -9 16 14 16 11 -15 3 -17 6 -4 14 8 10 -6 -5 5 2 -10 
16 17 2 14 18 11 17 14 15 0 1 4 11 -5 5 0 5 -9 16 16 
10 5 4 14 -15 -13 16 0 -5 13 -16 16 5 15 14 -15 0 18 12 -18 
15 1 4 5 13 6 7 2 18 6 4 1 4 -17 11 5 2 16 -10 13 
8 10 14 7 18 17 15 15 12 7 -10 -16 3 11 6 4 -12 11 14 -12 
2 11 -4 2 -2 7 11 10 5 3 13 12 15 7 5 12 5 -11 5 -3 
30
1
13 14
6 5
0
0
