20 20
13 9 1 2 9 6 12 13 12 11 -2 7 1 17 5 -4 19 8 3 17 
17 0 17 9 19 -11 11 10 6 -3 0 9 23 12 18 2 12 5 23 7 
2 22 13 -3 8 19 0 -23 0 3 5 14 19 11 12 9 21 16 -15 3 
-2 6 10 -18 15 12 -13 -3 1 1 21 3 0 6 16 3 22 21 8 19 
14 5 23 8 22 3 22 24 14 18 18 -18 11 -4 12 1 18 7 -2 20 
13 12 19 7 3 10 0 16 6 6 15 -21 20 -12 -23 0 19 10 12 19 
-11 10 1 -21 20 -16 18 -12 18 11 7 16 4 8 23 20 22 16 7 21 
2 4 18 -23 16 10 9 1 -21 22 8 -10 19 -3 19 10 1 -10 12 -18 
20 -21 -2 20 -23 12 7 21 3 23 20 -7 19 12 7 -7 1 22 23 19 
1 23 2 21 24 8 13 8 17 1 -1 -16 -5 -11 8 10 6 -21 -24 7 
7 -24 -21 6 10 8 -11 -5 -16 -1 1 17 8 13 8 24 21 2 23 1 
19 23 22 1 -7 7 12 19 -7 20 23 3 21 7 12 -23 20 -2 -21 20 
-18 12 -10 1 10 19 -3 19 -10 8 22 -21 1 9 10 16 -23 18 4 2 
21 7 16 22 20 23 8 4 16 7 11 18 -12 18 -16 20 -21 1 10 -11 
19 12 10 19 0 -23 -12 20 -21 15 6 6 16 0 10 3 7 19 12 13 
20 -2 7 18 1 12 -4 11 -18 18 18 14 24 22 3 22 8 23 5 14 
19 8 21 22 3 16 6 0 3 21 1 1 -3 -13 12 15 -18 10 6 -2 
3 -15 16 21 9 12 11 19 14 5 3 0 -23 0 19 8 -3 13 22 2 
7 23 5 12 2 18 12 23 9 0 -3 6 10 11 -11 19 9 17 0 17 
17 3 8 19 -4 5 17 1 7 -2 11 12 13 12 6 9 2 1 9 13 
30
1
17 2
2 17
0
0
