20 20
0 23 18 13 8 4 12 -8 16 7 25 7 24 16 4 14 24 5 -17 0 
17 17 1 18 0 13 21 14 -21 -1 17 11 10 -21 -13 14 25 4 23 1 
-18 10 -15 21 9 -1 12 -1 11 24 8 7 -11 0 18 21 11 -4 16 14 
5 20 22 13 -21 25 -11 -3 12 6 -2 16 14 15 17 11 5 21 20 -14 
-17 -22 18 3 17 -24 1 7 8 5 -10 22 3 14 22 -25 6 6 -13 -20 
9 3 11 20 6 -6 19 2 10 2 2 8 18 2 3 2 9 -14 9 -12 
-21 15 -25 23 -14 -24 19 4 -6 24 -3 -1 12 13 8 21 24 5 -25 -2 
24 15 17 2 19 2 -19 9 12 -21 23 -8 4 14 25 21 5 14 -6 3 
25 22 -2 19 10 21 0 2 3 10 1 -8 -8 12 17 1 19 -23 -13 8 
5 19 7 -15 18 13 4 -12 4 12 -20 18 -2 16 10 16 3 18 7 -14 
-14 7 18 3 16 10 16 -2 18 -20 12 4 -12 4 13 18 -15 7 19 5 
8 -13 -23 19 1 17 12 -8 -8 1 10 3 2 0 21 10 19 -2 22 25 
3 -6 14 5 21 25 14 4 -8 23 -21 12 9 -19 2 19 2 17 15 24 
-2 -25 5 24 21 8 13 12 -1 -3 24 -6 4 19 -24 -14 23 -25 15 -21 
-12 9 -14 9 2 3 2 18 8 2 2 10 2 19 -6 6 20 11 3 9 
-20 -13 6 6 -25 22 14 3 22 -10 5 8 7 1 -24 17 3 18 -22 -17 
-14 20 21 5 11 17 15 14 16 -2 6 12 -3 -11 25 -21 13 22 20 5 
14 16 -4 11 21 18 0 -11 7 8 24 11 -1 12 -1 9 21 -15 10 -18 
1 23 4 25 14 -13 -21 10 11 17 -1 -21 14 21 13 0 18 1 17 17 
0 -17 5 24 14 4 16 24 7 25 7 16 -8 12 4 8 13 18 23 0 
30
1
13 8
6 11
0
0
