20 20
-10 7 6 -8 14 14 0 9 9 2 15 -1 10 6 7 1 11 9 12 7 
8 6 1 4 -2 13 -7 10 -15 11 -2 12 2 12 -6 6 -8 3 7 7 
14 -2 12 5 11 12 -6 10 -3 12 13 12 1 15 2 9 6 0 7 -12 
0 5 4 1 4 1 15 12 3 4 1 5 -10 9 -15 1 12 2 13 5 
-14 -2 9 4 12 15 3 -15 13 6 2 5 6 15 12 11 -3 12 13 0 
6 13 9 5 12 -7 15 -12 9 12 9 5 12 9 1 -1 -4 13 -3 5 
11 -2 13 3 14 -2 9 10 10 6 9 5 3 14 7 8 4 4 0 8 
9 -12 12 1 11 11 12 -12 -1 8 5 -5 14 -6 8 9 9 7 4 11 
10 7 12 6 -10 14 -2 -8 13 8 12 2 4 13 10 8 -10 8 12 -1 
12 -11 7 13 9 7 10 14 1 12 12 -13 10 6 -13 6 9 12 6 15 
15 6 12 9 6 -13 6 10 -13 12 12 1 14 10 7 9 13 7 -11 12 
-1 12 8 -10 8 10 13 4 2 12 8 13 -8 -2 14 -10 6 12 7 10 
11 4 7 9 9 8 -6 14 -5 5 8 -1 -12 12 11 11 1 12 -12 9 
8 0 4 4 8 7 14 3 5 9 6 10 10 9 -2 14 3 13 -2 11 
5 -3 13 -4 -1 1 9 12 5 9 12 9 -12 15 -7 12 5 9 13 6 
0 13 12 -3 11 12 15 6 5 2 6 13 -15 3 15 12 4 9 -2 -14 
5 13 2 12 1 -15 9 -10 5 1 4 3 12 15 1 4 1 4 5 0 
-12 7 0 6 9 2 15 1 12 13 12 -3 10 -6 12 11 5 12 -2 14 
7 7 3 -8 6 -6 12 2 12 -2 11 -15 10 -7 13 -2 4 1 6 8 
7 12 9 11 1 7 6 10 -1 15 2 9 9 0 14 14 -8 6 7 -10 
30
1
6 19
13 0
0
0
