20 20
8 8 21 -19 20 17 6 7 4 -15 -3 -18 -16 -3 -15 4 -20 10 7 5 
19 16 5 12 -20 12 14 5 13 17 -13 20 -3 21 7 2 2 17 20 12 
4 7 -16 24 -12 -15 19 22 5 20 17 4 7 -19 -15 -3 1 5 19 -13 
13 2 22 20 -13 3 1 3 18 7 19 22 -15 7 -1 16 2 10 -6 20 
13 -16 -4 -14 3 1 17 -14 6 9 18 -18 18 23 9 -9 15 11 -5 -13 
-14 2 10 15 18 -8 2 22 12 20 3 -14 6 6 10 24 2 14 -17 5 
3 9 7 -11 -9 -23 5 -6 20 7 1 11 0 2 13 9 2 24 2 -7 
-13 7 1 14 19 1 9 18 18 13 9 -15 20 2 0 2 -5 -17 22 23 
-15 23 11 -23 22 5 -1 -21 24 8 4 0 4 -12 12 20 2 22 5 19 
13 -21 20 20 8 6 22 4 -9 -20 13 13 22 14 3 15 23 0 18 -12 
-12 18 0 23 15 3 14 22 13 13 -20 -9 4 22 6 8 20 20 -21 13 
19 5 22 2 20 12 -12 4 0 4 8 24 -21 -1 5 22 -23 11 23 -15 
23 22 -17 -5 2 0 2 20 -15 9 13 18 18 9 1 19 14 1 7 -13 
-7 2 24 2 9 13 2 0 11 1 7 20 -6 5 -23 -9 -11 7 9 3 
5 -17 14 2 24 10 6 6 -14 3 20 12 22 2 -8 18 15 10 2 -14 
-13 -5 11 15 -9 9 23 18 -18 18 9 6 -14 17 1 3 -14 -4 -16 13 
20 -6 10 2 16 -1 7 -15 22 19 7 18 3 1 3 -13 20 22 2 13 
-13 19 5 1 -3 -15 -19 7 4 17 20 5 22 19 -15 -12 24 -16 7 4 
12 20 17 2 2 7 21 -3 20 -13 17 13 5 14 12 -20 12 5 16 19 
5 7 10 -20 4 -15 -3 -16 -18 -3 -15 4 7 6 17 20 -19 21 8 8 
30
1
11 18
8 1
0
0
