20 20
11 2 12 18 -9 15 14 -9 5 -13 18 10 16 19 -13 16 13 13 16 9 
2 -13 17 -7 13 16 18 -14 15 -14 3 3 2 -3 17 16 18 -17 5 -2 
3 -17 7 11 0 19 2 19 5 19 3 -15 -6 5 14 18 15 12 16 -6 
2 8 16 -18 11 15 5 13 1 0 1 4 11 8 6 1 19 3 13 5 
-4 -17 3 9 -16 18 0 13 7 15 7 4 5 17 0 5 4 19 18 9 
12 10 10 16 8 -4 11 11 1 8 2 7 13 10 0 8 1 9 10 -3 
-15 2 13 -16 6 -17 8 5 -15 2 -9 -8 2 18 -5 19 13 -12 17 -10 
16 -1 13 -8 -13 6 -5 -16 18 -6 -11 11 1 15 5 10 -10 -8 14 -12 
4 7 -2 -10 10 1 8 4 -5 8 10 3 14 13 8 13 18 15 -12 5 
10 8 -12 -2 11 18 -6 17 14 2 18 11 3 16 -12 16 13 7 -18 17 
17 -18 7 13 16 -12 16 3 11 18 2 14 17 -6 18 11 -2 -12 8 10 
5 -12 15 18 13 8 13 14 3 10 8 -5 4 8 1 10 -10 -2 7 4 
-12 14 -8 -10 10 5 15 1 11 -11 -6 18 -16 -5 6 -13 -8 13 -1 16 
-10 17 -12 13 19 -5 18 2 -8 -9 2 -15 5 8 -17 6 -16 13 2 -15 
-3 10 9 1 8 0 10 13 7 2 8 1 11 11 -4 8 16 10 10 12 
9 18 19 4 5 0 17 5 4 7 15 7 13 0 18 -16 9 3 -17 -4 
5 13 3 19 1 6 8 11 4 1 0 1 13 5 15 11 -18 16 8 2 
-6 16 12 15 18 14 5 -6 -15 3 19 5 19 2 19 0 11 7 -17 3 
-2 5 -17 18 16 17 -3 2 3 3 -14 15 -14 18 16 13 -7 17 -13 2 
9 16 13 13 16 -13 19 16 10 18 -13 5 -9 14 15 -9 18 12 2 11 
30
1
14 9
5 10
0
0
