20 20
1 11 20 12 21 14 14 16 -15 13 20 18 8 14 1 1 -15 23 5 -2 
-1 -25 21 2 19 -5 -15 13 22 12 14 7 5 18 6 8 7 6 13 8 
8 8 -11 13 10 18 10 22 16 -3 15 4 1 7 0 13 0 -4 10 21 
14 13 15 10 20 4 2 8 15 11 15 -8 -21 20 18 1 8 25 17 18 
-1 15 17 23 1 -15 25 17 5 22 5 7 22 10 -11 -10 -23 22 7 11 
10 -22 2 -7 -1 -10 7 25 -3 -24 9 19 21 -10 -5 24 -2 18 -3 -23 
6 15 4 15 18 12 21 -12 25 -12 -1 14 7 18 4 24 10 4 -2 5 
23 -21 12 13 -5 4 19 -23 23 21 -20 -11 -15 -8 11 7 3 -7 25 21 
1 7 11 13 14 -3 -24 7 24 10 11 12 20 24 3 6 5 3 -15 6 
15 18 -15 -11 16 4 23 -14 14 -10 15 25 -24 19 16 24 16 2 -8 9 
9 -8 2 16 24 16 19 -24 25 15 -10 14 -14 23 4 16 -11 -15 18 15 
6 -15 3 5 6 3 24 20 12 11 10 24 7 -24 -3 14 13 11 7 1 
21 25 -7 3 7 11 -8 -15 -11 -20 21 23 -23 19 4 -5 13 12 -21 23 
5 -2 4 10 24 4 18 7 14 -1 -12 25 -12 21 12 18 15 4 15 6 
-23 -3 18 -2 24 -5 -10 21 19 9 -24 -3 25 7 -10 -1 -7 2 -22 10 
11 7 22 -23 -10 -11 10 22 7 5 22 5 17 25 -15 1 23 17 15 -1 
18 17 25 8 1 18 20 -21 -8 15 11 15 8 2 4 20 10 15 13 14 
21 10 -4 0 13 0 7 1 4 15 -3 16 22 10 18 10 13 -11 8 8 
8 13 6 7 8 6 18 5 7 14 12 22 13 -15 -5 19 2 21 -25 -1 
-2 5 23 -15 1 1 14 8 18 20 13 -15 16 14 14 21 12 20 11 1 
30
1
7 2
12 17
0
0
