20 20
0 15 8 11 0 4 2 6 1 2 20 -19 0 -8 13 5 -8 -16 -10 2 
-17 -15 10 14 -12 19 6 10 17 -8 14 11 5 -7 -2 -4 18 2 3 10 
0 -5 11 16 9 13 15 14 2 7 16 9 6 14 -15 18 -8 20 -17 7 
13 -19 0 3 1 -7 7 7 5 2 0 13 0 0 -14 18 3 20 -7 -9 
10 17 11 5 6 1 10 14 15 1 2 16 -9 -1 -1 15 -10 10 -17 -10 
20 13 3 -4 11 17 10 13 8 -5 6 -1 1 19 17 -11 6 4 1 18 
-15 4 18 0 15 -7 6 6 10 17 2 -7 13 1 -18 -19 -3 -18 10 10 
12 5 -19 2 6 8 18 18 9 18 20 12 -5 9 6 12 18 13 4 -1 
20 19 -1 1 3 1 -14 20 -5 3 11 18 14 17 3 -3 11 3 12 9 
11 12 15 18 -14 -1 2 -8 1 -19 -9 3 3 11 17 2 8 9 18 -8 
-8 18 9 8 2 17 11 3 3 -9 -19 1 -8 2 -1 -14 18 15 12 11 
9 12 3 11 -3 3 17 14 18 11 3 -5 20 -14 1 3 1 -1 19 20 
-1 4 13 18 12 6 9 -5 12 20 18 9 18 18 8 6 2 -19 5 12 
10 10 -18 -3 -19 -18 1 13 -7 2 17 10 6 6 -7 15 0 18 4 -15 
18 1 4 6 -11 17 19 1 -1 6 -5 8 13 10 17 11 -4 3 13 20 
-10 -17 10 -10 15 -1 -1 -9 16 2 1 15 14 10 1 6 5 11 17 10 
-9 -7 20 3 18 -14 0 0 13 0 2 5 7 7 -7 1 3 0 -19 13 
7 -17 20 -8 18 -15 14 6 9 16 7 2 14 15 13 9 16 11 -5 0 
10 3 2 18 -4 -2 -7 5 11 14 -8 17 10 6 19 -12 14 10 -15 -17 
2 -10 -16 -8 5 13 -8 0 -19 20 2 1 6 2 4 0 11 8 15 0 
30
1
9 16
10 3
0
0
