20 20
15 3 12 11 12 -12 -9 -3 -9 5 13 8 -8 -2 15 -13 -15 12 5 1 
7 8 -13 12 6 6 7 1 8 -12 5 9 12 10 15 5 13 -9 5 9 
1 -2 -9 -10 13 1 15 -4 14 6 7 2 9 -13 14 -1 3 10 9 0 
7 -11 1 2 -7 0 -12 13 9 6 -10 4 6 -13 4 1 3 10 1 5 
-1 12 1 11 1 15 9 11 12 5 8 -6 14 12 15 3 6 -7 10 9 
-11 -13 14 9 14 8 11 13 -14 14 2 11 -9 13 12 14 13 0 -7 1 
8 11 14 -13 12 4 13 5 9 2 10 11 6 3 3 1 5 -1 6 10 
4 2 13 11 3 13 11 9 12 6 8 11 13 12 13 11 -14 3 0 1 
4 -8 15 4 3 11 12 1 10 6 15 0 -7 13 -2 12 0 14 3 9 
14 10 1 7 13 -15 9 13 -9 8 12 9 8 12 -3 11 4 -3 1 6 
6 1 -3 4 11 -3 12 8 9 12 8 -9 13 9 -15 13 7 1 10 14 
9 3 14 0 12 -2 13 -7 0 15 6 10 1 12 11 3 4 15 -8 4 
1 0 3 -14 11 13 12 13 11 8 6 12 9 11 13 3 11 13 2 4 
10 6 -1 5 1 3 3 6 11 10 2 9 5 13 4 12 -13 14 11 8 
1 -7 0 13 14 12 13 -9 11 2 14 -14 13 11 8 14 9 14 -13 -11 
9 10 -7 6 3 15 12 14 -6 8 5 12 11 9 15 1 11 1 12 -1 
5 1 10 3 1 4 -13 6 4 -10 6 9 13 -12 0 -7 2 1 -11 7 
0 9 10 3 -1 14 -13 9 2 7 6 14 -4 15 1 13 -10 -9 -2 1 
9 5 -9 13 5 15 10 12 9 5 -12 8 1 7 6 6 12 -13 8 7 
1 5 12 -15 -13 15 -2 -8 8 13 5 -9 -3 -9 -12 12 11 12 3 15 
30
1
8 7
11 12
0
0
