20 20
12 3 -9 1 2 16 12 -11 8 17 5 0 9 8 12 11 11 12 16 16 
9 12 -1 9 7 11 9 2 4 14 9 3 -2 8 2 -2 -10 12 9 -13 
5 -5 10 0 -7 12 -10 3 14 1 13 11 12 1 14 13 3 -7 -17 11 
3 3 2 12 11 6 -14 15 9 4 16 5 -13 13 14 -14 -5 -17 1 7 
13 10 -6 5 4 -12 12 4 -5 -1 5 11 14 9 -3 -10 -1 -11 0 12 
7 8 17 -5 -11 -4 3 7 14 -1 11 16 8 12 9 16 -7 0 -12 -17 
-7 10 -13 4 1 -12 10 0 2 14 10 13 14 1 10 16 -1 10 7 11 
16 -7 1 9 0 -5 -1 14 0 14 9 5 1 9 9 -2 15 13 3 11 
0 6 1 -9 2 12 -13 5 -9 17 -5 3 -14 10 2 8 15 5 14 5 
16 0 -17 13 8 -12 -13 5 12 0 2 17 -8 -11 2 10 -6 1 5 13 
13 5 1 -6 10 2 -11 -8 17 2 0 12 5 -13 -12 8 13 -17 0 16 
5 14 5 15 8 2 10 -14 3 -5 17 -9 5 -13 12 2 -9 1 6 0 
11 3 13 15 -2 9 9 1 5 9 14 0 14 -1 -5 0 9 1 -7 16 
11 7 10 -1 16 10 1 14 13 10 14 2 0 10 -12 1 4 -13 10 -7 
-17 -12 0 -7 16 9 12 8 16 11 -1 14 7 3 -4 -11 -5 17 8 7 
12 0 -11 -1 -10 -3 9 14 11 5 -1 -5 4 12 -12 4 5 -6 10 13 
7 1 -17 -5 -14 14 13 -13 5 16 4 9 15 -14 6 11 12 2 3 3 
11 -17 -7 3 13 14 1 12 11 13 1 14 3 -10 12 -7 0 10 -5 5 
-13 9 12 -10 -2 2 8 -2 3 9 14 4 2 9 11 7 9 -1 12 9 
16 16 12 11 11 12 8 9 0 5 17 8 -11 12 16 2 1 -9 3 12 
30
1
11 15
8 4
0
0
