20 20
0 10 -7 11 11 5 2 1 11 -1 5 9 0 12 -6 13 8 7 13 5 
1 2 9 5 4 3 5 6 8 6 -13 10 10 9 10 12 -2 1 11 4 
-5 3 -13 -11 7 -10 1 9 -12 -6 4 1 9 -2 5 -13 -1 3 0 13 
4 13 1 -4 2 3 7 10 -2 -11 3 3 6 3 6 -1 5 9 6 11 
5 6 11 4 13 -9 -13 9 6 -11 -1 12 -3 11 9 9 9 2 8 0 
10 -13 -7 0 0 11 4 -2 12 1 1 11 -13 -10 13 6 7 5 5 -6 
11 10 11 10 1 13 6 9 12 2 -4 -5 6 8 -2 12 -4 0 1 7 
11 3 5 -3 4 10 -3 13 6 -4 7 3 10 13 -5 2 9 -8 9 -13 
11 1 1 0 8 -7 -10 -9 4 8 -1 4 4 -6 -2 13 8 3 -10 6 
5 4 -3 -1 7 10 5 10 4 5 9 -1 9 8 12 4 5 -11 10 3 
3 10 -11 5 4 12 8 9 -1 9 5 4 10 5 10 7 -1 -3 4 5 
6 -10 3 8 13 -2 -6 4 4 -1 8 4 -9 -10 -7 8 0 1 1 11 
-13 9 -8 9 2 -5 13 10 3 7 -4 6 13 -3 10 4 -3 5 3 11 
7 1 0 -4 12 -2 8 6 -5 -4 2 12 9 6 13 1 10 11 10 11 
-6 5 5 7 6 13 -10 -13 11 1 1 12 -2 4 11 0 0 -7 -13 10 
0 8 2 9 9 9 11 -3 12 -1 -11 6 9 -13 -9 13 4 11 6 5 
11 6 9 5 -1 6 3 6 3 3 -11 -2 10 7 3 2 -4 1 13 4 
13 0 3 -1 -13 5 -2 9 1 4 -6 -12 9 1 -10 7 -11 -13 3 -5 
4 11 1 -2 12 10 9 10 10 -13 6 8 6 5 3 4 5 9 2 1 
5 13 7 8 13 -6 12 0 9 5 -1 11 1 2 5 11 11 -7 10 0 
30
1
19 7
0 12
0
0
