20 20
10 -5 0 11 12 0 22 8 9 3 15 16 6 11 9 21 18 22 20 -17 
1 6 9 6 5 10 8 11 -11 4 -3 22 2 22 -19 0 15 8 -5 1 
6 -21 -18 16 -6 5 -13 18 10 8 4 -21 11 -11 1 -17 15 12 22 8 
21 -14 16 8 1 -1 6 3 10 -3 8 16 -2 0 1 11 3 4 9 8 
-20 13 -4 21 19 12 -19 -8 18 -20 -8 5 6 2 14 1 12 14 -19 -12 
-20 4 22 2 18 5 -15 -8 17 12 7 -6 9 -11 -13 19 14 5 10 19 
9 2 7 10 -7 -10 -10 12 20 21 17 7 12 9 10 1 -1 -11 9 21 
21 1 17 5 -20 -11 16 8 10 16 19 17 21 17 21 16 7 -22 -4 21 
18 22 -11 0 13 11 3 22 5 -5 -16 -9 13 -3 17 4 20 10 -8 9 
5 16 6 13 22 16 8 15 1 4 10 16 2 19 -19 -19 13 2 -9 12 
12 -9 2 13 -19 -19 19 2 16 10 4 1 15 8 16 22 13 6 16 5 
9 -8 10 20 4 17 -3 13 -9 -16 -5 5 22 3 11 13 0 -11 22 18 
21 -4 -22 7 16 21 17 21 17 19 16 10 8 16 -11 -20 5 17 1 21 
21 9 -11 -1 1 10 9 12 7 17 21 20 12 -10 -10 -7 10 7 2 9 
19 10 5 14 19 -13 -11 9 -6 7 12 17 -8 -15 5 18 2 22 4 -20 
-12 -19 14 12 1 14 2 6 5 -8 -20 18 -8 -19 12 19 21 -4 13 -20 
8 9 4 3 11 1 0 -2 16 8 -3 10 3 6 -1 1 8 16 -14 21 
8 22 12 15 -17 1 -11 11 -21 4 8 10 18 -13 5 -6 16 -18 -21 6 
1 -5 8 15 0 -19 22 2 22 -3 4 -11 11 8 10 5 6 9 6 1 
-17 20 22 18 21 9 11 6 16 15 3 9 8 22 0 12 11 0 -5 10 
30
1
12 11
7 8
0
0
