20 20
13 -11 19 15 2 7 0 10 11 9 -11 8 12 7 6 3 -5 10 3 4 
-19 14 16 -7 16 0 3 5 5 -3 -1 12 19 7 19 5 13 6 14 5 
6 -17 -16 22 20 -6 1 9 22 3 -7 20 14 2 -7 -14 0 -7 5 -5 
15 5 -9 -14 16 5 5 3 13 -21 1 16 -4 17 16 18 4 14 11 -15 
9 -21 8 18 -21 10 -22 10 11 14 22 15 10 -17 19 18 10 2 13 4 
15 15 22 4 20 0 4 1 -15 4 10 -3 7 -13 7 3 1 4 -9 5 
12 17 21 12 -5 -1 15 14 11 7 1 12 -12 15 11 18 -13 22 -3 18 
12 15 7 8 20 7 14 -20 8 14 4 -2 14 1 -3 15 17 14 -15 10 
16 -21 1 19 0 20 10 -19 0 16 0 13 -6 19 6 22 17 -1 19 10 
6 14 4 15 16 8 2 -16 3 1 21 -9 11 6 16 15 22 -22 12 7 
7 12 -22 22 15 16 6 11 -9 21 1 3 -16 2 8 16 15 4 14 6 
10 19 -1 17 22 6 19 -6 13 0 16 0 -19 10 20 0 19 1 -21 16 
10 -15 14 17 15 -3 1 14 -2 4 14 8 -20 14 7 20 8 7 15 12 
18 -3 22 -13 18 11 15 -12 12 1 7 11 14 15 -1 -5 12 21 17 12 
5 -9 4 1 3 7 -13 7 -3 10 4 -15 1 4 0 20 4 22 15 15 
4 13 2 10 18 19 -17 10 15 22 14 11 10 -22 10 -21 18 8 -21 9 
-15 11 14 4 18 16 17 -4 16 1 -21 13 3 5 5 16 -14 -9 5 15 
-5 5 -7 0 -14 -7 2 14 20 -7 3 22 9 1 -6 20 22 -16 -17 6 
5 14 6 13 5 19 7 19 12 -1 -3 5 5 3 0 16 -7 16 14 -19 
4 3 10 -5 3 6 7 12 8 -11 9 11 10 0 7 2 15 19 -11 13 
30
1
12 14
7 5
0
0
