20 20
21 23 13 7 21 16 -12 20 19 16 25 22 -28 9 17 22 17 12 2 16 
27 1 9 5 4 19 -14 20 -11 -5 28 19 8 -25 6 8 20 16 6 -22 
0 -27 10 3 -16 16 28 -8 -2 18 6 -6 23 12 18 16 20 15 19 -20 
25 17 20 16 0 4 23 15 11 23 17 21 15 -16 -8 18 22 23 -20 22 
12 18 17 7 27 17 -7 7 24 11 27 11 24 -25 23 -23 -16 5 -17 13 
21 23 22 -28 18 3 11 23 28 -23 4 2 1 17 -28 3 -11 10 17 5 
-1 19 -27 10 1 -22 4 7 4 -6 -17 -7 13 -24 20 15 -1 -7 7 10 
12 12 28 -24 20 -1 26 13 1 22 22 26 -14 27 26 -2 26 21 8 27 
21 15 -25 -4 22 8 -1 17 -13 -19 1 21 28 14 3 9 -9 -1 18 6 
15 5 18 3 5 13 -9 25 9 3 -24 -15 5 18 1 11 4 -26 9 18 
18 9 -26 4 11 1 18 5 -15 -24 3 9 25 -9 13 5 3 18 5 15 
6 18 -1 -9 9 3 14 28 21 1 -19 -13 17 -1 8 22 -4 -25 15 21 
27 8 21 26 -2 26 27 -14 26 22 22 1 13 26 -1 20 -24 28 12 12 
10 7 -7 -1 15 20 -24 13 -7 -17 -6 4 7 4 -22 1 10 -27 19 -1 
5 17 10 -11 3 -28 17 1 2 4 -23 28 23 11 3 18 -28 22 23 21 
13 -17 5 -16 -23 23 -25 24 11 27 11 24 7 -7 17 27 7 17 18 12 
22 -20 23 22 18 -8 -16 15 21 17 23 11 15 23 4 0 16 20 17 25 
-20 19 15 20 16 18 12 23 -6 6 18 -2 -8 28 16 -16 3 10 -27 0 
-22 6 16 20 8 6 -25 8 19 28 -5 -11 20 -14 19 4 5 9 1 27 
16 2 12 17 22 17 9 -28 22 25 16 19 20 -12 16 21 7 13 23 21 
30
1
12 16
7 3
0
0
