20 20
1 1 12 5 11 8 3 4 12 -13 -12 -8 -12 2 10 14 13 11 -1 -1 
1 4 5 4 2 3 8 4 5 6 12 9 2 -13 13 -1 2 7 10 5 
4 -3 3 5 13 6 5 -2 14 -5 6 -12 13 0 -14 7 0 4 11 8 
8 5 -6 7 1 0 6 -4 3 4 0 -10 0 0 -8 7 12 3 3 -11 
8 10 10 2 2 3 2 9 12 -13 13 3 -5 6 -5 13 13 3 13 9 
-7 -9 5 11 -14 12 3 0 5 13 -2 -1 13 7 6 -4 7 7 4 8 
-2 9 1 -9 1 9 11 6 9 9 8 9 4 2 1 11 7 -8 11 1 
-13 4 5 3 -3 -3 3 5 11 -13 6 5 8 8 3 11 -11 11 7 12 
10 2 2 11 5 2 10 7 10 8 8 -1 5 11 6 2 7 13 13 -8 
-5 0 13 2 6 0 0 13 5 5 5 1 3 12 6 4 8 3 6 -8 
-8 6 3 8 4 6 12 3 1 5 5 5 13 0 0 6 2 13 0 -5 
-8 13 13 7 2 6 11 5 -1 8 8 10 7 10 2 5 11 2 2 10 
12 7 11 -11 11 3 8 8 5 6 -13 11 5 3 -3 -3 3 5 4 -13 
1 11 -8 7 11 1 2 4 9 8 9 9 6 11 9 1 -9 1 9 -2 
8 4 7 7 -4 6 7 13 -1 -2 13 5 0 3 12 -14 11 5 -9 -7 
9 13 3 13 13 -5 6 -5 3 13 -13 12 9 2 3 2 2 10 10 8 
-11 3 3 12 7 -8 0 0 -10 0 4 3 -4 6 0 1 7 -6 5 8 
8 11 4 0 7 -14 0 13 -12 6 -5 14 -2 5 6 13 5 3 -3 4 
5 10 7 2 -1 13 -13 2 9 12 6 5 4 8 3 2 4 5 4 1 
-1 -1 11 13 14 10 2 -12 -8 -12 -13 12 4 3 8 11 5 12 1 1 
30
1
10 19
9 0
0
0
