20 20
6 16 -13 3 18 -5 24 18 14 18 5 -16 5 6 25 23 3 20 -7 14 
4 1 0 -24 6 17 -20 -2 10 -20 13 -28 13 14 16 10 14 27 18 14 
23 18 8 13 -12 5 21 -12 2 5 -9 -21 24 -22 7 15 20 3 22 20 
3 -20 16 3 2 21 22 5 -14 22 10 28 8 -7 9 14 16 -28 2 13 
-28 1 14 26 -16 3 3 11 -5 28 12 -2 5 14 -5 -11 14 21 28 9 
-26 1 10 18 11 -29 27 10 -21 20 15 -2 -22 -11 7 -28 -16 18 19 14 
11 23 19 -24 -20 28 -22 2 19 -16 23 10 23 -20 24 27 -9 3 12 8 
-6 -28 5 7 -22 1 22 6 19 15 -17 23 5 25 25 17 14 14 -15 16 
29 11 29 4 -28 -23 5 23 7 -14 12 15 4 14 19 14 4 2 28 5 
2 26 -23 20 25 12 -7 -2 4 9 13 -21 -7 17 26 23 29 -22 -27 18 
18 -27 -22 29 23 26 17 -7 -21 13 9 4 -2 -7 12 25 20 -23 26 2 
5 28 2 4 14 19 14 4 15 12 -14 7 23 5 -23 -28 4 29 11 29 
16 -15 14 14 17 25 25 5 23 -17 15 19 6 22 1 -22 7 5 -28 -6 
8 12 3 -9 27 24 -20 23 10 23 -16 19 2 -22 28 -20 -24 19 23 11 
14 19 18 -16 -28 7 -11 -22 -2 15 20 -21 10 27 -29 11 18 10 1 -26 
9 28 21 14 -11 -5 14 5 -2 12 28 -5 11 3 3 -16 26 14 1 -28 
13 2 -28 16 14 9 -7 8 28 10 22 -14 5 22 21 2 3 16 -20 3 
20 22 3 20 15 7 -22 24 -21 -9 5 2 -12 21 5 -12 13 8 18 23 
14 18 27 14 10 16 14 13 -28 13 -20 10 -2 -20 17 6 -24 0 1 4 
14 -7 20 3 23 25 6 5 -16 5 18 14 18 24 -5 18 3 -13 16 6 
30
1
8 11
11 8
0
0
