20 20
2 -19 9 -18 8 13 7 -18 6 1 -22 4 11 -16 5 5 -16 12 11 20 
4 6 -21 1 10 20 22 13 -22 1 8 -10 21 15 7 -11 21 13 -12 -2 
21 8 -8 -17 7 21 13 9 4 2 16 -2 1 -4 21 -3 11 12 -16 -6 
19 5 23 15 -23 1 12 16 5 -12 19 21 22 3 2 5 9 3 -9 9 
9 6 21 7 7 11 4 2 -2 -10 -19 3 5 18 12 20 16 16 18 3 
-1 6 11 -15 19 20 11 11 -17 -20 18 -3 6 2 -4 4 20 -20 -3 -6 
3 2 18 16 -19 4 7 21 23 18 6 4 20 14 12 16 8 9 -23 -4 
-7 -21 14 14 4 15 12 20 -22 19 17 11 -10 3 3 18 1 14 -13 13 
6 21 11 11 4 9 6 -14 15 2 13 10 16 9 7 4 13 21 1 -10 
12 7 11 -20 6 22 3 23 14 15 14 -4 12 4 16 -15 0 17 0 5 
5 0 17 0 -15 16 4 12 -4 14 15 14 23 3 22 6 -20 11 7 12 
-10 1 21 13 4 7 9 16 10 13 2 15 -14 6 9 4 11 11 21 6 
13 -13 14 1 18 3 3 -10 11 17 19 -22 20 12 15 4 14 14 -21 -7 
-4 -23 9 8 16 12 14 20 4 6 18 23 21 7 4 -19 16 18 2 3 
-6 -3 -20 20 4 -4 2 6 -3 18 -20 -17 11 11 20 19 -15 11 6 -1 
3 18 16 16 20 12 18 5 3 -19 -10 -2 2 4 11 7 7 21 6 9 
9 -9 3 9 5 2 3 22 21 19 -12 5 16 12 1 -23 15 23 5 19 
-6 -16 12 11 -3 21 -4 1 -2 16 2 4 9 13 21 7 -17 -8 8 21 
-2 -12 13 21 -11 7 15 21 -10 8 1 -22 13 22 20 10 1 -21 6 4 
20 11 12 -16 5 5 -16 11 4 -22 1 6 -18 7 13 8 -18 9 -19 2 
30
1
5 4
14 15
0
0
