20 20
9 28 27 -29 -20 -4 -18 20 21 27 22 1 -23 -5 16 -7 15 16 15 20 
20 17 28 5 6 -26 24 17 1 4 11 21 -1 13 0 17 -1 8 13 5 
-3 12 9 11 6 5 12 -23 -23 -27 26 14 -10 4 29 3 26 -16 5 12 
16 2 1 -18 17 5 7 1 15 20 5 13 17 17 19 22 14 -13 22 -22 
8 19 -19 28 -13 -6 20 11 18 -3 -4 23 22 27 6 0 30 17 24 9 
28 -30 0 13 23 -22 29 28 -1 10 23 18 -20 -14 15 20 2 29 17 25 
22 0 -9 13 25 28 18 20 19 7 28 -6 27 12 21 11 -3 -6 26 14 
4 0 13 -4 -17 10 23 21 -7 25 -8 -18 18 24 13 1 -21 17 -7 28 
27 20 1 30 19 17 -7 -20 25 11 10 13 -14 -18 1 24 -1 -11 -7 10 
13 26 14 8 -13 21 2 9 -4 9 9 23 7 3 -16 6 -21 1 -3 -28 
-28 -3 1 -21 6 -16 3 7 23 9 9 -4 9 2 21 -13 8 14 26 13 
10 -7 -11 -1 24 1 -18 -14 13 10 11 25 -20 -7 17 19 30 1 20 27 
28 -7 17 -21 1 13 24 18 -18 -8 25 -7 21 23 10 -17 -4 13 0 4 
14 26 -6 -3 11 21 12 27 -6 28 7 19 20 18 28 25 13 -9 0 22 
25 17 29 2 20 15 -14 -20 18 23 10 -1 28 29 -22 23 13 0 -30 28 
9 24 17 30 0 6 27 22 23 -4 -3 18 11 20 -6 -13 28 -19 19 8 
-22 22 -13 14 22 19 17 17 13 5 20 15 1 7 5 17 -18 1 2 16 
12 5 -16 26 3 29 4 -10 14 26 -27 -23 -23 12 5 6 11 9 12 -3 
5 13 8 -1 17 0 13 -1 21 11 4 1 17 24 -26 6 5 28 17 20 
20 15 16 15 -7 16 -5 -23 1 22 27 21 20 -18 -4 -20 -29 27 28 9 
30
1
6 16
13 3
0
0
