20 20
19 24 2 -20 3 -14 -3 11 13 6 1 17 19 2 -21 0 -2 21 18 1 
16 4 3 21 15 2 18 23 -10 12 16 9 18 19 12 11 1 13 17 20 
-13 3 17 -11 5 17 -7 6 -2 6 7 19 13 -21 6 -21 -4 8 5 -22 
21 17 -7 -8 21 23 -8 -22 -6 19 -9 5 9 20 14 -12 12 22 4 19 
4 15 10 20 -5 17 10 6 19 11 6 12 4 -11 13 -21 -12 6 18 -13 
23 12 6 7 -23 15 18 -2 12 1 21 -9 15 -11 -17 14 -16 22 -13 -12 
4 -13 10 14 15 6 0 15 -15 -11 17 0 17 5 8 21 23 15 -6 0 
-2 8 -1 21 13 20 24 17 -21 -24 14 11 12 -8 -24 7 -4 22 19 6 
1 20 -3 5 21 -5 24 8 18 23 2 24 9 2 2 24 -4 11 17 23 
-9 21 20 13 13 10 13 24 13 4 18 22 14 21 7 2 11 18 18 3 
3 18 18 11 2 7 21 14 22 18 4 13 24 13 10 13 13 20 21 -9 
23 17 11 -4 24 2 2 9 24 2 23 18 8 24 -5 21 5 -3 20 1 
6 19 22 -4 7 -24 -8 12 11 14 -24 -21 17 24 20 13 21 -1 8 -2 
0 -6 15 23 21 8 5 17 0 17 -11 -15 15 0 6 15 14 10 -13 4 
-12 -13 22 -16 14 -17 -11 15 -9 21 1 12 -2 18 15 -23 7 6 12 23 
-13 18 6 -12 -21 13 -11 4 12 6 11 19 6 10 17 -5 20 10 15 4 
19 4 22 12 -12 14 20 9 5 -9 19 -6 -22 -8 23 21 -8 -7 17 21 
-22 5 8 -4 -21 6 -21 13 19 7 6 -2 6 -7 17 5 -11 17 3 -13 
20 17 13 1 11 12 19 18 9 16 12 -10 23 18 2 15 21 3 4 16 
1 18 21 -2 0 -21 2 19 17 1 6 13 11 -3 -14 3 -20 2 24 19 
30
1
6 2
13 17
0
0
