20 20
13 9 2 -1 8 -8 1 18 -16 20 11 6 19 -3 8 7 10 11 -13 -11 
10 11 -11 16 17 8 10 20 20 8 8 -2 16 8 3 10 10 -12 9 14 
2 7 1 -11 6 4 -17 0 -17 7 0 -7 0 20 0 6 -16 -4 -11 10 
18 19 -11 16 -2 -2 7 -20 3 18 9 -4 15 11 7 1 -10 12 14 -19 
2 -5 -15 -5 13 -1 -20 3 4 9 16 7 19 17 9 -14 2 -18 16 0 
18 -9 17 2 1 -18 -19 20 -1 -1 9 -20 -13 12 2 16 15 -18 6 18 
6 -19 -5 14 -10 7 -10 18 5 20 1 7 13 3 15 8 -5 1 -11 13 
14 15 -6 2 4 20 2 -8 14 -6 8 13 17 -2 18 17 -15 -7 9 3 
19 -14 11 -19 9 5 -7 1 15 12 16 -20 11 0 2 16 2 8 20 -12 
5 -20 17 17 20 16 14 -4 20 5 -17 3 -5 20 10 3 6 2 13 15 
15 13 2 6 3 10 20 -5 3 -17 5 20 -4 14 16 20 17 17 -20 5 
-12 20 8 2 16 2 0 11 -20 16 12 15 1 -7 5 9 -19 11 -14 19 
3 9 -7 -15 17 18 -2 17 13 8 -6 14 -8 2 20 4 2 -6 15 14 
13 -11 1 -5 8 15 3 13 7 1 20 5 18 -10 7 -10 14 -5 -19 6 
18 6 -18 15 16 2 12 -13 -20 9 -1 -1 20 -19 -18 1 2 17 -9 18 
0 16 -18 2 -14 9 17 19 7 16 9 4 3 -20 -1 13 -5 -15 -5 2 
-19 14 12 -10 1 7 11 15 -4 9 18 3 -20 7 -2 -2 16 -11 19 18 
10 -11 -4 -16 6 0 20 0 -7 0 7 -17 0 -17 4 6 -11 1 7 2 
14 9 -12 10 10 3 8 16 -2 8 8 20 20 10 8 17 16 -11 11 10 
-11 -13 11 10 7 8 -3 19 6 11 20 -16 18 1 -8 8 -1 2 9 13 
30
1
8 16
11 3
0
0
