20 20
-14 17 0 18 15 5 6 7 15 5 -18 2 11 5 2 4 -1 -3 15 0 
17 16 17 1 16 17 9 -1 -7 0 2 8 16 2 -11 6 8 4 -3 10 
-12 -14 2 -10 1 6 -8 16 -11 9 6 -7 16 17 -1 14 14 3 10 13 
9 5 2 12 8 -2 -12 12 -12 8 18 17 8 -18 4 16 11 -18 0 15 
-9 7 -4 -16 13 8 8 -11 15 -18 15 4 3 5 6 -4 8 13 18 -9 
5 6 7 8 9 -17 1 -18 13 18 1 2 11 -2 11 -12 -7 5 7 -16 
4 7 14 0 5 6 2 8 -12 6 4 6 16 11 -9 5 18 5 18 5 
4 18 7 9 8 7 -7 -3 6 11 9 -3 14 13 3 -16 1 14 11 3 
-9 15 8 2 17 15 8 8 5 7 0 14 13 6 12 14 -3 16 1 13 
6 5 -11 2 -16 16 14 12 1 5 -2 7 5 13 6 7 18 11 11 9 
9 11 11 18 7 6 13 5 7 -2 5 1 12 14 16 -16 2 -11 5 6 
13 1 16 -3 14 12 6 13 14 0 7 5 8 8 15 17 2 8 15 -9 
3 11 14 1 -16 3 13 14 -3 9 11 6 -3 -7 7 8 9 7 18 4 
5 18 5 18 5 -9 11 16 6 4 6 -12 8 2 6 5 0 14 7 4 
-16 7 5 -7 -12 11 -2 11 2 1 18 13 -18 1 -17 9 8 7 6 5 
-9 18 13 8 -4 6 5 3 4 15 -18 15 -11 8 8 13 -16 -4 7 -9 
15 0 -18 11 16 4 -18 8 17 18 8 -12 12 -12 -2 8 12 2 5 9 
13 10 3 14 14 -1 17 16 -7 6 9 -11 16 -8 6 1 -10 2 -14 -12 
10 -3 4 8 6 -11 2 16 8 2 0 -7 -1 9 17 16 1 17 16 17 
0 15 -3 -1 4 2 5 11 2 -18 5 15 7 6 5 15 18 0 17 -14 
30
1
14 18
5 1
0
0
