20 20
-11 -4 3 11 0 3 6 11 0 8 15 15 10 12 15 7 -8 13 13 3 
8 13 -8 15 10 12 14 9 -15 -11 -3 10 5 14 2 -12 9 -2 -10 6 
7 9 6 14 -7 12 6 -8 -10 15 15 5 11 1 9 6 -1 -4 -3 4 
15 7 3 6 0 15 12 13 10 6 -12 10 10 -13 -8 -6 8 -13 -3 13 
-15 0 13 0 14 14 10 4 13 15 -12 8 -7 1 -15 1 12 -14 9 3 
8 10 -11 1 14 8 14 13 2 13 -5 15 11 4 10 3 7 -1 2 11 
14 -3 13 0 3 12 4 -1 3 9 2 2 -8 -7 2 -6 6 6 -2 6 
5 8 -5 -11 12 -12 10 -2 3 -1 10 1 8 5 6 6 0 2 -13 12 
8 8 6 15 7 8 5 10 1 6 2 -1 5 12 4 -11 -15 3 -6 11 
11 8 10 0 -4 9 11 -7 -15 9 11 4 0 10 6 -5 8 12 3 2 
2 3 12 8 -5 6 10 0 4 11 9 -15 -7 11 9 -4 0 10 8 11 
11 -6 3 -15 -11 4 12 5 -1 2 6 1 10 5 8 7 15 6 8 8 
12 -13 2 0 6 6 5 8 1 10 -1 3 -2 10 -12 12 -11 -5 8 5 
6 -2 6 6 -6 2 -7 -8 2 2 9 3 -1 4 12 3 0 13 -3 14 
11 2 -1 7 3 10 4 11 15 -5 13 2 13 14 8 14 1 -11 10 8 
3 9 -14 12 1 -15 1 -7 8 -12 15 13 4 10 14 14 0 13 0 -15 
13 -3 -13 8 -6 -8 -13 10 10 -12 6 10 13 12 15 0 6 3 7 15 
4 -3 -4 -1 6 9 1 11 5 15 15 -10 -8 6 12 -7 14 6 9 7 
6 -10 -2 9 -12 2 14 5 10 -3 -11 -15 9 14 12 10 15 -8 13 8 
3 13 13 -8 7 15 12 10 15 15 8 0 11 6 3 0 11 3 -4 -11 
30
1
17 1
2 18
0
0
