20 20
20 28 6 12 19 -23 17 16 -25 -1 27 3 26 17 26 11 -26 19 -27 17 
-14 15 7 -23 -10 3 -18 29 6 12 26 2 -12 17 16 11 27 22 14 -14 
10 -17 18 1 18 -9 25 -3 11 28 19 26 0 8 21 16 12 6 20 9 
-28 -2 7 22 20 4 27 3 14 10 13 4 -3 25 14 13 -13 -8 -24 11 
19 6 5 8 13 18 -24 12 15 10 18 -3 6 24 5 28 -29 24 0 21 
12 -23 -1 13 15 3 7 -16 7 12 15 -3 5 -8 3 10 -10 7 6 -21 
26 -27 16 1 16 1 0 6 4 -7 -12 -25 18 -25 -1 -16 1 20 24 13 
26 7 15 11 -20 28 9 11 -16 0 8 -9 15 29 10 9 23 -28 7 4 
10 5 2 17 22 15 22 20 9 21 -12 6 24 -27 -12 27 24 -20 21 -7 
15 13 11 24 2 7 -17 13 26 -9 18 -2 -20 13 4 18 16 -25 26 -1 
-1 26 -25 16 18 4 13 -20 -2 18 -9 26 13 -17 7 2 24 11 13 15 
-7 21 -20 24 27 -12 -27 24 6 -12 21 9 20 22 15 22 17 2 5 10 
4 7 -28 23 9 10 29 15 -9 8 0 -16 11 9 28 -20 11 15 7 26 
13 24 20 1 -16 -1 -25 18 -25 -12 -7 4 6 0 1 16 1 16 -27 26 
-21 6 7 -10 10 3 -8 5 -3 15 12 7 -16 7 3 15 13 -1 -23 12 
21 0 24 -29 28 5 24 6 -3 18 10 15 12 -24 18 13 8 5 6 19 
11 -24 -8 -13 13 14 25 -3 4 13 10 14 3 27 4 20 22 7 -2 -28 
9 20 6 12 16 21 8 0 26 19 28 11 -3 25 -9 18 1 18 -17 10 
-14 14 22 27 11 16 17 -12 2 26 12 6 29 -18 3 -10 -23 7 15 -14 
17 -27 19 -26 11 26 17 26 3 27 -1 -25 16 17 -23 19 12 6 28 20 
30
1
8 0
11 19
0
0
