20 20
6 16 9 13 3 -9 0 18 10 13 6 11 1 -9 5 16 17 -1 -18 -7 
7 6 6 12 17 -6 17 6 -15 14 6 -3 5 4 3 -7 8 4 12 2 
-14 8 1 17 -12 12 4 18 12 1 6 -13 17 15 2 6 17 4 12 11 
14 -5 13 5 5 0 0 8 7 -12 -18 0 0 4 9 -7 -4 17 8 15 
-10 1 8 11 18 17 14 1 14 -15 -18 5 -11 18 15 15 -15 18 8 -3 
13 4 8 8 1 12 5 10 13 15 10 -3 -16 -15 17 -7 4 5 8 9 
9 18 14 12 14 7 14 6 -14 3 7 18 2 6 10 1 10 17 9 -2 
14 -4 0 14 6 -16 -18 18 14 5 16 0 2 16 14 4 8 16 -3 4 
17 13 -2 14 15 -11 -7 -1 -5 10 10 7 15 16 14 4 3 8 10 -7 
4 -15 9 3 14 2 11 17 -2 10 15 5 18 5 9 13 -4 4 -13 15 
15 -13 4 -4 13 9 5 18 5 15 10 -2 17 11 2 14 3 9 -15 4 
-7 10 8 3 4 14 16 15 7 10 10 -5 -1 -7 -11 15 14 -2 13 17 
4 -3 16 8 4 14 16 2 0 16 5 14 18 -18 -16 6 14 0 -4 14 
-2 9 17 10 1 10 6 2 18 7 3 -14 6 14 7 14 12 14 18 9 
9 8 5 4 -7 17 -15 -16 -3 10 15 13 10 5 12 1 8 8 4 13 
-3 8 18 -15 15 15 18 -11 5 -18 -15 14 1 14 17 18 11 8 1 -10 
15 8 17 -4 -7 9 4 0 0 -18 -12 7 8 0 0 5 5 13 -5 14 
11 12 4 17 6 2 15 17 -13 6 1 12 18 4 12 -12 17 1 8 -14 
2 12 4 8 -7 3 4 5 -3 6 14 -15 6 17 -6 17 12 6 6 7 
-7 -18 -1 17 16 5 -9 1 11 6 13 10 18 0 -9 3 13 9 16 6 
30
1
13 17
6 2
0
0
