20 20
9 8 8 -10 8 8 -10 11 0 -2 -8 2 12 5 2 11 -11 1 -8 10 
-7 8 -1 -3 5 12 -8 11 0 -9 9 7 -8 5 -2 7 12 1 6 7 
8 12 4 -10 4 3 -10 9 3 -3 -5 5 6 13 5 6 -8 -10 9 -10 
2 13 2 -5 13 3 -8 8 -5 3 9 12 11 -12 0 -10 -2 -6 13 1 
12 2 1 12 6 -11 13 -7 11 8 -11 2 6 4 5 3 9 -8 5 9 
-5 -12 6 12 11 10 3 12 12 -7 -1 13 3 6 2 5 -10 4 -2 -13 
-4 12 9 4 -6 3 5 -4 -7 -12 -8 -13 7 13 5 6 6 0 3 1 
10 9 -6 -1 5 5 12 10 11 -3 13 -1 6 6 3 9 -6 5 -4 -6 
8 13 10 4 4 8 9 10 3 13 -3 11 -8 9 -9 -10 4 3 12 0 
8 -2 -9 -10 6 1 -6 7 3 -3 11 11 11 9 -5 12 4 12 9 9 
9 9 12 4 12 -5 9 11 11 11 -3 3 7 -6 1 6 -10 -9 -2 8 
0 12 3 4 -10 -9 9 -8 11 -3 13 3 10 9 8 4 4 10 13 8 
-6 -4 5 -6 9 3 6 6 -1 13 -3 11 10 12 5 5 -1 -6 9 10 
1 3 0 6 6 5 13 7 -13 -8 -12 -7 -4 5 3 -6 4 9 12 -4 
-13 -2 4 -10 5 2 6 3 13 -1 -7 12 12 3 10 11 12 6 -12 -5 
9 5 -8 9 3 5 4 6 2 -11 8 11 -7 13 -11 6 12 1 2 12 
1 13 -6 -2 -10 0 -12 11 12 9 3 -5 8 -8 3 13 -5 2 13 2 
-10 9 -10 -8 6 5 13 6 5 -5 -3 3 9 -10 3 4 -10 4 12 8 
7 6 1 12 7 -2 5 -8 7 9 -9 0 11 -8 12 5 -3 -1 8 -7 
10 -8 1 -11 11 2 5 12 2 -8 -2 0 11 -10 8 8 -10 8 8 9 
30
1
0 4
19 15
0
0
