20 20
26 7 3 -19 -10 4 16 -9 -26 13 -10 3 22 -2 5 5 19 10 11 9 
15 25 10 15 10 20 -21 21 -23 2 18 -10 4 -8 26 -13 19 2 -20 18 
0 -6 -26 22 -24 14 1 22 17 26 26 8 3 14 3 13 12 9 11 26 
26 19 -3 1 -24 9 13 11 1 23 3 9 21 20 20 9 -8 23 20 20 
15 5 -14 -21 -5 17 25 9 14 0 26 12 6 24 -11 5 24 23 5 17 
26 -16 -6 4 26 -25 16 13 22 -9 24 15 6 8 23 0 19 -8 17 8 
24 10 -13 -12 -24 12 15 17 10 3 16 0 3 -25 26 24 4 3 -7 21 
21 -9 -19 -7 22 -8 4 16 2 16 -16 9 1 2 -26 4 7 -4 12 21 
-3 22 14 25 12 4 18 19 -10 23 -20 9 7 20 -5 -12 13 6 -25 12 
-23 -2 3 1 9 19 8 0 24 -9 9 19 25 6 -20 13 24 25 21 24 
24 21 25 24 13 -20 6 25 19 9 -9 24 0 8 19 9 1 3 -2 -23 
12 -25 6 13 -12 -5 20 7 9 -20 23 -10 19 18 4 12 25 14 22 -3 
21 12 -4 7 4 -26 2 1 9 -16 16 2 16 4 -8 22 -7 -19 -9 21 
21 -7 3 4 24 26 -25 3 0 16 3 10 17 15 12 -24 -12 -13 10 24 
8 17 -8 19 0 23 8 6 15 24 -9 22 13 16 -25 26 4 -6 -16 26 
17 5 23 24 5 -11 24 6 12 26 0 14 9 25 17 -5 -21 -14 5 15 
20 20 23 -8 9 20 20 21 9 3 23 1 11 13 9 -24 1 -3 19 26 
26 11 9 12 13 3 14 3 8 26 26 17 22 1 14 -24 22 -26 -6 0 
18 -20 2 19 -13 26 -8 4 -10 18 2 -23 21 -21 20 10 15 10 25 15 
9 11 10 19 5 5 -2 22 3 -10 13 -26 -9 16 4 -10 -19 3 7 26 
30
1
7 8
12 11
0
0
