20 20
-11 5 3 2 14 3 13 3 -1 5 10 3 7 -7 9 7 12 -4 5 9 
7 10 12 8 3 2 9 14 13 -13 -1 1 7 6 13 1 1 12 8 13 
1 13 9 6 7 9 0 12 2 9 1 4 6 14 11 11 -10 1 5 -9 
-10 14 0 7 7 6 -14 2 8 12 -13 14 -3 -2 12 9 12 14 12 10 
10 5 10 14 8 -2 8 14 7 3 -2 14 12 10 10 11 5 5 5 5 
0 3 4 -1 -14 4 6 -9 14 10 -8 13 10 10 3 -5 0 -10 13 12 
-1 8 8 10 6 0 1 5 -3 1 -8 12 6 13 -13 4 13 3 0 -7 
5 5 10 13 9 12 12 4 12 11 -11 -11 8 14 -8 2 10 9 10 5 
13 -6 5 9 7 7 14 2 -5 6 13 -8 6 14 9 6 -5 -3 12 -10 
3 4 -13 2 13 5 12 6 -11 14 3 10 6 12 3 -5 12 -8 10 14 
14 10 -8 12 -5 3 12 6 10 3 14 -11 6 12 5 13 2 -13 4 3 
-10 12 -3 -5 6 9 14 6 -8 13 6 -5 2 14 7 7 9 5 -6 13 
5 10 9 10 2 -8 14 8 -11 -11 11 12 4 12 12 9 13 10 5 5 
-7 0 3 13 4 -13 13 6 12 -8 1 -3 5 1 0 6 10 8 8 -1 
12 13 -10 0 -5 3 10 10 13 -8 10 14 -9 6 4 -14 -1 4 3 0 
5 5 5 5 11 10 10 12 14 -2 3 7 14 8 -2 8 14 10 5 10 
10 12 14 12 9 12 -2 -3 14 -13 12 8 2 -14 6 7 7 0 14 -10 
-9 5 1 -10 11 11 14 6 4 1 9 2 12 0 9 7 6 9 13 1 
13 8 12 1 1 13 6 7 1 -1 -13 13 14 9 2 3 8 12 10 7 
9 5 -4 12 7 9 -7 7 3 10 5 -1 3 13 3 14 2 3 5 -11 
30
1
19 3
0 16
0
0
