20 20
3 22 -18 30 -1 -3 7 6 7 21 24 8 29 30 -12 20 30 -13 15 10 
16 -24 2 24 25 20 2 5 9 22 17 14 23 9 -15 -9 5 -13 30 3 
18 22 3 10 15 28 25 -6 4 8 7 -24 28 -15 -14 4 15 8 25 18 
2 30 8 3 30 30 27 -9 26 -8 15 -7 23 1 24 28 18 22 8 25 
-7 -16 27 -30 22 -16 5 3 -7 18 10 29 -1 1 3 27 -16 4 24 26 
2 21 18 22 13 20 5 18 24 -3 4 22 4 -19 12 11 23 16 1 7 
-28 3 21 27 -19 28 27 28 15 10 -17 19 8 18 0 -19 -21 -12 -6 -25 
-19 -12 21 2 21 0 22 14 17 25 18 -26 27 10 23 25 9 6 17 23 
20 17 30 11 -24 -29 2 11 7 10 -30 5 -9 26 25 9 20 5 16 28 
-6 -20 20 -1 12 23 10 -25 17 22 -12 -11 -11 29 -7 17 -26 29 -1 30 
30 -1 29 -26 17 -7 29 -11 -11 -12 22 17 -25 10 23 12 -1 20 -20 -6 
28 16 5 20 9 25 26 -9 5 -30 10 7 11 2 -29 -24 11 30 17 20 
23 17 6 9 25 23 10 27 -26 18 25 17 14 22 0 21 2 21 -12 -19 
-25 -6 -12 -21 -19 0 18 8 19 -17 10 15 28 27 28 -19 27 21 3 -28 
7 1 16 23 11 12 -19 4 22 4 -3 24 18 5 20 13 22 18 21 2 
26 24 4 -16 27 3 1 -1 29 10 18 -7 3 5 -16 22 -30 27 -16 -7 
25 8 22 18 28 24 1 23 -7 15 -8 26 -9 27 30 30 3 8 30 2 
18 25 8 15 4 -14 -15 28 -24 7 8 4 -6 25 28 15 10 3 22 18 
3 30 -13 5 -9 -15 9 23 14 17 22 9 5 2 20 25 24 2 -24 16 
10 15 -13 30 20 -12 30 29 8 24 21 7 6 7 -3 -1 30 -18 22 3 
30
1
15 10
4 9
0
0
