20 20
15 12 21 -13 2 -8 15 -16 -20 14 -14 9 -23 2 3 12 8 1 4 12 
5 -17 -12 23 16 -15 -1 15 8 11 -10 10 2 -22 3 3 19 23 3 10 
15 17 -4 2 3 4 8 -1 2 -22 14 19 2 0 11 12 23 22 -22 -19 
-17 -19 2 -3 -10 15 6 11 -4 -16 3 6 8 4 15 1 23 23 19 7 
-21 21 20 -11 22 2 4 -23 23 2 -5 16 21 -5 19 21 7 -22 3 3 
8 9 9 -17 12 5 -21 10 19 11 20 9 21 16 18 17 13 8 17 9 
20 2 -13 8 18 20 5 8 14 21 -9 17 11 1 4 23 -17 -6 7 3 
5 -22 8 10 14 16 21 -22 10 16 4 -21 -13 9 3 19 3 5 9 0 
-3 -15 3 9 0 8 19 4 4 1 18 19 6 20 14 23 10 5 -11 14 
23 2 8 16 13 -14 20 11 -5 -23 6 18 -7 21 16 9 12 23 23 22 
22 23 23 12 9 16 21 -7 18 6 -23 -5 11 20 -14 13 16 8 2 23 
14 -11 5 10 23 14 20 6 19 18 1 4 4 19 8 0 9 3 -15 -3 
0 9 5 3 19 3 9 -13 -21 4 16 10 -22 21 16 14 10 8 -22 5 
3 7 -6 -17 23 4 1 11 17 -9 21 14 8 5 20 18 8 -13 2 20 
9 17 8 13 17 18 16 21 9 20 11 19 10 -21 5 12 -17 9 9 8 
3 3 -22 7 21 19 -5 21 16 -5 2 23 -23 4 2 22 -11 20 21 -21 
7 19 23 23 1 15 4 8 6 3 -16 -4 11 6 15 -10 -3 2 -19 -17 
-19 -22 22 23 12 11 0 2 19 14 -22 2 -1 8 4 3 2 -4 17 15 
10 3 23 19 3 3 -22 2 10 -10 11 8 15 -1 -15 16 23 -12 -17 5 
12 4 1 8 12 3 2 -23 9 -14 14 -20 -16 15 -8 2 -13 21 12 15 
30
1
11 6
8 13
0
0
