20 20
2 -12 6 -5 1 13 6 -13 -11 2 -3 2 -7 8 10 13 -7 2 8 4 
12 2 1 5 11 -8 3 10 -4 5 1 5 3 8 -2 11 7 11 9 -2 
8 7 3 -1 1 -13 8 1 1 5 2 -11 9 11 -11 13 3 0 -9 11 
1 11 9 13 -8 1 -10 8 2 -12 4 3 12 11 10 3 -9 10 1 -2 
0 1 13 1 7 2 -10 7 8 9 -3 4 12 10 11 4 9 0 9 9 
5 8 0 -8 7 1 2 5 0 8 13 9 -10 -2 -2 0 10 11 10 10 
12 11 1 8 -10 5 7 7 12 6 10 -12 12 -5 4 13 6 6 10 9 
-8 6 12 1 -8 -12 10 -12 12 7 6 9 -10 1 0 -9 4 11 7 12 
-13 11 3 -3 5 13 5 -13 5 -1 6 8 10 4 -13 -4 9 7 7 8 
0 7 4 8 2 -6 6 5 12 -6 8 8 4 13 5 5 -12 5 -3 5 
5 -3 5 -12 5 5 13 4 8 8 -6 12 5 6 -6 2 8 4 7 0 
8 7 7 9 -4 -13 4 10 8 6 -1 5 -13 5 13 5 -3 3 11 -13 
12 7 11 4 -9 0 1 -10 9 6 7 12 -12 10 -12 -8 1 12 6 -8 
9 10 6 6 13 4 -5 12 -12 10 6 12 7 7 5 -10 8 1 11 12 
10 10 11 10 0 -2 -2 -10 9 13 8 0 5 2 1 7 -8 0 8 5 
9 9 0 9 4 11 10 12 4 -3 9 8 7 -10 2 7 1 13 1 0 
-2 1 10 -9 3 10 11 12 3 4 -12 2 8 -10 1 -8 13 9 11 1 
11 -9 0 3 13 -11 11 9 -11 2 5 1 1 8 -13 1 -1 3 7 8 
-2 9 11 7 11 -2 8 3 5 1 5 -4 10 3 -8 11 5 1 2 12 
4 8 2 -7 13 10 8 -7 2 -3 2 -11 -13 6 13 1 -5 6 -12 2 
30
1
16 0
3 19
0
0
