20 20
-28 21 26 -13 -19 18 19 -17 -14 -5 28 27 1 24 14 -21 -11 -12 -5 2 
29 26 23 27 -18 24 6 3 16 29 18 -11 9 -13 12 5 22 12 28 -25 
2 25 29 14 8 -6 28 22 26 -26 -3 9 16 -18 -16 26 5 29 0 -2 
8 5 2 20 28 1 23 19 14 26 5 1 -9 0 -3 -12 17 12 -21 26 
2 -26 -6 0 14 1 11 11 28 19 -24 1 -26 -1 -7 0 0 15 1 22 
2 5 13 10 -3 7 -1 2 5 -20 3 25 20 19 -5 -24 2 -25 -28 6 
-25 22 -7 -17 -24 4 29 2 18 25 27 0 21 -26 8 22 -2 6 3 -10 
-8 16 13 12 7 18 18 7 15 13 13 15 6 11 9 7 -4 4 15 10 
6 -5 -18 -11 -1 25 23 10 7 11 22 23 -7 3 21 12 14 3 23 23 
29 11 -18 20 0 3 -13 22 19 20 -23 29 10 27 12 24 5 29 24 -10 
-10 24 29 5 24 12 27 10 29 -23 20 19 22 -13 3 0 20 -18 11 29 
23 23 3 14 12 21 3 -7 23 22 11 7 10 23 25 -1 -11 -18 -5 6 
10 15 4 -4 7 9 11 6 15 13 13 15 7 18 18 7 12 13 16 -8 
-10 3 6 -2 22 8 -26 21 0 27 25 18 2 29 4 -24 -17 -7 22 -25 
6 -28 -25 2 -24 -5 19 20 25 3 -20 5 2 -1 7 -3 10 13 5 2 
22 1 15 0 0 -7 -1 -26 1 -24 19 28 11 11 1 14 0 -6 -26 2 
26 -21 12 17 -12 -3 0 -9 1 5 26 14 19 23 1 28 20 2 5 8 
-2 0 29 5 26 -16 -18 16 9 -3 -26 26 22 28 -6 8 14 29 25 2 
-25 28 12 22 5 12 -13 9 -11 18 29 16 3 6 24 -18 27 23 26 29 
2 -5 -12 -11 -21 14 24 1 27 28 -5 -14 -17 19 18 -19 -13 26 21 -28 
30
1
16 1
3 18
0
0
