20 20
-3 10 8 3 -7 11 7 -11 11 -9 6 11 -10 1 12 -6 -2 -5 4 7 
9 8 -6 9 -10 8 1 -2 8 -1 12 9 2 12 11 -6 1 1 4 -7 
-10 12 11 -4 1 -6 5 -3 -1 5 9 2 9 3 -4 9 10 0 9 -4 
4 9 2 9 5 -10 4 4 7 1 1 4 7 8 -6 8 5 10 7 -11 
0 -1 9 1 11 -4 -12 7 1 -7 3 11 11 7 2 -7 2 4 -11 11 
10 9 -5 -6 1 2 12 5 12 3 12 9 4 4 -2 3 8 10 -1 7 
-6 4 8 0 10 -9 4 7 3 0 -9 11 6 2 -6 -1 -9 9 2 8 
0 -2 12 0 9 8 1 -3 -3 3 11 11 5 12 2 2 11 -10 11 -6 
9 -3 10 4 10 7 5 -4 -9 5 5 -5 11 3 12 -4 7 5 6 8 
10 12 -9 8 8 2 -7 7 2 3 10 10 12 -11 2 4 10 -8 5 1 
1 5 -8 10 4 2 -11 12 10 10 3 2 7 -7 2 8 8 -9 12 10 
8 6 5 7 -4 12 3 11 -5 5 5 -9 -4 5 7 10 4 10 -3 9 
-6 11 -10 11 2 2 12 5 11 11 3 -3 -3 1 8 9 0 12 -2 0 
8 2 9 -9 -1 -6 2 6 11 -9 0 3 7 4 -9 10 0 8 4 -6 
7 -1 10 8 3 -2 4 4 9 12 3 12 5 12 2 1 -6 -5 9 10 
11 -11 4 2 -7 2 7 11 11 3 -7 1 7 -12 -4 11 1 9 -1 0 
-11 7 10 5 8 -6 8 7 4 1 1 7 4 4 -10 5 9 2 9 4 
-4 9 0 10 9 -4 3 9 2 9 5 -1 -3 5 -6 1 -4 11 12 -10 
-7 4 1 1 -6 11 12 2 9 12 -1 8 -2 1 8 -10 9 -6 8 9 
7 4 -5 -2 -6 12 1 -10 11 6 -9 11 -11 7 11 -7 3 8 10 -3 
30
1
13 17
6 2
0
0
