20 20
7 -7 -10 8 14 -9 -26 23 14 -10 14 8 -7 16 16 8 9 23 4 20 
23 16 -11 5 23 4 -26 21 -29 -13 -29 26 -19 16 27 18 21 13 23 19 
-24 5 -16 -19 -21 16 24 3 -16 22 19 4 20 28 22 24 5 20 13 6 
-18 5 11 15 -3 -14 24 -13 29 -26 28 1 25 -20 29 28 -9 23 8 4 
1 24 16 1 18 -29 21 21 10 17 -28 -28 3 27 17 -9 4 18 27 27 
1 -6 6 8 24 -6 16 1 22 6 -7 21 12 21 22 3 13 15 4 26 
0 0 6 25 24 -13 -14 16 21 16 26 4 21 10 -24 28 -2 -7 -6 -20 
11 8 28 17 -4 -21 -11 24 -11 23 5 18 -21 4 27 7 10 7 16 -14 
-17 22 10 20 27 -21 -2 6 -19 -25 20 16 -21 13 20 2 -9 29 8 -5 
2 29 -11 -2 23 -7 18 0 25 25 8 -18 1 7 -17 1 4 1 11 14 
14 11 1 4 1 -17 7 1 -18 8 25 25 0 18 -7 23 -2 -11 29 2 
-5 8 29 -9 2 20 13 -21 16 20 -25 -19 6 -2 -21 27 20 10 22 -17 
-14 16 7 10 7 27 4 -21 18 5 23 -11 24 -11 -21 -4 17 28 8 11 
-20 -6 -7 -2 28 -24 10 21 4 26 16 21 16 -14 -13 24 25 6 0 0 
26 4 15 13 3 22 21 12 21 -7 6 22 1 16 -6 24 8 6 -6 1 
27 27 18 4 -9 17 27 3 -28 -28 17 10 21 21 -29 18 1 16 24 1 
4 8 23 -9 28 29 -20 25 1 28 -26 29 -13 24 -14 -3 15 11 5 -18 
6 13 20 5 24 22 28 20 4 19 22 -16 3 24 16 -21 -19 -16 5 -24 
19 23 13 21 18 27 16 -19 26 -29 -13 -29 21 -26 4 23 5 -11 16 23 
20 4 23 9 8 16 16 -7 8 14 -10 14 23 -26 -9 14 8 -10 -7 7 
30
1
3 6
16 13
0
0
