20 20
20 -3 -21 13 5 24 -22 2 -3 5 20 24 21 -18 14 -20 23 -11 16 6 
5 16 3 5 4 15 10 4 23 22 -12 -2 7 8 -2 2 17 1 5 3 
16 2 21 7 11 17 13 -8 17 11 -1 17 11 22 10 -16 24 -1 3 1 
0 4 12 12 18 8 15 11 14 18 -9 12 19 -1 19 -24 4 10 -2 10 
1 -15 -22 4 6 7 17 13 10 15 -18 13 2 5 2 18 3 16 1 20 
10 18 19 0 3 8 -13 15 -10 18 16 16 -21 23 16 13 10 -8 0 15 
0 19 16 1 19 22 5 24 12 24 15 17 -16 -7 3 2 23 21 12 -10 
-4 -15 22 20 11 -5 -8 6 -10 -24 21 -4 -1 -1 -8 -14 -21 9 5 19 
18 -20 11 14 12 -8 13 -3 -7 8 2 21 21 22 6 5 11 12 -4 24 
16 3 3 3 22 1 -1 19 -17 24 1 18 16 12 8 14 9 -10 12 13 
13 12 -10 9 14 8 12 16 18 1 24 -17 19 -1 1 22 3 3 3 16 
24 -4 12 11 5 6 22 21 21 2 8 -7 -3 13 -8 12 14 11 -20 18 
19 5 9 -21 -14 -8 -1 -1 -4 21 -24 -10 6 -8 -5 11 20 22 -15 -4 
-10 12 21 23 2 3 -7 -16 17 15 24 12 24 5 22 19 1 16 19 0 
15 0 -8 10 13 16 23 -21 16 16 18 -10 15 -13 8 3 0 19 18 10 
20 1 16 3 18 2 5 2 13 -18 15 10 13 17 7 6 4 -22 -15 1 
10 -2 10 4 -24 19 -1 19 12 -9 18 14 11 15 8 18 12 12 4 0 
1 3 -1 24 -16 10 22 11 17 -1 11 17 -8 13 17 11 7 21 2 16 
3 5 1 17 2 -2 8 7 -2 -12 22 23 4 10 15 4 5 3 16 5 
6 16 -11 23 -20 14 -18 21 24 20 5 -3 2 -22 24 5 13 -21 -3 20 
30
1
19 14
0 5
0
0
