20 20
-7 -3 6 -8 11 4 11 -5 1 11 6 7 6 10 7 -4 -1 6 9 2 
6 -1 10 1 6 5 9 4 9 -1 6 5 4 -6 4 6 3 4 10 11 
-5 9 -4 10 1 9 4 9 7 3 5 -11 8 7 8 -8 2 -5 5 8 
-2 -4 7 2 2 1 10 11 -8 3 6 11 -3 2 1 -5 -11 4 8 7 
10 11 10 2 3 3 -11 8 10 6 6 -1 4 0 0 3 1 -1 -6 -2 
5 0 6 -8 -8 -11 4 8 10 0 9 8 4 0 4 11 9 -5 10 -11 
11 5 6 1 4 -8 -1 -4 3 -8 2 9 4 -4 8 -2 3 1 7 11 
1 -3 1 4 6 1 3 3 2 0 3 9 3 10 -11 11 10 10 3 5 
11 8 5 3 7 6 1 0 1 6 3 -6 11 4 7 5 4 4 5 6 
8 7 10 3 7 4 10 -2 4 11 -11 -10 2 -7 1 -9 -5 3 9 2 
2 9 3 -5 -9 1 -7 2 -10 -11 11 4 -2 10 4 7 3 10 7 8 
6 5 4 4 5 7 4 11 -6 3 6 1 0 1 6 7 3 5 8 11 
5 3 10 10 11 -11 10 3 9 3 0 2 3 3 1 6 4 1 -3 1 
11 7 1 3 -2 8 -4 4 9 2 -8 3 -4 -1 -8 4 1 6 5 11 
-11 10 -5 9 11 4 0 4 8 9 0 10 8 4 -11 -8 -8 6 0 5 
-2 -6 -1 1 3 0 0 4 -1 6 6 10 8 -11 3 3 2 10 11 10 
7 8 4 -11 -5 1 2 -3 11 6 3 -8 11 10 1 2 2 7 -4 -2 
8 5 -5 2 -8 8 7 8 -11 5 3 7 9 4 9 1 10 -4 9 -5 
11 10 4 3 6 4 -6 4 5 6 -1 9 4 9 5 6 1 10 -1 6 
2 9 6 -1 -4 7 10 6 7 6 11 1 -5 11 4 11 -8 6 -3 -7 
30
1
0 19
19 0
0
0
