20 20
14 4 12 8 18 -2 17 10 9 3 7 18 13 -10 8 12 -16 2 18 6 
12 -8 14 9 -3 7 8 11 14 8 18 15 -16 6 11 3 5 7 3 13 
9 -1 19 -5 17 -16 13 7 2 10 1 17 11 -15 15 10 -7 9 5 15 
10 14 1 -4 16 4 9 4 -10 10 19 7 7 -6 12 8 11 1 6 0 
-8 11 19 14 19 3 2 -5 7 11 6 8 9 -11 -5 12 -8 -3 17 8 
-1 13 -7 -1 -17 16 11 10 14 8 -11 8 13 9 7 11 12 5 19 10 
-17 2 15 3 3 9 4 12 4 8 17 -13 9 -6 -19 16 12 -12 1 19 
12 11 13 8 5 8 16 18 6 4 11 7 2 -18 7 11 15 -15 -15 1 
2 -9 1 0 -5 16 15 -5 -11 10 2 -19 5 -16 12 8 -14 -1 6 -9 
1 -9 -13 -19 11 18 -1 -6 16 13 13 -10 10 8 10 9 15 7 15 16 
16 15 7 15 9 10 8 10 -10 13 13 16 -6 -1 18 11 -19 -13 -9 1 
-9 6 -1 -14 8 12 -16 5 -19 2 10 -11 -5 15 16 -5 0 1 -9 2 
1 -15 -15 15 11 7 -18 2 7 11 4 6 18 16 8 5 8 13 11 12 
19 1 -12 12 16 -19 -6 9 -13 17 8 4 12 4 9 3 3 15 2 -17 
10 19 5 12 11 7 9 13 8 -11 8 14 10 11 16 -17 -1 -7 13 -1 
8 17 -3 -8 12 -5 -11 9 8 6 11 7 -5 2 3 19 14 19 11 -8 
0 6 1 11 8 12 -6 7 7 19 10 -10 4 9 4 16 -4 1 14 10 
15 5 9 -7 10 15 -15 11 17 1 10 2 7 13 -16 17 -5 19 -1 9 
13 3 7 5 3 11 6 -16 15 18 8 14 11 8 7 -3 9 14 -8 12 
6 18 2 -16 12 8 -10 13 18 7 3 9 10 17 -2 18 8 12 4 14 
30
1
3 10
16 9
0
0
