20 20
7 -15 -1 6 4 1 -7 12 -13 13 13 -3 -23 22 22 15 16 23 4 22 
-8 17 19 22 3 5 21 5 23 -8 11 2 20 14 -10 -4 22 0 14 8 
7 12 -13 1 -17 2 -11 5 11 -3 15 21 6 -5 22 -1 23 8 -12 -10 
-15 20 3 -13 -23 20 5 3 -12 -3 4 18 -12 19 8 6 -8 21 17 20 
13 11 -13 11 -5 13 5 -9 18 23 -17 19 -22 23 12 2 6 22 15 18 
-4 -10 0 -13 22 14 15 15 0 8 23 14 23 7 13 1 16 -20 12 8 
14 4 21 2 10 -19 -10 15 8 4 6 -11 12 -15 12 0 19 0 -8 11 
21 2 13 4 -13 0 3 8 3 -19 -21 2 8 1 -13 -7 1 -3 12 2 
3 17 1 3 11 6 17 4 -6 1 22 11 -8 23 5 -1 13 -6 11 14 
6 16 -22 -15 -14 5 -17 -22 -4 -8 15 0 -3 19 4 -1 12 20 10 8 
8 10 20 12 -1 4 19 -3 0 15 -8 -4 -22 -17 5 -14 -15 -22 16 6 
14 11 -6 13 -1 5 23 -8 11 22 1 -6 4 17 6 11 3 1 17 3 
2 12 -3 1 -7 -13 1 8 2 -21 -19 3 8 3 0 -13 4 13 2 21 
11 -8 0 19 0 12 -15 12 -11 6 4 8 15 -10 -19 10 2 21 4 14 
8 12 -20 16 1 13 7 23 14 23 8 0 15 15 14 22 -13 0 -10 -4 
18 15 22 6 2 12 23 -22 19 -17 23 18 -9 5 13 -5 11 -13 11 13 
20 17 21 -8 6 8 19 -12 18 4 -3 -12 3 5 20 -23 -13 3 20 -15 
-10 -12 8 23 -1 22 -5 6 21 15 -3 11 5 -11 2 -17 1 -13 12 7 
8 14 0 22 -4 -10 14 20 2 11 -8 23 5 21 5 3 22 19 17 -8 
22 4 23 16 15 22 22 -23 -3 13 13 -13 12 -7 1 4 6 -1 -15 7 
30
1
12 11
7 8
0
0
