20 20
3 1 14 14 -7 5 -8 7 30 -11 0 -29 4 -24 15 26 17 2 -9 5 
4 13 29 1 29 -5 9 -3 18 5 -17 26 -24 10 -20 30 5 5 29 8 
10 1 -23 24 23 28 5 -10 -19 12 -2 12 19 21 21 -16 0 13 21 1 
9 0 4 -28 9 17 -18 8 9 6 10 3 -4 29 15 17 29 17 9 29 
30 20 -22 17 2 4 11 -24 26 -4 30 2 -10 1 13 18 11 17 14 30 
17 16 29 17 22 7 20 3 0 20 -14 3 28 30 -30 -9 27 24 -15 30 
9 13 25 29 -13 5 5 3 -24 -10 -7 14 -22 24 6 8 5 20 -14 -12 
10 8 14 9 -6 2 -1 25 2 10 2 -5 8 -25 27 1 -3 7 -22 7 
-12 2 2 7 26 9 10 24 30 7 7 4 15 -6 11 6 5 17 1 12 
10 12 8 -24 12 -3 21 21 14 29 14 22 29 3 20 0 16 -14 22 3 
3 22 -14 16 0 20 3 29 22 14 29 14 21 21 -3 12 -24 8 12 10 
12 1 17 5 6 11 -6 15 4 7 7 30 24 10 9 26 7 2 2 -12 
7 -22 7 -3 1 27 -25 8 -5 2 10 2 25 -1 2 -6 9 14 8 10 
-12 -14 20 5 8 6 24 -22 14 -7 -10 -24 3 5 5 -13 29 25 13 9 
30 -15 24 27 -9 -30 30 28 3 -14 20 0 3 20 7 22 17 29 16 17 
30 14 17 11 18 13 1 -10 2 30 -4 26 -24 11 4 2 17 -22 20 30 
29 9 17 29 17 15 29 -4 3 10 6 9 8 -18 17 9 -28 4 0 9 
1 21 13 0 -16 21 21 19 12 -2 12 -19 -10 5 28 23 24 -23 1 10 
8 29 5 5 30 -20 10 -24 26 -17 5 18 -3 9 -5 29 1 29 13 4 
5 -9 2 17 26 15 -24 4 -29 0 -11 30 7 -8 5 -7 14 14 1 3 
30
1
7 0
12 19
0
0
