20 20
-6 -8 2 7 -1 5 16 22 10 10 24 4 19 9 -6 20 20 20 17 14 
-15 8 -18 17 21 -4 10 18 22 9 20 -10 3 10 1 11 -4 24 21 23 
16 10 1 15 -1 5 0 14 -1 11 7 4 10 20 16 -10 2 16 21 12 
17 13 -11 9 -6 -7 17 13 11 18 10 -5 15 -9 12 8 1 10 12 7 
23 14 23 -24 -13 14 -10 -1 4 12 7 16 10 -10 24 22 19 -7 -13 -20 
-7 16 -5 9 14 14 10 14 21 21 2 -11 8 15 5 4 21 -13 21 2 
17 10 22 10 -11 20 -7 22 19 24 15 3 -22 7 17 19 22 3 8 13 
5 19 2 -14 17 10 -17 24 21 23 4 -17 3 -2 7 24 13 21 20 12 
2 -18 -20 2 -22 24 6 8 6 21 20 11 22 6 5 7 10 13 6 16 
20 24 8 -8 15 20 1 12 1 16 10 3 3 14 -14 11 3 17 17 10 
10 17 17 3 11 -14 14 3 3 10 16 1 12 1 20 15 -8 8 24 20 
16 6 13 10 7 5 6 22 11 20 21 6 8 6 24 -22 2 -20 -18 2 
12 20 21 13 24 7 -2 3 -17 4 23 21 24 -17 10 17 -14 2 19 5 
13 8 3 22 19 17 7 -22 3 15 24 19 22 -7 20 -11 10 22 10 17 
2 21 -13 21 4 5 15 8 -11 2 21 21 14 10 14 14 9 -5 16 -7 
-20 -13 -7 19 22 24 -10 10 16 7 12 4 -1 -10 14 -13 -24 23 14 23 
7 12 10 1 8 12 -9 15 -5 10 18 11 13 17 -7 -6 9 -11 13 17 
12 21 16 2 -10 16 20 10 4 7 11 -1 14 0 5 -1 15 1 10 16 
23 21 24 -4 11 1 10 3 -10 20 9 22 18 10 -4 21 17 -18 8 -15 
14 17 20 20 20 -6 9 19 4 24 10 10 22 16 5 -1 7 2 -8 -6 
30
1
18 6
1 13
0
0
