20 20
-14 13 7 2 -9 13 -2 -12 3 15 0 -8 -4 13 -14 -11 -11 13 8 9 
1 0 -12 7 12 5 9 -5 0 2 7 4 4 6 -5 -6 15 14 6 6 
4 12 3 0 -8 -2 5 7 1 3 -8 14 7 6 5 7 9 4 -13 -5 
5 9 10 4 12 1 6 -9 1 14 9 15 4 6 2 8 13 -6 8 6 
8 11 7 7 9 -6 13 12 15 14 6 10 0 11 2 1 -7 9 -10 4 
13 5 9 -6 9 13 14 4 13 -12 4 5 0 0 -3 -13 -13 5 6 9 
5 8 -4 8 -11 -4 -13 13 1 14 -10 10 13 3 6 3 -12 11 5 -1 
5 7 12 10 5 2 3 -11 9 -13 11 15 9 0 -13 0 4 1 11 -8 
8 -5 -3 8 13 4 0 10 -11 -12 9 6 -1 4 -9 13 -9 2 14 9 
6 -5 11 -4 15 11 9 15 14 9 14 13 -12 7 -6 13 -14 15 -12 -3 
-3 -12 15 -14 13 -6 7 -12 13 14 9 14 15 9 11 15 -4 11 -5 6 
9 14 2 -9 13 -9 4 -1 6 9 -12 -11 10 0 4 13 8 -3 -5 8 
-8 11 1 4 0 -13 0 9 15 11 -13 9 -11 3 2 5 10 12 7 5 
-1 5 11 -12 3 6 3 13 10 -10 14 1 13 -13 -4 -11 8 -4 8 5 
9 6 5 -13 -13 -3 0 0 5 4 -12 13 4 14 13 9 -6 9 5 13 
4 -10 9 -7 1 2 11 0 10 6 14 15 12 13 -6 9 7 7 11 8 
6 8 -6 13 8 2 6 4 15 9 14 1 -9 6 1 12 4 10 9 5 
-5 -13 4 9 7 5 6 7 14 -8 3 1 7 5 -2 -8 0 3 12 4 
6 6 14 15 -6 -5 6 4 4 7 2 0 -5 9 5 12 7 -12 0 1 
9 8 13 -11 -11 -14 13 -4 -8 0 15 3 -12 -2 13 -9 2 7 13 -14 
30
1
16 10
3 9
0
0
