20 20
14 7 -1 14 20 17 13 16 11 18 6 2 17 3 5 -6 5 6 -20 9 
5 17 5 19 -2 -12 -6 0 1 11 7 9 8 5 -14 -20 1 -15 20 18 
-19 14 16 -7 5 14 11 -10 11 15 5 7 -19 8 14 -16 12 14 -3 17 
18 -5 5 19 1 9 15 -12 -2 -2 13 6 -19 -8 -17 14 -8 -18 12 -19 
18 1 10 1 1 1 5 10 2 -11 20 -3 11 15 15 14 11 -14 7 -11 
2 -6 0 15 17 4 15 1 3 17 10 10 13 4 11 -14 15 20 12 -3 
4 -12 -10 -5 -11 -12 13 4 20 19 2 -2 7 19 12 -19 -2 18 7 14 
-1 -17 11 -18 -7 6 -5 16 12 -10 -14 13 -9 17 11 9 -17 1 10 10 
12 -7 6 9 7 2 17 16 -17 9 13 13 10 -19 14 19 10 -9 9 10 
0 3 3 7 6 14 13 15 7 16 11 -6 15 8 14 -11 6 -2 10 5 
5 10 -2 6 -11 14 8 15 -6 11 16 7 15 13 14 6 7 3 3 0 
10 9 -9 10 19 14 -19 10 13 13 9 -17 16 17 2 7 9 6 -7 12 
10 10 1 -17 9 11 17 -9 13 -14 -10 12 16 -5 6 -7 -18 11 -17 -1 
14 7 18 -2 -19 12 19 7 -2 2 19 20 4 13 -12 -11 -5 -10 -12 4 
-3 12 20 15 -14 11 4 13 10 10 17 3 1 15 4 17 15 0 -6 2 
-11 7 -14 11 14 15 15 11 -3 20 -11 2 10 5 1 1 1 10 1 18 
-19 12 -18 -8 14 -17 -8 -19 6 13 -2 -2 -12 15 9 1 19 5 -5 18 
17 -3 14 12 -16 14 8 -19 7 5 15 11 -10 11 14 5 -7 16 14 -19 
18 20 -15 1 -20 -14 5 8 9 7 11 1 0 -6 -12 -2 19 5 17 5 
9 -20 6 5 -6 5 3 17 2 6 18 11 16 13 17 20 14 -1 7 14 
30
1
11 14
8 5
0
0
