20 20
3 27 4 24 15 4 25 -24 24 19 17 26 13 1 13 6 -12 20 -25 1 
23 0 -24 6 19 20 -26 22 9 -13 24 21 23 11 15 0 8 3 2 10 
-17 1 -14 1 27 -1 27 -9 14 -25 25 25 -25 -17 -27 12 27 -13 -10 -22 
21 19 11 -20 18 23 14 -23 13 21 18 -15 -7 -25 -11 26 11 26 1 -11 
-18 9 17 -20 20 26 3 -27 16 18 -13 27 20 18 -27 -12 23 10 18 19 
17 8 -21 -5 22 -26 0 21 20 -26 22 27 11 12 17 11 14 6 17 18 
9 -21 18 -21 -4 9 9 23 7 8 1 -1 25 11 28 11 -5 24 -28 -15 
28 -12 4 -18 18 16 28 4 13 -16 19 -25 13 25 17 14 0 25 -21 -3 
-9 -4 2 15 -26 1 24 15 -26 1 24 18 -2 15 3 -13 23 17 6 2 
-26 22 15 -19 0 18 6 9 12 23 -2 14 16 3 9 2 -13 15 -1 25 
25 -1 15 -13 2 9 3 16 14 -2 23 12 9 6 18 0 -19 15 22 -26 
2 6 17 23 -13 3 15 -2 18 24 1 -26 15 24 1 -26 15 2 -4 -9 
-3 -21 25 0 14 17 25 13 -25 19 -16 13 4 28 16 18 -18 4 -12 28 
-15 -28 24 -5 11 28 11 25 -1 1 8 7 23 9 9 -4 -21 18 -21 9 
18 17 6 14 11 17 12 11 27 22 -26 20 21 0 -26 22 -5 -21 8 17 
19 18 10 23 -12 -27 18 20 27 -13 18 16 -27 3 26 20 -20 17 9 -18 
-11 1 26 11 26 -11 -25 -7 -15 18 21 13 -23 14 23 18 -20 11 19 21 
-22 -10 -13 27 12 -27 -17 -25 25 25 -25 14 -9 27 -1 27 1 -14 1 -17 
10 2 3 8 0 15 11 23 21 24 -13 9 22 -26 20 19 6 -24 0 23 
1 -25 20 -12 6 13 1 13 26 17 19 24 -24 25 4 15 24 4 27 3 
30
1
14 0
5 19
0
0
