20 20
4 15 10 2 8 2 -6 3 0 -5 9 -5 2 5 6 2 15 12 13 3 
7 1 -11 -7 9 13 12 6 16 12 3 15 6 16 8 16 9 -11 7 1 
6 16 -8 7 16 -3 6 -9 6 3 11 6 3 1 9 10 1 -7 3 -16 
15 14 8 4 4 -1 -12 12 4 -15 11 4 14 6 6 9 12 5 16 1 
9 -8 3 -2 14 2 4 7 15 7 4 4 11 9 10 8 -13 -16 4 16 
-6 5 13 -8 3 16 9 13 11 -2 -8 -10 11 16 -10 -15 -5 11 -8 15 
15 4 3 -12 11 11 -16 -6 14 13 3 1 8 7 -10 -14 4 -15 4 3 
-7 16 16 14 12 -11 -10 1 -8 12 12 5 -16 9 0 11 11 13 13 3 
4 -3 5 0 5 14 3 0 6 6 0 14 -6 -2 -7 13 14 -13 6 5 
13 12 9 1 5 15 -6 1 -14 6 11 4 -11 -13 6 4 6 15 -6 4 
4 -6 15 6 4 6 -13 -11 4 11 6 -14 1 -6 15 5 1 9 12 13 
5 6 -13 14 13 -7 -2 -6 14 0 6 6 0 3 14 5 0 5 -3 4 
3 13 13 11 11 0 9 -16 5 12 12 -8 1 -10 -11 12 14 16 16 -7 
3 4 -15 4 -14 -10 7 8 1 3 13 14 -6 -16 11 11 -12 3 4 15 
15 -8 11 -5 -15 -10 16 11 -10 -8 -2 11 13 9 16 3 -8 13 5 -6 
16 4 -16 -13 8 10 9 11 4 4 7 15 7 4 2 14 -2 3 -8 9 
1 16 5 12 9 6 6 14 4 11 -15 4 12 -12 -1 4 4 8 14 15 
-16 3 -7 1 10 9 1 3 6 11 3 6 -9 6 -3 16 7 -8 16 6 
1 7 -11 9 16 8 16 6 15 3 12 16 6 12 13 9 -7 -11 1 7 
3 13 12 15 2 6 5 2 -5 9 -5 0 3 -6 2 8 2 10 15 4 
30
1
15 13
4 6
0
0
