20 20
16 2 14 13 -16 10 10 16 -5 -15 8 -3 -10 16 18 16 2 -15 19 1 
-19 15 6 12 10 5 11 4 19 -7 10 16 -1 10 5 17 -9 14 16 -14 
18 15 15 8 2 6 14 0 18 0 -13 6 3 13 14 10 6 -6 6 16 
14 6 18 3 11 9 -13 -15 -3 7 9 14 0 -14 13 8 14 17 -1 9 
7 17 -3 6 5 -14 5 13 11 -11 12 14 7 -15 18 7 10 11 9 1 
5 11 -4 12 2 7 18 11 14 15 6 19 6 -16 15 9 14 11 8 -17 
-15 -2 2 12 8 17 6 8 15 17 18 13 15 12 17 4 -14 -8 3 16 
18 3 5 -2 -19 3 7 8 -16 11 13 -8 16 8 2 18 13 19 2 13 
0 16 6 18 2 -3 19 -11 4 1 14 19 11 11 3 11 19 -10 8 7 
3 7 9 18 14 -9 19 11 13 8 14 3 -19 12 15 15 5 -1 13 -5 
-5 13 -1 5 15 15 12 -19 3 14 8 13 11 19 -9 14 18 9 7 3 
7 8 -10 19 11 3 11 11 19 14 1 4 -11 19 -3 2 18 6 16 0 
13 2 19 13 18 2 8 16 -8 13 11 -16 8 7 3 -19 -2 5 3 18 
16 3 -8 -14 4 17 12 15 13 18 17 15 8 6 17 8 12 2 -2 -15 
-17 8 11 14 9 15 -16 6 19 6 15 14 11 18 7 2 12 -4 11 5 
1 9 11 10 7 18 -15 7 14 12 -11 11 13 5 -14 5 6 -3 17 7 
9 -1 17 14 8 13 -14 0 14 9 7 -3 -15 -13 9 11 3 18 6 14 
16 6 -6 6 10 14 13 3 6 -13 0 18 0 14 6 2 8 15 15 18 
-14 16 14 -9 17 5 10 -1 16 10 -7 19 4 11 5 10 12 6 15 -19 
1 19 -15 2 16 18 16 -10 -3 8 -15 -5 16 10 10 -16 13 14 2 16 
30
1
8 17
11 2
0
0
