20 20
21 8 16 -4 23 3 7 -8 11 18 25 -19 23 -21 13 6 2 9 22 11 
-16 1 26 23 6 -13 18 6 9 -7 18 18 6 2 9 14 25 16 15 0 
-18 0 9 8 23 -8 -6 14 13 25 20 8 7 8 13 15 8 -24 7 13 
8 9 3 16 0 10 16 -10 -3 24 -9 8 24 5 6 6 0 18 13 26 
19 18 6 16 25 11 -1 15 -9 -25 10 9 4 20 6 -7 6 -9 5 2 
3 -3 21 25 12 -13 23 8 26 22 6 10 14 16 19 4 20 2 21 -5 
26 0 13 5 20 -14 16 0 18 -12 2 14 8 11 9 8 10 24 24 -2 
15 5 11 0 0 2 23 6 25 13 8 -21 4 -8 15 -16 10 23 9 25 
13 23 -22 21 20 13 1 21 -2 15 18 -9 13 23 13 20 18 26 7 16 
5 1 -11 -12 14 -17 25 7 -16 -20 23 22 1 4 8 14 24 23 10 -10 
-10 10 23 24 14 8 4 1 22 23 -20 -16 7 25 -17 14 -12 -11 1 5 
16 7 26 18 20 13 23 13 -9 18 15 -2 21 1 13 20 21 -22 23 13 
25 9 23 10 -16 15 -8 4 -21 8 13 25 6 23 2 0 0 11 5 15 
-2 24 24 10 8 9 11 8 14 2 -12 18 0 16 -14 20 5 13 0 26 
-5 21 2 20 4 19 16 14 10 6 22 26 8 23 -13 12 25 21 -3 3 
2 5 -9 6 -7 6 20 4 9 10 -25 -9 15 -1 11 25 16 6 18 19 
26 13 18 0 6 6 5 24 8 -9 24 -3 -10 16 10 0 16 3 9 8 
13 7 -24 8 15 13 8 7 8 20 25 13 14 -6 -8 23 8 9 0 -18 
0 15 16 25 14 9 2 6 18 18 -7 9 6 18 -13 6 23 26 1 -16 
11 22 9 2 6 13 -21 23 -19 25 18 11 -8 7 3 23 -4 16 8 21 
30
1
2 11
17 8
0
0
