20 20
1 15 12 -14 -14 1 8 -3 8 10 -5 -4 11 12 5 2 -7 -14 6 4 
0 8 8 8 12 -12 12 -7 3 -9 4 6 0 9 10 2 3 10 -13 11 
0 8 -5 8 11 13 14 3 14 15 -11 3 -15 9 3 5 1 -7 0 1 
13 4 7 6 -5 7 9 -13 1 15 7 13 4 2 -7 9 4 11 9 12 
-14 3 5 7 7 -14 -10 -8 -8 12 12 10 9 10 15 12 13 -6 13 10 
11 -5 4 5 4 12 4 2 10 -1 -13 -10 14 10 -10 7 -10 3 -4 9 
11 13 5 -10 6 3 -14 6 -8 11 -3 -14 12 1 13 14 2 7 5 8 
0 10 -8 9 10 12 7 6 11 3 11 3 0 9 7 14 6 12 8 14 
4 15 8 -2 5 3 5 -11 5 4 10 1 5 -15 7 5 -5 -8 2 8 
2 10 -11 2 13 6 2 -12 -14 8 0 -3 11 -12 12 10 14 11 4 8 
8 4 11 14 10 12 -12 11 -3 0 8 -14 -12 2 6 13 2 -11 10 2 
8 2 -8 -5 5 7 -15 5 1 10 4 5 -11 5 3 5 -2 8 15 4 
14 8 12 6 14 7 9 0 3 11 3 11 6 7 12 10 9 -8 10 0 
8 5 7 2 14 13 1 12 -14 -3 11 -8 6 -14 3 6 -10 5 13 11 
9 -4 3 -10 7 -10 10 14 -10 -13 -1 10 2 4 12 4 5 4 -5 11 
10 13 -6 13 12 15 10 9 10 12 12 -8 -8 -10 -14 7 7 5 3 -14 
12 9 11 4 9 -7 2 4 13 7 15 1 -13 9 7 -5 6 7 4 13 
1 0 -7 1 5 3 9 -15 3 -11 15 14 3 14 13 11 8 -5 8 0 
11 -13 10 3 2 10 9 0 6 4 -9 3 -7 12 -12 12 8 8 8 0 
4 6 -14 -7 2 5 12 11 -4 -5 10 8 -3 8 1 -14 -14 12 15 1 
30
1
13 15
6 4
0
0
