20 20
8 -3 4 21 -10 6 -20 4 14 -16 22 9 -17 18 12 -16 10 6 -8 1 
-10 -10 18 2 14 -14 -22 -17 8 9 -9 2 8 22 13 14 0 -11 11 19 
21 19 15 9 6 -22 0 3 9 -19 4 2 -3 4 -18 21 20 12 8 2 
2 8 -18 9 7 -10 22 10 -11 7 18 7 -9 2 -1 18 21 10 -17 15 
16 5 5 -10 21 1 13 -19 -21 0 -10 2 12 -5 8 15 -12 19 9 5 
14 18 -7 -13 7 -10 9 18 12 9 14 -16 11 1 19 19 -22 11 6 -7 
-5 21 3 10 0 11 12 10 6 20 19 15 -16 3 -17 19 11 -6 15 -11 
4 10 -10 -13 14 2 1 -14 -14 6 7 1 22 -9 16 15 10 16 12 14 
10 8 20 19 8 -7 -6 15 6 17 5 11 -10 -5 8 18 -7 8 -7 1 
-6 16 -9 8 12 -20 16 -5 -11 17 -20 -17 3 -20 0 14 -3 -21 2 -19 
-19 2 -21 -3 14 0 -20 3 -17 -20 17 -11 -5 16 -20 12 8 -9 16 -6 
1 -7 8 -7 18 8 -5 -10 11 5 17 6 15 -6 -7 8 19 20 8 10 
14 12 16 10 15 16 -9 22 1 7 6 -14 -14 1 2 14 -13 -10 10 4 
-11 15 -6 11 19 -17 3 -16 15 19 20 6 10 12 11 0 10 3 21 -5 
-7 6 11 -22 19 19 1 11 -16 14 9 12 18 9 -10 7 -13 -7 18 14 
5 9 19 -12 15 8 -5 12 2 -10 0 -21 -19 13 1 21 -10 5 5 16 
15 -17 10 21 18 -1 2 -9 7 18 7 -11 10 22 -10 7 9 -18 8 2 
2 8 12 20 21 -18 4 -3 2 4 -19 9 3 0 -22 6 9 15 19 21 
19 11 -11 0 14 13 22 8 2 -9 9 8 -17 -22 -14 14 2 18 -10 -10 
1 -8 6 10 -16 12 18 -17 9 22 -16 14 4 -20 6 -10 21 4 -3 8 
30
1
0 5
19 14
0
0
