20 20
6 8 1 9 5 5 -7 4 10 -1 11 8 8 8 8 8 -7 5 1 4 
1 7 3 2 1 -6 1 0 2 8 -1 -2 0 -9 -3 -6 2 -12 12 -13 
-12 2 8 8 11 1 11 7 9 10 6 -2 -6 10 9 2 8 6 6 1 
-6 -12 12 8 13 4 8 3 8 -7 3 5 13 7 4 12 4 3 13 -13 
13 -9 0 -2 -6 3 13 13 1 -3 -7 13 -9 7 -2 6 12 9 5 6 
6 -10 0 5 -7 13 13 -3 -2 1 2 -10 11 -8 9 0 9 3 11 8 
-1 3 0 13 5 3 3 8 12 -2 6 8 8 4 -7 9 13 13 1 1 
6 6 2 -12 6 13 -4 0 -2 9 -5 7 -12 1 10 12 7 4 8 3 
9 13 9 -6 10 9 2 4 -2 8 5 6 7 -2 7 6 2 4 8 1 
0 8 13 -8 -8 -3 9 9 12 1 5 8 -2 -6 6 2 2 6 3 3 
3 3 6 2 2 6 -6 -2 8 5 1 12 9 9 -3 -8 -8 13 8 0 
1 8 4 2 6 7 -2 7 6 5 8 -2 4 2 9 10 -6 9 13 9 
3 8 4 7 12 10 1 -12 7 -5 9 -2 0 -4 13 6 -12 2 6 6 
1 1 13 13 9 -7 4 8 8 6 -2 12 8 3 3 5 13 0 3 -1 
8 11 3 9 0 9 -8 11 -10 2 1 -2 -3 13 13 -7 5 0 -10 6 
6 5 9 12 6 -2 7 -9 13 -7 -3 1 13 13 3 -6 -2 0 -9 13 
-13 13 3 4 12 4 7 13 5 3 -7 8 3 8 4 13 8 12 -12 -6 
1 6 6 8 2 9 10 -6 -2 6 10 9 7 11 1 11 8 8 2 -12 
-13 12 -12 2 -6 -3 -9 0 -2 -1 8 2 0 1 -6 1 2 3 7 1 
4 1 5 -7 8 8 8 8 8 11 -1 10 4 -7 5 5 9 1 8 6 
30
1
12 13
7 6
0
0
