20 20
-11 10 -3 10 5 10 -11 -11 13 10 -13 4 8 8 16 14 -15 1 9 -14 
1 7 -5 4 15 -11 13 1 0 -4 15 -16 3 -12 10 -6 16 16 -4 15 
-13 10 1 10 5 1 7 10 6 12 -15 4 7 2 12 9 10 13 -5 -2 
-3 -10 14 7 8 3 14 -6 1 15 -8 8 9 4 16 -3 3 6 10 11 
14 6 2 11 -8 -9 10 -9 8 13 -2 -5 16 10 1 15 9 -8 8 8 
-13 1 2 4 5 -13 13 15 -8 9 9 16 4 -7 -6 4 1 3 -12 9 
6 -8 9 8 14 15 3 7 7 -16 -4 11 -2 11 11 7 -15 8 2 -11 
-12 8 1 9 -13 -2 -8 1 16 -6 0 14 -16 -2 -3 1 -12 -8 4 -5 
8 -6 -4 -13 -12 15 -2 14 7 10 0 5 14 15 13 12 -14 14 3 12 
16 12 6 12 3 1 -9 15 14 -10 10 13 12 5 6 -2 -3 2 5 16 
16 5 2 -3 -2 6 5 12 13 10 -10 14 15 -9 1 3 12 6 12 16 
12 3 14 -14 12 13 15 14 5 0 10 7 14 -2 15 -12 -13 -4 -6 8 
-5 4 -8 -12 1 -3 -2 -16 14 0 -6 16 1 -8 -2 -13 9 1 8 -12 
-11 2 8 -15 7 11 11 -2 11 -4 -16 7 7 3 15 14 8 9 -8 6 
9 -12 3 1 4 -6 -7 4 16 9 9 -8 15 13 -13 5 4 2 1 -13 
8 8 -8 9 15 1 10 16 -5 -2 13 8 -9 10 -9 -8 11 2 6 14 
11 10 6 3 -3 16 4 9 8 -8 15 1 -6 14 3 8 7 14 -10 -3 
-2 -5 13 10 9 12 2 7 4 -15 12 6 10 7 1 5 10 1 10 -13 
15 -4 16 16 -6 10 -12 3 -16 15 -4 0 1 13 -11 15 4 -5 7 1 
-14 9 1 -15 14 16 8 8 4 -13 10 13 -11 -11 10 5 10 -3 10 -11 
30
1
16 7
3 12
0
0
