20 20
10 20 21 17 13 20 11 8 -16 -12 7 -10 6 20 12 14 -16 23 -20 16 
-19 13 8 -12 -5 0 23 -12 -2 -1 10 -1 -7 -6 22 10 14 -15 15 -16 
7 3 21 23 -16 17 -20 18 8 13 13 14 23 17 -18 2 18 -3 6 0 
6 11 19 7 -5 13 18 -18 20 10 23 10 23 13 21 6 -10 22 12 -14 
16 9 22 15 17 16 15 3 5 4 8 22 -15 10 9 6 8 13 -2 6 
6 5 18 13 16 4 7 20 18 19 13 10 5 2 6 12 13 -17 5 23 
10 23 2 5 -4 -3 11 15 16 5 9 -18 19 3 15 8 21 0 18 7 
22 14 2 13 5 -6 9 -5 15 -10 21 3 -19 18 -11 22 17 4 17 22 
11 20 21 15 20 6 -20 -18 18 2 -3 23 5 3 18 13 -19 -20 1 22 
13 19 16 22 22 1 4 10 -2 23 -15 5 -14 5 -14 -6 22 11 18 8 
8 18 11 22 -6 -14 5 -14 5 -15 23 -2 10 4 1 22 22 16 19 13 
22 1 -20 -19 13 18 3 5 23 -3 2 18 -18 -20 6 20 15 21 20 11 
22 17 4 17 22 -11 18 -19 3 21 -10 15 -5 9 -6 5 13 2 14 22 
7 18 0 21 8 15 3 19 -18 9 5 16 15 11 -3 -4 5 2 23 10 
23 5 -17 13 12 6 2 5 10 13 19 18 20 7 4 16 13 18 5 6 
6 -2 13 8 6 9 10 -15 22 8 4 5 3 15 16 17 15 22 9 16 
-14 12 22 -10 6 21 13 23 10 23 10 20 -18 18 13 -5 7 19 11 6 
0 6 -3 18 2 -18 17 23 14 13 13 8 18 -20 17 -16 23 21 3 7 
-16 15 -15 14 10 22 -6 -7 -1 10 -1 -2 -12 23 0 -5 -12 8 13 -19 
16 -20 23 -16 14 12 20 6 -10 7 -12 -16 8 11 20 13 17 21 20 10 
30
1
5 3
14 16
0
0
