20 20
28 0 18 20 25 16 10 27 13 13 9 8 5 13 25 19 23 4 12 7 
-7 6 -24 22 -12 28 19 -18 4 19 -16 18 11 -14 -12 8 8 25 19 26 
-17 6 0 20 8 -23 25 -28 26 1 -19 -18 15 -23 3 12 15 7 -12 -9 
6 -14 2 10 18 6 16 24 16 -24 15 23 12 7 0 -21 3 25 8 25 
-7 3 5 28 8 2 15 9 -21 8 7 0 25 -25 23 -6 6 1 6 15 
-23 -14 8 -8 21 23 -19 18 8 18 3 22 6 15 12 6 5 -7 28 17 
22 16 15 26 7 19 8 20 11 -18 9 -3 -23 5 24 -28 23 22 27 -8 
11 27 21 23 24 9 17 19 8 27 -13 2 -27 1 10 -15 27 8 28 28 
3 -10 -19 27 7 24 24 0 16 25 4 5 -27 16 27 4 -19 11 0 -25 
12 25 14 11 27 -13 -14 20 3 5 5 15 -23 26 19 0 -3 -12 20 5 
5 20 -12 -3 0 19 26 -23 15 5 5 3 20 -14 -13 27 11 14 25 12 
-25 0 11 -19 4 27 16 -27 5 4 25 16 0 24 24 7 27 -19 -10 3 
28 28 8 27 -15 10 1 -27 2 -13 27 8 19 17 9 24 23 21 27 11 
-8 27 22 23 -28 24 5 -23 -3 9 -18 11 20 8 19 7 26 15 16 22 
17 28 -7 5 6 12 15 6 22 3 18 8 18 -19 23 21 -8 8 -14 -23 
15 6 1 6 -6 23 -25 25 0 7 8 -21 9 15 2 8 28 5 3 -7 
25 8 25 3 -21 0 7 12 23 15 -24 16 24 16 6 18 10 2 -14 6 
-9 -12 7 15 12 3 -23 15 -18 -19 1 26 -28 25 -23 8 20 0 6 -17 
26 19 25 8 8 -12 -14 11 18 -16 19 4 -18 19 28 -12 22 -24 6 -7 
7 12 4 23 19 25 13 5 8 9 13 13 27 10 16 25 20 18 0 28 
30
1
10 3
9 16
0
0
