20 20
6 1 9 -3 -4 8 -8 8 -9 -7 10 9 6 0 3 -3 0 2 1 1 
2 4 10 6 0 0 6 10 8 0 4 -4 0 -10 4 3 1 1 1 1 
7 5 0 2 10 8 5 10 2 7 3 -6 7 2 9 -7 -4 10 7 1 
1 5 9 5 0 1 9 -2 7 8 -9 4 10 8 3 7 -10 3 2 10 
8 -10 3 3 1 -10 7 3 -3 3 4 1 3 3 0 1 8 1 10 -3 
9 -5 8 7 6 4 -5 1 -6 3 -6 -3 2 -1 5 9 9 1 10 2 
9 -10 -7 -8 2 8 4 9 7 5 -6 3 6 8 -8 0 7 6 5 10 
-6 5 10 -8 5 3 9 2 2 0 5 4 0 -8 -5 2 6 6 6 -4 
-6 -3 2 5 2 -10 1 9 2 3 3 10 7 -8 5 -9 3 8 3 6 
6 6 3 -8 6 -6 1 3 3 5 7 7 0 7 4 7 5 3 5 9 
9 5 3 5 7 4 7 0 7 7 5 3 3 1 -6 6 -8 3 6 6 
6 3 8 3 -9 5 -8 7 10 3 3 2 9 1 -10 2 5 2 -3 -6 
-4 6 6 6 2 -5 -8 0 4 5 0 2 2 9 3 5 -8 10 5 -6 
10 5 6 7 0 -8 8 6 3 -6 5 7 9 4 8 2 -8 -7 -10 9 
2 10 1 9 9 5 -1 2 -3 -6 3 -6 1 -5 4 6 7 8 -5 9 
-3 10 1 8 1 0 3 3 1 4 3 -3 3 7 -10 1 3 3 -10 8 
10 2 3 -10 7 3 8 10 4 -9 8 7 -2 9 1 0 5 9 5 1 
1 7 10 -4 -7 9 2 7 -6 3 7 2 10 5 8 10 2 0 5 7 
1 1 1 1 3 4 -10 0 -4 4 0 8 10 6 0 0 6 10 4 2 
1 1 2 0 -3 3 0 6 9 10 -7 -9 8 -8 8 -4 -3 9 1 6 
30
1
10 0
9 19
0
0
