20 20
-6 13 -5 -18 -14 -3 3 1 12 -4 23 -1 0 18 12 0 -7 9 21 11 
2 -13 6 -10 12 21 -3 -17 22 14 10 -23 3 24 24 2 23 -15 -12 19 
23 18 21 3 23 1 16 11 22 20 19 5 -17 11 16 -14 -9 23 23 24 
23 2 22 7 -3 6 19 -12 -1 2 16 18 4 3 6 -21 16 -7 8 24 
6 1 3 -13 -17 24 2 -18 11 0 14 -2 11 0 6 9 18 7 6 21 
20 -12 2 4 17 9 16 -1 18 2 12 -22 12 -16 8 14 19 24 18 -15 
17 18 5 -2 20 24 -15 0 14 -1 18 -16 21 13 9 10 23 10 -17 23 
1 19 10 17 3 -8 16 -3 14 11 0 6 21 8 -11 -11 20 24 14 16 
9 -15 -22 -24 4 11 12 10 2 11 16 8 -4 7 15 1 5 4 -19 18 
-15 -1 6 -8 2 -9 12 7 19 13 9 9 -24 -20 12 15 9 2 17 10 
10 17 2 9 15 12 -20 -24 9 9 13 19 7 12 -9 2 -8 6 -1 -15 
18 -19 4 5 1 15 7 -4 8 16 11 2 10 12 11 4 -24 -22 -15 9 
16 14 24 20 -11 -11 8 21 6 0 11 14 -3 16 -8 3 17 10 19 1 
23 -17 10 23 10 9 13 21 -16 18 -1 14 0 -15 24 20 -2 5 18 17 
-15 18 24 19 14 8 -16 12 -22 12 2 18 -1 16 9 17 4 2 -12 20 
21 6 7 18 9 6 0 11 -2 14 0 11 -18 2 24 -17 -13 3 1 6 
24 8 -7 16 -21 6 3 4 18 16 2 -1 -12 19 6 -3 7 22 2 23 
24 23 23 -9 -14 16 11 -17 5 19 20 22 11 16 1 23 3 21 18 23 
19 -12 -15 23 2 24 24 3 -23 10 14 22 -17 -3 21 12 -10 6 -13 2 
11 21 9 -7 0 12 18 0 -1 23 -4 12 1 3 -3 -14 -18 -5 13 -6 
30
1
8 10
11 9
0
0
