20 20
-11 11 -7 -3 10 -7 -8 11 -6 -6 9 6 7 5 1 6 -3 7 1 11 
9 11 -7 10 4 -5 11 2 1 10 10 4 6 0 7 -9 -12 6 -8 -2 
-3 -3 2 -4 5 -7 4 12 7 6 3 -6 2 6 10 9 3 7 9 -10 
12 -1 0 7 11 -10 12 3 10 9 9 4 10 11 11 0 10 8 11 4 
7 -5 -9 2 11 2 7 11 1 8 4 5 0 5 -3 7 12 5 7 12 
-2 9 -4 6 9 7 4 11 -2 4 11 3 -8 12 -10 6 3 6 7 8 
1 3 10 12 12 0 8 9 11 -10 1 11 8 5 4 -9 8 4 11 5 
12 -9 11 6 3 4 -4 6 7 3 5 -6 9 4 5 -8 2 7 3 1 
8 -8 -7 7 -4 -7 7 -11 9 7 12 12 5 1 3 3 12 -3 2 1 
1 -9 -6 -12 -2 10 7 -9 -2 8 11 -2 -8 0 11 1 8 6 -12 12 
12 -12 6 8 1 11 0 -8 -2 11 8 -2 -9 7 10 -2 -12 -6 -9 1 
1 2 -3 12 3 3 1 5 12 12 7 9 -11 7 -7 -4 7 -7 -8 8 
1 3 7 2 -8 5 4 9 -6 5 3 7 6 -4 4 3 6 11 -9 12 
5 11 4 8 -9 4 5 8 11 1 -10 11 9 8 0 12 12 10 3 1 
8 7 6 3 6 -10 12 -8 3 11 4 -2 11 4 7 9 6 -4 9 -2 
12 7 5 12 7 -3 5 0 5 4 8 1 11 7 2 11 2 -9 -5 7 
4 11 8 10 0 11 11 10 4 9 9 10 3 12 -10 11 7 0 -1 12 
-10 9 7 3 9 10 6 2 -6 3 6 7 12 4 -7 5 -4 2 -3 -3 
-2 -8 6 -12 -9 7 0 6 4 10 10 1 2 11 -5 4 10 -7 11 9 
11 1 7 -3 6 1 5 7 6 9 -6 -6 11 -8 -7 10 -3 -7 11 -11 
30
1
17 14
2 5
0
0
