20 20
10 5 -3 -6 7 1 -4 -9 3 5 9 2 6 9 8 6 8 -6 0 -8 
0 10 9 5 -11 1 -12 3 0 -11 8 1 12 -6 8 -4 9 -2 -12 3 
-10 4 9 2 2 3 3 1 1 0 5 2 4 6 6 -4 9 0 9 -12 
8 8 0 4 4 1 10 11 -9 2 3 10 4 11 -11 -12 4 6 3 9 
9 4 2 8 -4 4 0 3 -9 9 3 -1 9 11 11 3 5 3 9 4 
0 -7 -11 -2 -5 0 11 2 10 5 4 12 -1 12 -5 3 4 8 2 -11 
-3 12 11 -5 11 10 5 9 12 10 -3 9 1 0 2 8 12 11 10 -8 
9 -5 9 7 6 4 -10 -11 9 -12 0 4 1 -2 11 7 12 3 2 7 
5 2 11 3 11 5 -3 12 4 -6 11 9 3 -6 5 10 6 0 -8 -11 
2 -3 -3 11 -12 4 8 4 -12 -12 10 7 8 7 4 -11 2 6 3 12 
12 3 6 2 -11 4 7 8 7 10 -12 -12 4 8 4 -12 11 -3 -3 2 
-11 -8 0 6 10 5 -6 3 9 11 -6 4 12 -3 5 11 3 11 2 5 
7 2 3 12 7 11 -2 1 4 0 -12 9 -11 -10 4 6 7 9 -5 9 
-8 10 11 12 8 2 0 1 9 -3 10 12 9 5 10 11 -5 11 12 -3 
-11 2 8 4 3 -5 12 -1 12 4 5 10 2 11 0 -5 -2 -11 -7 0 
4 9 3 5 3 11 11 9 -1 3 9 -9 3 0 4 -4 8 2 4 9 
9 3 6 4 -12 -11 11 4 10 3 2 -9 11 10 1 4 4 0 8 8 
-12 9 0 9 -4 6 6 4 2 5 0 1 1 3 3 2 2 9 4 -10 
3 -12 -2 9 -4 8 -6 12 1 8 -11 0 3 -12 1 -11 5 9 10 0 
-8 0 -6 8 6 8 9 6 2 9 5 3 -9 -4 1 7 -6 -3 5 10 
30
1
0 15
19 4
0
0
