20 20
-16 13 9 21 22 24 20 5 17 2 27 11 -12 24 -15 14 10 4 5 -6 
11 19 12 21 -25 25 22 13 13 20 4 -4 21 18 -22 2 3 22 -27 -11 
22 4 2 -9 -28 12 2 23 -8 -1 12 1 -1 14 7 9 2 -18 26 12 
23 24 11 -26 14 25 24 -27 9 -12 -9 3 19 -21 -27 1 -8 14 -7 6 
-17 7 14 -21 26 -18 9 -22 16 1 7 -4 1 10 -16 20 6 -6 -28 26 
23 -5 -8 -17 -18 1 19 6 5 -10 26 9 18 20 -24 24 26 -21 16 2 
2 15 16 20 17 20 -14 3 -3 1 5 -16 -2 -22 -7 -16 24 19 25 -25 
0 28 6 23 3 10 2 21 7 -19 -10 14 -20 19 -28 -8 26 21 -19 10 
15 -1 7 5 16 17 3 26 20 -4 -25 7 28 3 8 -10 21 10 27 27 
5 -18 17 1 19 1 23 -16 -25 15 28 7 23 -2 -26 -14 15 24 17 6 
6 17 24 15 -14 -26 -2 23 7 28 15 -25 -16 23 1 19 1 17 -18 5 
27 27 10 21 -10 8 3 28 7 -25 -4 20 26 3 17 16 5 7 -1 15 
10 -19 21 26 -8 -28 19 -20 14 -10 -19 7 21 2 10 3 23 6 28 0 
-25 25 19 24 -16 -7 -22 -2 -16 5 1 -3 3 -14 20 17 20 16 15 2 
2 16 -21 26 24 -24 20 18 9 26 -10 5 6 19 1 -18 -17 -8 -5 23 
26 -28 -6 6 20 -16 10 1 -4 7 1 16 -22 9 -18 26 -21 14 7 -17 
6 -7 14 -8 1 -27 -21 19 3 -9 -12 9 -27 24 25 14 -26 11 24 23 
12 26 -18 2 9 7 14 -1 1 12 -1 -8 23 2 12 -28 -9 2 4 22 
-11 -27 22 3 2 -22 18 21 -4 4 20 13 13 22 25 -25 21 12 19 11 
-6 5 4 10 14 -15 24 -12 11 27 2 17 5 20 24 22 21 9 13 -16 
30
1
4 12
15 7
0
0
