20 20
6 -22 11 9 27 -5 8 8 12 25 9 1 27 8 -25 -8 -13 -22 -27 -22 
22 -23 8 17 19 -24 15 -25 21 -14 25 16 30 18 7 11 21 -5 2 30 
15 -14 -4 23 10 13 14 25 9 -29 13 14 22 3 19 -1 24 1 30 11 
-8 -29 5 10 7 17 1 -1 10 -14 14 10 28 13 2 18 19 26 7 15 
18 6 -30 -15 -7 17 7 16 -1 -8 10 11 24 20 27 2 18 -9 9 9 
8 28 22 18 5 0 17 9 2 22 28 21 26 2 17 30 -30 17 19 18 
16 14 19 21 24 5 2 0 -27 9 -29 16 22 10 29 -6 18 19 3 -26 
20 24 -4 -21 6 1 29 1 18 20 25 15 8 7 29 26 4 -9 -22 26 
21 -3 8 26 24 14 14 25 -28 5 0 3 0 12 17 -25 30 -28 18 15 
11 7 2 5 -20 3 29 -24 18 -23 28 19 21 11 -13 12 20 13 18 10 
10 18 13 20 12 -13 11 21 19 28 -23 18 -24 29 3 -20 5 2 7 11 
15 18 -28 30 -25 17 12 0 3 0 5 -28 25 14 14 24 26 8 -3 21 
26 -22 -9 4 26 29 7 8 15 25 20 18 1 29 1 6 -21 -4 24 20 
-26 3 19 18 -6 29 10 22 16 -29 9 -27 0 2 5 24 21 19 14 16 
18 19 17 -30 30 17 2 26 21 28 22 2 9 17 0 5 18 22 28 8 
9 9 -9 18 2 27 20 24 11 10 -8 -1 16 7 17 -7 -15 -30 6 18 
15 7 26 19 18 2 13 28 10 14 -14 10 -1 1 17 7 10 5 -29 -8 
11 30 1 24 -1 19 3 22 14 13 -29 9 25 14 13 10 23 -4 -14 15 
30 2 -5 21 11 7 18 30 16 25 -14 21 -25 15 -24 19 17 8 -23 22 
-22 -27 -22 -13 -8 -25 8 27 1 9 25 12 8 8 -5 27 9 11 -22 6 
30
1
2 4
17 15
0
0
