20 20
11 3 5 8 11 -11 7 -9 7 -6 8 8 -10 -9 6 0 8 -4 5 -8 
2 3 4 2 8 9 2 10 0 4 7 1 8 -2 -4 9 5 9 3 9 
5 11 -6 -7 -1 2 11 -5 -8 0 9 8 8 -3 10 7 0 9 7 -11 
11 3 11 7 3 6 11 5 6 3 4 6 10 11 1 3 4 -5 4 -6 
-2 11 -4 -2 -2 4 0 5 11 -4 0 2 7 10 -7 -6 -7 8 0 1 
10 10 1 9 1 -7 10 4 9 0 0 10 2 3 5 10 5 0 7 -8 
4 3 1 -2 9 -2 -8 0 11 2 4 4 6 4 6 5 8 4 4 5 
4 0 3 11 5 9 -4 -3 4 3 10 11 11 -8 0 11 11 9 5 7 
0 8 5 8 7 1 7 3 2 9 11 -1 -11 4 -2 11 -9 4 0 3 
0 1 2 -9 5 5 -9 10 -6 -6 -8 10 2 10 1 -6 1 6 10 -7 
-7 10 6 1 -6 1 10 2 10 -8 -6 -6 10 -9 5 5 -9 2 1 0 
3 0 4 -9 11 -2 4 -11 -1 11 9 2 3 7 1 7 8 5 8 0 
7 5 9 11 11 0 -8 11 11 10 3 4 -3 -4 9 5 11 3 0 4 
5 4 4 8 5 6 4 6 4 4 2 11 0 -8 -2 9 -2 1 3 4 
-8 7 0 5 10 5 3 2 10 0 0 9 4 10 -7 1 9 1 10 10 
1 0 8 -7 -6 -7 10 7 2 0 -4 11 5 0 4 -2 -2 -4 11 -2 
-6 4 -5 4 3 1 11 10 6 4 3 6 5 11 6 3 7 11 3 11 
-11 7 9 0 7 10 -3 8 8 9 0 -8 -5 11 2 -1 -7 -6 11 5 
9 3 9 5 9 -4 -2 8 1 7 4 0 10 2 9 8 2 4 3 2 
-8 5 -4 8 0 6 -9 -10 8 8 -6 7 -9 7 -11 11 8 5 3 11 
30
1
16 12
3 7
0
0
