20 20
11 13 12 13 1 12 2 8 2 5 -11 2 11 1 10 -4 9 14 -1 9 
-11 10 6 -4 9 6 10 13 3 10 2 6 5 4 3 2 4 -5 11 7 
11 3 -13 -5 -12 -12 -11 8 13 5 -4 13 7 14 10 5 1 8 -1 0 
8 0 -1 0 -5 -8 6 12 9 4 3 -5 -13 2 8 -7 14 7 5 -13 
0 0 0 7 4 -2 12 14 11 5 12 -6 -3 4 -7 9 11 6 6 4 
5 -11 10 13 6 7 -1 9 -2 14 -4 14 1 6 12 4 7 -4 -1 1 
11 0 0 7 6 0 -9 4 4 -14 13 12 12 1 6 5 9 -13 14 5 
9 8 -8 12 -11 -14 -13 9 -3 11 2 4 3 -2 3 -11 1 4 5 3 
4 6 8 6 1 11 -4 10 7 -6 -7 10 13 10 6 0 4 9 2 10 
5 5 9 3 -13 5 3 5 11 0 2 -8 7 2 8 3 7 -13 14 3 
3 14 -13 7 3 8 2 7 -8 2 0 11 5 3 5 -13 3 9 5 5 
10 2 9 4 0 6 10 13 10 -7 -6 7 10 -4 11 1 6 8 6 4 
3 5 4 1 -11 3 -2 3 4 2 11 -3 9 -13 -14 -11 12 -8 8 9 
5 14 -13 9 5 6 1 12 12 13 -14 4 4 -9 0 6 7 0 0 11 
1 -1 -4 7 4 12 6 1 14 -4 14 -2 9 -1 7 6 13 10 -11 5 
4 6 6 11 9 -7 4 -3 -6 12 5 11 14 12 -2 4 7 0 0 0 
-13 5 7 14 -7 8 2 -13 -5 3 4 9 12 6 -8 -5 0 -1 0 8 
0 -1 8 1 5 10 14 7 13 -4 5 13 8 -11 -12 -12 -5 -13 3 11 
7 11 -5 4 2 3 4 5 6 2 10 3 13 10 6 9 -4 6 10 -11 
9 -1 14 9 -4 10 1 11 2 -11 5 2 8 2 12 1 13 12 13 11 
30
1
1 0
18 19
0
0
