20 20
4 1 1 -7 6 1 11 14 11 12 7 -3 15 -1 -8 11 12 -12 -8 16 
7 -13 5 5 -4 8 7 15 -5 5 10 16 -4 12 9 -8 8 14 16 17 
11 15 3 2 16 8 10 5 7 1 13 14 0 -11 -14 12 -7 13 -3 17 
-5 -2 14 -11 13 7 3 10 15 12 -7 17 -14 1 17 11 1 6 4 -7 
11 8 14 3 0 -4 14 15 13 10 16 12 -5 6 1 3 -11 16 4 11 
-6 -14 -9 -5 -17 16 9 6 11 10 7 13 2 16 10 14 -7 7 6 12 
1 16 7 9 4 8 3 8 -6 1 14 14 -3 10 2 8 10 15 3 -3 
11 2 16 3 16 5 -1 8 7 2 -6 8 15 4 15 -12 -14 8 11 7 
7 0 11 6 13 2 -6 8 -17 0 5 -2 11 -8 16 10 3 -16 16 1 
3 17 -6 15 16 13 11 -11 17 1 1 5 -11 2 0 16 17 9 13 5 
5 13 9 17 16 0 2 -11 5 1 1 17 -11 11 13 16 15 -6 17 3 
1 16 -16 3 10 16 -8 11 -2 5 0 -17 8 -6 2 13 6 11 0 7 
7 11 8 -14 -12 15 4 15 8 -6 2 7 8 -1 5 16 3 16 2 11 
-3 3 15 10 8 2 10 -3 14 14 1 -6 8 3 8 4 9 7 16 1 
12 6 7 -7 14 10 16 2 13 7 10 11 6 9 16 -17 -5 -9 -14 -6 
11 4 16 -11 3 1 6 -5 12 16 10 13 15 14 -4 0 3 14 8 11 
-7 4 6 1 11 17 1 -14 17 -7 12 15 10 3 7 13 -11 14 -2 -5 
17 -3 13 -7 12 -14 -11 0 14 13 1 7 5 10 8 16 2 3 15 11 
17 16 14 8 -8 9 12 -4 16 10 5 -5 15 7 8 -4 5 5 -13 7 
16 -8 -12 12 11 -8 -1 15 -3 7 12 11 14 11 1 6 -7 1 1 4 
30
1
17 10
2 9
0
0
