20 20
-2 13 -13 15 10 2 13 7 13 13 0 -3 5 12 8 13 15 7 10 11 
10 2 3 -13 10 -11 -5 -13 13 15 1 6 -16 -16 -3 -8 9 11 3 8 
-7 13 15 6 2 -11 -14 1 15 -7 11 -12 8 4 10 2 -16 13 10 2 
13 3 12 -5 5 10 10 8 5 8 -9 -12 0 7 3 3 -2 9 13 -9 
7 2 15 6 0 8 -11 4 3 15 2 -16 7 15 0 5 15 11 5 10 
-15 2 10 3 -1 0 11 16 -11 9 6 -4 10 13 3 1 2 -7 16 12 
11 7 1 9 4 11 9 -1 9 9 15 -13 -11 -3 4 6 1 2 4 -12 
-9 -10 1 -8 -5 12 15 11 5 5 3 6 -11 5 15 14 -12 2 16 11 
-1 3 -14 7 8 4 -15 -12 16 -14 15 -15 6 1 8 14 16 14 -15 5 
-7 -6 9 -8 9 8 2 14 -10 -13 9 7 14 2 -9 6 -4 2 9 15 
15 9 2 -4 6 -9 2 14 7 9 -13 -10 14 2 8 9 -8 9 -6 -7 
5 -15 14 16 14 8 1 6 -15 15 -14 16 -12 -15 4 8 7 -14 3 -1 
11 16 2 -12 14 15 5 -11 6 3 5 5 11 15 12 -5 -8 1 -10 -9 
-12 4 2 1 6 4 -3 -11 -13 15 9 9 -1 9 11 4 9 1 7 11 
12 16 -7 2 1 3 13 10 -4 6 9 -11 16 11 0 -1 3 10 2 -15 
10 5 11 15 5 0 15 7 -16 2 15 3 4 -11 8 0 6 15 2 7 
-9 13 9 -2 3 3 7 0 -12 -9 8 5 8 10 10 5 -5 12 3 13 
2 10 13 -16 2 10 4 8 -12 11 -7 15 1 -14 -11 2 6 15 13 -7 
8 3 11 9 -8 -3 -16 -16 6 1 15 13 -13 -5 -11 10 -13 3 2 10 
11 10 7 15 13 8 12 5 -3 0 13 13 7 13 2 10 15 -13 13 -2 
30
1
12 9
7 10
0
0
