20 20
8 30 6 3 1 9 13 28 14 11 3 17 -26 9 25 -19 -1 5 14 29 
25 24 8 12 29 -8 9 6 1 28 11 28 -29 26 -27 9 13 19 18 1 
8 -25 17 4 28 7 16 21 5 -3 28 12 -11 20 18 11 10 0 -19 12 
3 -14 8 20 22 21 5 -30 9 16 17 22 27 13 7 -11 8 24 -11 20 
-13 9 1 19 15 3 9 28 0 -22 25 18 18 20 28 26 21 24 25 26 
25 15 -20 -30 2 9 5 5 23 21 -14 13 -25 18 4 -2 2 9 6 -16 
18 -12 24 26 -24 8 26 -17 29 28 19 2 21 12 25 2 -19 14 18 0 
1 16 29 1 12 5 -27 -13 26 23 25 30 11 -20 15 12 23 11 9 0 
7 30 -14 19 22 23 26 29 18 17 17 6 3 6 13 10 15 21 8 -25 
-12 7 3 18 24 16 21 30 -3 27 28 -24 4 11 3 4 -30 28 -9 1 
1 -9 28 -30 4 3 11 4 -24 28 27 -3 30 21 16 24 18 3 7 -12 
-25 8 21 15 10 13 6 3 6 17 17 18 29 26 23 22 19 -14 30 7 
0 9 11 23 12 15 -20 11 30 25 23 26 -13 -27 5 12 1 29 16 1 
0 18 14 -19 2 25 12 21 2 19 28 29 -17 26 8 -24 26 24 -12 18 
-16 6 9 2 -2 4 18 -25 13 -14 21 23 5 5 9 2 -30 -20 15 25 
26 25 24 21 26 28 20 18 18 25 -22 0 28 9 3 15 19 1 9 -13 
20 -11 24 8 -11 7 13 27 22 17 16 9 -30 5 21 22 20 8 -14 3 
12 -19 0 10 11 18 20 -11 12 28 -3 5 21 16 7 28 4 17 -25 8 
1 18 19 13 9 -27 26 -29 28 11 28 1 6 9 -8 29 12 8 24 25 
29 14 5 -1 -19 25 9 -26 17 3 11 14 28 13 9 1 3 6 30 8 
30
1
3 11
16 8
0
0
