20 20
6 9 23 20 6 22 24 15 13 22 14 22 -23 0 17 20 21 26 11 16 
-4 27 -21 7 -23 -5 -23 20 -19 18 23 25 5 0 -10 9 -25 25 22 10 
9 24 20 25 -25 1 3 -15 5 16 5 -12 22 26 15 -15 -24 20 -12 14 
21 15 1 9 6 2 3 26 8 7 11 23 21 -26 22 5 1 4 8 6 
-9 12 -11 10 7 -16 1 -15 0 -13 12 -19 -17 1 6 -9 -15 22 1 10 
-10 9 11 0 1 20 7 26 18 18 16 6 21 23 15 4 24 16 1 25 
-6 -16 19 24 22 27 -9 -4 24 11 14 1 13 17 7 21 3 -16 -24 16 
-3 -26 -13 10 3 23 4 18 6 23 14 22 -16 0 2 11 7 7 -1 -22 
19 15 16 0 -10 18 2 16 -22 20 21 16 10 9 25 17 24 -22 24 7 
5 12 23 22 3 24 -25 8 -26 10 2 8 -6 -24 15 25 20 18 20 18 
18 20 18 20 25 15 -24 -6 8 2 10 -26 8 -25 24 3 22 23 12 5 
7 24 -22 24 17 25 9 10 16 21 20 -22 16 2 18 -10 0 16 15 19 
-22 -1 7 7 11 2 0 -16 22 14 23 6 18 4 23 3 10 -13 -26 -3 
16 -24 -16 3 21 7 17 13 1 14 11 24 -4 -9 27 22 24 19 -16 -6 
25 1 16 24 4 15 23 21 6 16 18 18 26 7 20 1 0 11 9 -10 
10 1 22 -15 -9 6 1 -17 -19 12 -13 0 -15 1 -16 7 10 -11 12 -9 
6 8 4 1 5 22 -26 21 23 11 7 8 26 3 2 6 9 1 15 21 
14 -12 20 -24 -15 15 26 22 -12 5 16 5 -15 3 1 -25 25 20 24 9 
10 22 25 -25 9 -10 0 5 25 23 18 -19 20 -23 -5 -23 7 -21 27 -4 
16 11 26 21 20 17 0 -23 22 14 22 13 15 24 22 6 20 23 9 6 
30
1
17 11
2 8
0
0
