20 20
8 17 -6 -17 6 5 9 -15 15 10 -17 5 -5 14 11 2 8 -12 19 11 
6 7 -19 18 9 20 -1 20 19 -16 13 11 4 17 1 -12 15 17 -12 -19 
7 6 -15 5 -16 -19 12 8 8 -12 4 19 8 11 -16 6 9 10 8 6 
17 -8 17 19 -17 -14 17 4 13 9 6 15 -2 -9 13 10 7 4 -6 19 
-9 5 8 -11 12 7 11 9 12 -3 19 7 20 8 -6 3 19 15 5 11 
8 -13 11 14 17 -3 -17 11 2 2 -10 8 17 6 13 7 10 -14 10 3 
3 6 13 3 9 20 9 5 2 -16 -14 9 16 -20 -9 10 7 -9 15 1 
12 9 12 5 -7 4 18 17 3 -14 -18 -6 -4 4 -3 8 -9 18 20 -16 
4 13 16 13 6 3 -16 -20 -2 9 19 1 18 14 17 -16 1 -12 14 -17 
14 -18 16 -9 19 11 16 12 14 8 11 11 11 11 4 15 -9 19 -16 -13 
-13 -16 19 -9 15 4 11 11 11 11 8 14 12 16 11 19 -9 16 -18 14 
-17 14 -12 1 -16 17 14 18 1 19 9 -2 -20 -16 3 6 13 16 13 4 
-16 20 18 -9 8 -3 4 -4 -6 -18 -14 3 17 18 4 -7 5 12 9 12 
1 15 -9 7 10 -9 -20 16 9 -14 -16 2 5 9 20 9 3 13 6 3 
3 10 -14 10 7 13 6 17 8 -10 2 2 11 -17 -3 17 14 11 -13 8 
11 5 15 19 3 -6 8 20 7 19 -3 12 9 11 7 12 -11 8 5 -9 
19 -6 4 7 10 13 -9 -2 15 6 9 13 4 17 -14 -17 19 17 -8 17 
6 8 10 9 6 -16 11 8 19 4 -12 8 8 12 -19 -16 5 -15 6 7 
-19 -12 17 15 -12 1 17 4 11 13 -16 19 20 -1 20 9 18 -19 7 6 
11 19 -12 8 2 11 14 -5 5 -17 10 15 -15 9 5 6 -17 -6 17 8 
30
1
10 16
9 3
0
0
