20 20
13 -11 10 9 5 7 6 4 12 -13 -1 15 6 -3 5 -11 2 2 7 -13 
2 1 -2 10 8 11 8 6 7 7 13 5 -15 1 -8 -4 15 2 -3 -5 
10 1 10 -15 13 7 0 3 -6 10 6 8 14 14 8 14 -14 3 6 -7 
8 10 3 12 9 -3 4 7 -13 -3 12 12 4 12 12 14 12 -4 8 -6 
-15 13 -3 15 4 5 14 1 7 9 -10 14 1 4 1 14 10 -12 4 6 
10 3 2 8 -11 8 1 2 -13 -1 1 12 -10 13 -14 12 11 11 4 8 
12 -1 8 1 7 7 11 -2 7 8 13 7 11 10 14 13 7 8 5 12 
-5 10 11 4 5 13 10 14 -6 9 -1 -10 15 1 7 -13 -6 8 -14 -13 
-9 -10 12 8 2 1 3 -3 10 4 3 8 1 5 15 13 -13 1 6 7 
7 11 -8 10 -12 2 9 1 4 12 10 3 5 14 4 -14 6 -15 10 -14 
-14 10 -15 6 -14 4 14 5 3 10 12 4 1 9 2 -12 10 -8 11 7 
7 6 1 -13 13 15 5 1 8 3 4 10 -3 3 1 2 8 12 -10 -9 
-13 -14 8 -6 -13 7 1 15 -10 -1 9 -6 14 10 13 5 4 11 10 -5 
12 5 8 7 13 14 10 11 7 13 8 7 -2 11 7 7 1 8 -1 12 
8 4 11 11 12 -14 13 -10 12 1 -1 -13 2 1 8 -11 8 2 3 10 
6 4 -12 10 14 1 4 1 14 -10 9 7 1 14 5 4 15 -3 13 -15 
-6 8 -4 12 14 12 12 4 12 12 -3 -13 7 4 -3 9 12 3 10 8 
-7 6 3 -14 14 8 14 14 8 6 10 -6 3 0 7 13 -15 10 1 10 
-5 -3 2 15 -4 -8 1 -15 5 13 7 7 6 8 11 8 10 -2 1 2 
-13 7 2 2 -11 5 -3 6 15 -1 -13 12 4 6 7 5 9 10 -11 13 
30
1
15 6
4 13
0
0
