20 20
-6 17 9 10 -14 11 3 15 12 -16 6 10 -16 -4 -2 -4 4 -4 13 12 
14 4 17 14 0 8 1 16 9 1 -8 13 12 1 10 3 2 8 6 9 
11 -10 11 9 7 11 17 0 -3 8 5 5 7 6 5 2 -14 -8 16 2 
0 -15 1 4 12 11 -5 2 9 16 3 13 10 10 14 12 -11 3 4 7 
13 12 16 10 4 15 8 7 13 4 15 1 15 4 17 2 12 -2 -13 9 
14 12 6 11 -17 16 0 2 12 -5 4 8 16 8 14 10 17 10 4 4 
5 7 12 3 10 3 3 0 -7 10 1 10 7 -11 5 4 -4 -11 10 6 
-11 4 9 5 15 -9 -5 -2 12 7 12 13 -7 -6 14 1 10 6 14 7 
-10 15 12 10 -8 -10 -8 11 17 17 -17 -12 -8 0 6 -13 14 5 1 4 
-14 8 13 17 8 12 6 17 11 14 0 3 10 0 -5 14 3 3 4 10 
10 4 3 3 14 -5 0 10 3 0 14 11 17 6 12 8 17 13 8 -14 
4 1 5 14 -13 6 0 -8 -12 -17 17 17 11 -8 -10 -8 10 12 15 -10 
7 14 6 10 1 14 -6 -7 13 12 7 12 -2 -5 -9 15 5 9 4 -11 
6 10 -11 -4 4 5 -11 7 10 1 10 -7 0 3 3 10 3 12 7 5 
4 4 10 17 10 14 8 16 8 4 -5 12 2 0 16 -17 11 6 12 14 
9 -13 -2 12 2 17 4 15 1 15 4 13 7 8 15 4 10 16 12 13 
7 4 3 -11 12 14 10 10 13 3 16 9 2 -5 11 12 4 1 -15 0 
2 16 -8 -14 2 5 6 7 5 5 8 -3 0 17 11 7 9 11 -10 11 
9 6 8 2 3 10 1 12 13 -8 1 9 16 1 8 0 14 17 4 14 
12 13 -4 4 -4 -2 -4 -16 10 6 -16 12 15 3 11 -14 10 9 17 -6 
30
1
13 18
6 1
0
0
