20 20
18 19 20 11 -17 5 1 12 -28 -21 28 15 27 -5 -22 27 16 -15 12 -3 
28 2 2 6 7 19 26 30 24 -23 16 1 15 -8 16 1 14 15 5 11 
26 3 25 -12 21 27 13 -9 1 8 12 3 30 3 28 10 1 3 0 1 
6 18 -6 -24 3 15 27 30 27 17 -25 18 2 12 8 -28 14 26 -22 9 
25 26 4 -18 -5 7 18 19 -21 -10 12 30 -9 -9 6 11 -19 -19 2 16 
12 12 24 27 -27 -25 -28 2 25 -18 17 9 18 -14 18 11 22 28 29 23 
-9 -7 -1 11 -4 25 6 -11 12 26 29 6 -24 2 2 -15 17 30 7 6 
7 21 -24 7 21 1 18 -17 26 16 0 -22 -21 -4 23 -2 30 12 -27 -24 
-19 14 17 27 -19 9 20 -30 29 30 18 21 13 11 28 30 20 2 -30 6 
3 27 5 10 16 1 15 -5 21 14 -17 4 4 15 19 22 -30 16 11 3 
3 11 16 -30 22 19 15 4 4 -17 14 21 -5 15 1 16 10 5 27 3 
6 -30 2 20 30 28 11 13 21 18 30 29 -30 20 9 -19 27 17 14 -19 
-24 -27 12 30 -2 23 -4 -21 -22 0 16 26 -17 18 1 21 7 -24 21 7 
6 7 30 17 -15 2 2 -24 6 29 26 12 -11 6 25 -4 11 -1 -7 -9 
23 29 28 22 11 18 -14 18 9 17 -18 25 2 -28 -25 -27 27 24 12 12 
16 2 -19 -19 11 6 -9 -9 30 12 -10 -21 19 18 7 -5 -18 4 26 25 
9 -22 26 14 -28 8 12 2 18 -25 17 27 30 27 15 3 -24 -6 18 6 
1 0 3 1 10 28 3 30 3 12 8 1 -9 13 27 21 -12 25 3 26 
11 5 15 14 1 16 -8 15 1 16 -23 24 30 26 19 7 6 2 2 28 
-3 12 -15 16 27 -22 -5 27 15 28 -21 -28 12 1 5 -17 11 20 19 18 
30
1
9 13
10 6
0
0
