20 20
15 2 22 18 17 1 5 12 22 6 6 -5 12 10 -7 8 6 5 17 16 
6 -6 5 7 -8 20 5 15 9 -21 18 0 9 12 -8 8 18 22 14 -3 
5 5 20 1 16 8 7 -17 22 11 16 6 7 14 -5 6 6 -12 6 -22 
10 -14 -9 18 11 9 11 5 -15 14 2 3 8 -22 -12 -20 -7 11 20 18 
-17 19 7 16 -19 10 -18 -10 0 21 5 -7 22 21 -4 13 18 20 14 18 
17 15 -13 14 6 -9 3 16 3 3 12 2 12 17 12 -6 -1 -4 17 19 
12 12 7 19 -15 -6 16 13 15 16 22 10 16 18 7 14 13 8 12 10 
19 -9 -4 -5 20 10 2 -20 18 21 21 10 12 2 18 3 18 18 9 -4 
-16 -13 18 -18 -6 19 6 18 4 6 17 -7 -2 16 -5 -13 14 -2 0 19 
15 -8 5 1 9 -22 7 9 14 12 0 20 19 -22 14 3 9 3 9 -18 
-18 9 3 9 3 14 -22 19 20 0 12 14 9 7 -22 9 1 5 -8 15 
19 0 -2 14 -13 -5 16 -2 -7 17 6 4 18 6 19 -6 -18 18 -13 -16 
-4 9 18 18 3 18 2 12 10 21 21 18 -20 2 10 20 -5 -4 -9 19 
10 12 8 13 14 7 18 16 10 22 16 15 13 16 -6 -15 19 7 12 12 
19 17 -4 -1 -6 12 17 12 2 12 3 3 16 3 -9 6 14 -13 15 17 
18 14 20 18 13 -4 21 22 -7 5 21 0 -10 -18 10 -19 16 7 19 -17 
18 20 11 -7 -20 -12 -22 8 3 2 14 -15 5 11 9 11 18 -9 -14 10 
-22 6 -12 6 6 -5 14 7 6 16 11 22 -17 7 8 16 1 20 5 5 
-3 14 22 18 8 -8 12 9 0 18 -21 9 15 5 20 -8 7 5 -6 6 
16 17 5 6 8 -7 10 12 -5 6 6 22 12 5 1 17 18 22 2 15 
30
1
3 2
16 17
0
0
