20 20
-7 -17 4 16 -14 2 13 2 10 6 -21 12 3 -14 -20 13 3 11 -3 21 
-13 -14 17 8 13 4 13 -17 7 16 9 -13 2 1 -20 12 -17 3 15 7 
-12 -8 10 16 -10 -17 -18 8 10 5 1 -10 -4 21 9 -9 15 3 1 16 
15 4 -12 16 16 12 6 19 9 13 -16 2 -10 5 -20 -5 13 7 -7 21 
9 16 3 14 17 10 13 -16 15 18 -13 14 -4 -12 4 -7 9 18 9 1 
4 8 0 4 16 7 19 -13 -19 16 16 8 19 3 1 18 -1 14 6 6 
19 0 7 -7 15 12 15 4 -21 12 20 7 11 7 2 -5 18 11 5 15 
20 16 1 5 10 18 16 1 13 7 -12 17 16 18 -18 13 17 13 15 10 
-14 12 -19 21 6 -16 9 -18 8 6 18 5 -6 13 13 10 6 12 3 12 
3 0 1 2 14 17 14 1 18 18 9 0 19 16 2 18 -21 1 16 11 
11 16 1 -21 18 2 16 19 0 9 18 18 1 14 17 14 2 1 0 3 
12 3 12 6 10 13 13 -6 5 18 6 8 -18 9 -16 6 21 -19 12 -14 
10 15 13 17 13 -18 18 16 17 -12 7 13 1 16 18 10 5 1 16 20 
15 5 11 18 -5 2 7 11 7 20 12 -21 4 15 12 15 -7 7 0 19 
6 6 14 -1 18 1 3 19 8 16 16 -19 -13 19 7 16 4 0 8 4 
1 9 18 9 -7 4 -12 -4 14 -13 18 15 -16 13 10 17 14 3 16 9 
21 -7 7 13 -5 -20 5 -10 2 -16 13 9 19 6 12 16 16 -12 4 15 
16 1 3 15 -9 9 21 -4 -10 1 5 10 8 -18 -17 -10 16 10 -8 -12 
7 15 3 -17 12 -20 1 2 -13 9 16 7 -17 13 4 13 8 17 -14 -13 
21 -3 11 3 13 -20 -14 3 12 -21 6 10 2 13 2 -14 16 4 -17 -7 
30
1
16 1
3 18
0
0
