20 20
-12 -21 -12 10 10 5 -14 4 -23 -11 19 21 11 17 15 -5 19 8 0 21 
13 21 10 22 15 1 -8 -16 5 15 -14 15 3 -4 18 -15 23 18 17 15 
12 11 12 2 11 4 -7 16 11 17 6 12 1 15 6 4 19 7 11 17 
13 18 17 5 -20 6 -18 -7 -1 7 19 0 4 -3 21 13 4 13 13 9 
-18 19 -16 19 13 8 5 10 6 15 4 5 -11 20 15 -15 5 -21 19 15 
13 -3 22 -15 20 18 -9 7 22 12 19 11 23 17 1 0 0 3 19 -11 
-13 10 3 15 -4 6 4 -14 -11 6 17 13 4 -6 -11 7 1 8 22 -12 
8 19 9 14 1 7 -3 -12 9 -17 5 -1 14 5 13 23 14 17 -4 5 
23 2 7 21 9 18 7 1 -19 17 17 19 21 9 17 22 -3 13 9 1 
22 15 15 -10 -2 12 9 -18 2 3 23 23 11 16 9 20 -3 1 -17 -8 
-8 -17 1 -3 20 9 16 11 23 23 3 2 -18 9 12 -2 -10 15 15 22 
1 9 13 -3 22 17 9 21 19 17 17 -19 1 7 18 9 21 7 2 23 
5 -4 17 14 23 13 5 14 -1 5 -17 9 -12 -3 7 1 14 9 19 8 
-12 22 8 1 7 -11 -6 4 13 17 6 -11 -14 4 6 -4 15 3 10 -13 
-11 19 3 0 0 1 17 23 11 19 12 22 7 -9 18 20 -15 22 -3 13 
15 19 -21 5 -15 15 20 -11 5 4 15 6 10 5 8 13 19 -16 19 -18 
9 13 13 4 13 21 -3 4 0 19 7 -1 -7 -18 6 -20 5 17 18 13 
17 11 7 19 4 6 15 1 12 6 17 11 16 -7 4 11 2 12 11 12 
15 17 18 23 -15 18 -4 3 15 -14 15 5 -16 -8 1 15 22 10 21 13 
21 0 8 19 -5 15 17 11 21 19 -11 -23 4 -14 5 10 10 -12 -21 -12 
30
1
11 9
8 10
0
0
