20 20
11 5 10 -3 8 10 5 -6 9 1 6 11 -8 4 0 1 3 7 3 11 
-2 -6 2 1 6 6 -2 7 -10 2 2 4 -9 2 0 1 4 11 6 0 
-10 6 0 4 -9 -2 -11 3 6 3 1 2 1 4 -3 -1 2 8 3 3 
9 5 6 4 7 8 5 -8 7 7 -4 9 0 12 12 9 3 8 -9 9 
7 7 4 11 -3 11 6 0 -7 2 -9 -8 1 8 12 -5 3 2 6 4 
-10 11 6 -6 3 8 2 1 7 -1 11 8 -11 3 4 -12 -2 0 2 5 
10 12 4 6 4 4 10 3 -1 4 9 5 -3 7 7 12 7 6 11 12 
-4 -9 8 -1 -1 -11 1 9 6 -9 -2 12 -6 10 8 -8 6 2 5 3 
-6 2 -1 0 3 5 8 0 4 2 12 8 -7 -12 5 1 0 5 -11 9 
8 -10 5 10 9 2 8 7 7 11 6 10 -9 10 10 0 -12 -4 6 -10 
-10 6 -4 -12 0 10 10 -9 10 6 11 7 7 8 2 9 10 5 -10 8 
9 -11 5 0 1 5 -12 -7 8 12 2 4 0 8 5 3 0 -1 2 -6 
3 5 2 6 -8 8 10 -6 12 -2 -9 6 9 1 -11 -1 -1 8 -9 -4 
12 11 6 7 12 7 7 -3 5 9 4 -1 3 10 4 4 6 4 12 10 
5 2 0 -2 -12 4 3 -11 8 11 -1 7 1 2 8 3 -6 6 11 -10 
4 6 2 3 -5 12 8 1 -8 -9 2 -7 0 6 11 -3 11 4 7 7 
9 -9 8 3 9 12 12 0 9 -4 7 7 -8 5 8 7 4 6 5 9 
3 3 8 2 -1 -3 4 1 2 1 3 6 3 -11 -2 -9 4 0 6 -10 
0 6 11 4 1 0 2 -9 4 2 2 -10 7 -2 6 6 1 2 -6 -2 
11 3 7 3 1 0 4 -8 11 6 1 9 -6 5 10 8 -3 10 5 11 
30
1
12 2
7 17
0
0
