20 20
21 -12 -2 -12 1 3 3 8 -15 14 20 18 15 7 -14 16 -20 -15 -15 9 
4 13 13 18 16 2 6 1 11 21 16 17 6 7 -4 -17 3 2 3 -13 
19 12 11 12 -13 21 -11 8 13 8 3 15 18 15 11 12 13 -8 20 19 
20 14 13 12 -7 20 5 5 1 2 16 18 19 15 6 -16 3 6 3 16 
21 -14 13 5 4 -14 3 6 -9 2 8 -2 4 -4 19 17 18 13 -9 16 
14 11 20 -9 4 9 9 8 7 2 13 14 -3 -9 12 -12 -8 17 -1 21 
9 17 -10 -8 14 18 16 -18 6 -10 10 4 11 10 1 -10 2 -19 18 -2 
15 -6 1 19 14 11 20 8 21 10 14 -20 2 18 11 17 5 -18 9 9 
2 -5 8 4 -1 -11 3 -6 9 -3 -15 -5 -13 -18 12 20 18 16 14 2 
21 -10 -11 -17 -20 21 -15 8 7 -14 -2 13 21 -12 20 6 21 -18 10 -19 
-19 10 -18 21 6 20 -12 21 13 -2 -14 7 8 -15 21 -20 -17 -11 -10 21 
2 14 16 18 20 12 -18 -13 -5 -15 -3 9 -6 3 -11 -1 4 8 -5 2 
9 9 -18 5 17 11 18 2 -20 14 10 21 8 20 11 14 19 1 -6 15 
-2 18 -19 2 -10 1 10 11 4 10 -10 6 -18 16 18 14 -8 -10 17 9 
21 -1 17 -8 -12 12 -9 -3 14 13 2 7 8 9 9 4 -9 20 11 14 
16 -9 13 18 17 19 -4 4 -2 8 2 -9 6 3 -14 4 5 13 -14 21 
16 3 6 3 -16 6 15 19 18 16 2 1 5 5 20 -7 12 13 14 20 
19 20 -8 13 12 11 15 18 15 3 8 13 8 -11 21 -13 12 11 12 19 
-13 3 2 3 -17 -4 7 6 17 16 21 11 1 6 2 16 18 13 13 4 
9 -15 -15 -20 16 -14 7 15 18 20 14 -15 8 3 3 1 -12 -2 -12 21 
30
1
16 12
3 7
0
0
