20 20
10 10 17 0 11 -14 25 25 17 8 -1 6 -8 21 -18 -17 15 10 21 1 
21 17 -6 23 -21 22 21 19 3 9 15 -12 11 4 5 -5 19 -10 18 3 
8 6 6 -23 22 9 3 -16 -21 22 22 -7 23 13 11 23 -13 -14 9 0 
22 16 4 24 -16 21 18 -1 5 19 22 -15 16 -10 23 23 3 -25 11 5 
-25 5 18 5 4 1 4 7 6 9 -11 14 16 24 10 16 -4 13 17 1 
-18 -7 -17 -7 -13 5 10 1 12 9 15 21 -18 2 13 21 21 -13 20 -2 
0 7 14 17 4 17 14 -24 11 1 -18 15 -8 13 4 15 4 18 -23 16 
21 25 -18 12 11 -15 8 4 18 6 18 -1 6 2 -24 6 -2 24 15 19 
19 5 -22 -9 10 22 -4 -5 0 2 -2 14 9 11 22 15 -24 -10 5 22 
14 25 2 21 7 15 -2 -11 6 8 3 25 -3 14 12 13 22 9 3 2 
2 3 9 22 13 12 14 -3 25 3 8 6 -11 -2 15 7 21 2 25 14 
22 5 -10 -24 15 22 11 9 14 -2 2 0 -5 -4 22 10 -9 -22 5 19 
19 15 24 -2 6 -24 2 6 -1 18 6 18 4 8 -15 11 12 -18 25 21 
16 -23 18 4 15 4 13 -8 15 -18 1 11 -24 14 17 4 17 14 7 0 
-2 20 -13 21 21 13 2 -18 21 15 9 12 1 10 5 -13 -7 -17 -7 -18 
1 17 13 -4 16 10 24 16 14 -11 9 6 7 4 1 4 5 18 5 -25 
5 11 -25 3 23 23 -10 16 -15 22 19 5 -1 18 21 -16 24 4 16 22 
0 9 -14 -13 23 11 13 23 -7 22 22 -21 -16 3 9 22 -23 6 6 8 
3 18 -10 19 -5 5 4 11 -12 15 9 3 19 21 22 -21 23 -6 17 21 
1 21 10 15 -17 -18 21 -8 6 -1 8 17 25 25 -14 11 0 17 10 10 
30
1
7 12
12 7
0
0
