20 20
5 11 -2 -16 -6 10 7 3 2 -15 7 4 14 -17 10 -5 -13 8 -10 2 
-13 11 -3 15 -9 1 -9 10 -7 8 3 1 2 10 8 -12 -14 13 12 -11 
3 -15 -15 17 16 2 6 -15 14 1 0 -4 -15 0 1 14 4 8 15 12 
4 2 14 -4 -2 12 -2 17 -2 -3 6 -3 3 11 4 2 6 -12 14 4 
4 0 11 14 10 -6 -2 -6 8 16 5 9 13 5 3 7 3 -13 5 1 
16 12 13 4 8 12 -10 13 11 -9 4 -11 7 7 10 -14 13 -17 13 -3 
3 16 -11 1 8 7 17 6 7 -4 -15 -6 -16 16 0 -9 -9 -8 15 -13 
7 -2 7 9 6 4 6 -7 7 6 -16 17 5 17 1 9 6 2 -16 -5 
2 9 15 17 -6 -12 -8 10 -14 -15 15 13 14 -7 9 7 4 3 -10 8 
12 15 6 4 14 -11 16 14 16 17 -13 4 3 -13 13 -7 12 10 2 6 
6 2 10 12 -7 13 -13 3 4 -13 17 16 14 16 -11 14 4 6 15 12 
8 -10 3 4 7 9 -7 14 13 15 -15 -14 10 -8 -12 -6 17 15 9 2 
-5 -16 2 6 9 1 17 5 17 -16 6 7 -7 6 4 6 9 7 -2 7 
-13 15 -8 -9 -9 0 16 -16 -6 -15 -4 7 6 17 7 8 1 -11 16 3 
-3 13 -17 13 -14 10 7 7 -11 4 -9 11 13 -10 12 8 4 13 12 16 
1 5 -13 3 7 3 5 13 9 5 16 8 -6 -2 -6 10 14 11 0 4 
4 14 -12 6 2 4 11 3 -3 6 -3 -2 17 -2 12 -2 -4 14 2 4 
12 15 8 4 14 1 0 -15 -4 0 1 14 -15 6 2 16 17 -15 -15 3 
-11 12 13 -14 -12 8 10 2 1 3 8 -7 10 -9 1 -9 15 -3 11 -13 
2 -10 8 -13 -5 10 -17 14 4 7 -15 2 3 7 10 -6 -16 -2 11 5 
30
1
17 2
2 17
0
0
