20 20
9 23 15 -12 10 11 10 14 -2 23 21 -5 5 1 16 5 -8 17 10 13 
-19 0 5 14 4 14 4 8 -20 8 17 5 19 19 14 -23 12 16 21 3 
0 -16 -20 15 17 17 -13 7 3 -6 20 -14 7 15 12 -7 -11 8 7 -3 
-7 -2 7 2 -1 9 -21 22 -20 4 6 9 3 20 14 8 18 0 4 -11 
4 14 12 -7 -3 -20 4 14 -18 14 -10 22 -13 -6 21 20 15 8 10 13 
16 18 -9 17 12 13 18 21 7 -18 18 21 8 11 4 21 1 15 4 17 
17 13 8 6 10 21 -23 13 6 -2 8 8 -2 -4 23 19 9 16 6 19 
2 0 -10 3 14 2 19 10 -12 -14 4 16 -7 10 14 14 -10 -14 11 15 
20 3 3 8 22 -7 5 15 -1 19 7 6 23 -14 17 1 -11 7 12 13 
6 1 22 15 -23 13 -14 6 23 4 12 15 16 -11 5 2 -20 -21 1 23 
23 1 -21 -20 2 5 -11 16 15 12 4 23 6 -14 13 -23 15 22 1 6 
13 12 7 -11 1 17 -14 23 6 7 19 -1 15 5 -7 22 8 3 3 20 
15 11 -14 -10 14 14 10 -7 16 4 -14 -12 10 19 2 14 3 -10 0 2 
19 6 16 9 19 23 -4 -2 8 8 -2 6 13 -23 21 10 6 8 13 17 
17 4 15 1 21 4 11 8 21 18 -18 7 21 18 13 12 17 -9 18 16 
13 10 8 15 20 21 -6 -13 22 -10 14 -18 14 4 -20 -3 -7 12 14 4 
-11 4 0 18 8 14 20 3 9 6 4 -20 22 -21 9 -1 2 7 -2 -7 
-3 7 8 -11 -7 12 15 7 -14 20 -6 3 7 -13 17 17 15 -20 -16 0 
3 21 16 12 -23 14 19 19 5 17 8 -20 8 4 14 4 14 5 0 -19 
13 10 17 -8 5 16 1 5 -5 21 23 -2 14 10 11 10 -12 15 23 9 
30
1
9 3
10 16
0
0
