20 20
-21 22 28 28 -5 14 14 10 16 20 7 27 -23 3 3 -2 25 15 28 28 
-6 -9 23 19 22 14 5 14 12 12 -11 12 4 -17 17 -7 21 27 -20 16 
8 -24 -8 8 3 7 6 17 28 -8 19 3 4 10 27 -25 9 11 10 7 
13 4 -12 8 9 29 18 28 24 29 10 21 -5 19 7 29 -29 2 25 1 
21 27 8 17 7 11 29 16 23 16 22 -15 -27 19 29 21 21 16 25 21 
24 10 22 26 -22 17 28 -23 -22 -14 -5 29 -14 28 -14 17 23 3 8 23 
11 2 20 2 23 22 17 5 24 24 14 -14 15 17 11 13 0 -16 0 4 
17 -20 -19 6 14 5 -24 29 19 4 16 2 13 29 18 20 16 -15 1 28 
2 21 25 -8 -5 -3 8 -16 17 25 8 24 1 8 15 12 1 13 24 9 
27 -19 -11 -27 23 4 15 3 22 26 20 22 -21 8 22 27 24 -7 -18 20 
20 -18 -7 24 27 22 8 -21 22 20 26 22 3 15 4 23 -27 -11 -19 27 
9 24 13 1 12 15 8 1 24 8 25 17 -16 8 -3 -5 -8 25 21 2 
28 1 -15 16 20 18 29 13 2 16 4 19 29 -24 5 14 6 -19 -20 17 
4 0 -16 0 13 11 17 15 -14 14 24 24 5 17 22 23 2 20 2 11 
23 8 3 23 17 -14 28 -14 29 -5 -14 -22 -23 28 17 -22 26 22 10 24 
21 25 16 21 21 29 19 -27 -15 22 16 23 16 29 11 7 17 8 27 21 
1 25 2 -29 29 7 19 -5 21 10 29 24 28 18 29 9 8 -12 4 13 
7 10 11 9 -25 27 10 4 3 19 -8 28 17 6 7 3 8 -8 -24 8 
16 -20 27 21 -7 17 -17 4 12 -11 12 12 14 5 14 22 19 23 -9 -6 
28 28 15 25 -2 3 3 -23 27 7 20 16 10 14 14 -5 28 28 22 -21 
30
1
12 1
7 18
0
0
