20 20
7 -14 7 12 -17 8 7 0 0 13 11 11 -7 17 17 -13 7 16 13 0 
3 11 -14 16 1 14 4 8 4 10 4 1 11 13 9 -12 -5 2 -8 7 
5 -17 3 18 14 -4 -17 9 7 7 17 8 8 2 0 12 -7 -16 -13 12 
-11 -2 -3 -1 14 -14 14 12 14 9 3 10 1 18 7 6 5 18 5 14 
-18 17 15 0 9 4 16 -14 15 1 -16 11 -6 14 6 -9 -18 13 5 5 
15 5 10 9 1 0 6 12 3 14 13 7 -11 7 17 -1 -8 2 -10 -1 
5 17 -14 -9 -4 12 17 4 14 13 -4 2 -4 17 11 -10 1 17 -15 8 
1 17 5 12 8 3 18 -12 13 16 3 18 5 1 14 -5 12 2 0 13 
13 -6 -3 6 12 18 14 2 10 9 13 10 16 13 -5 -15 11 4 15 11 
5 -16 18 14 8 -18 10 8 -18 12 11 0 -3 -18 2 -9 4 -6 -12 13 
13 -12 -6 4 -9 2 -18 -3 0 11 12 -18 8 10 -18 8 14 18 -16 5 
11 15 4 11 -15 -5 13 16 10 13 9 10 2 14 18 12 6 -3 -6 13 
13 0 2 12 -5 14 1 5 18 3 16 13 -12 18 3 8 12 5 17 1 
8 -15 17 1 -10 11 17 -4 2 -4 13 14 4 17 12 -4 -9 -14 17 5 
-1 -10 2 -8 -1 17 7 -11 7 13 14 3 12 6 0 1 9 10 5 15 
5 5 13 -18 -9 6 14 -6 11 -16 1 15 -14 16 4 9 0 15 17 -18 
14 5 18 5 6 7 18 1 10 3 9 14 12 14 -14 14 -1 -3 -2 -11 
12 -13 -16 -7 12 0 2 8 8 17 7 7 9 -17 -4 14 18 3 -17 5 
7 -8 2 -5 -12 9 13 11 1 4 10 4 8 4 14 1 16 -14 11 3 
0 13 16 7 -13 17 17 -7 11 11 13 0 0 7 8 -17 12 7 -14 7 
30
1
1 7
18 12
0
0
