20 20
-22 -23 20 26 5 9 -7 14 21 8 22 20 2 9 8 2 -21 18 13 -3 
25 -8 14 4 20 15 16 25 -13 -22 -2 26 26 21 9 -11 12 22 7 22 
23 24 26 -1 -7 12 -8 13 1 -18 17 1 -7 23 7 5 6 23 16 11 
2 12 24 0 10 13 13 -10 5 -23 16 -21 1 17 25 -17 18 5 2 15 
20 8 26 -11 9 23 -9 25 25 -3 18 3 9 19 -15 -6 6 20 14 24 
-18 -11 -22 -15 17 -2 -24 9 -3 17 3 11 20 -18 6 7 22 26 6 14 
-11 5 11 2 3 14 18 -16 15 -10 16 9 19 8 9 5 10 -3 10 8 
-15 10 19 3 -6 3 18 -16 24 11 -24 23 12 6 20 7 17 1 6 22 
-16 7 17 19 -3 -22 5 25 20 25 -1 7 11 25 10 5 -23 -7 -9 7 
3 13 19 17 5 5 12 11 -16 -10 -15 2 16 8 11 -19 26 6 8 7 
7 8 6 26 -19 11 8 16 2 -15 -10 -16 11 12 5 5 17 19 13 3 
7 -9 -7 -23 5 10 25 11 7 -1 25 20 25 5 -22 -3 19 17 7 -16 
22 6 1 17 7 20 6 12 23 -24 11 24 -16 18 3 -6 3 19 10 -15 
8 10 -3 10 5 9 8 19 9 16 -10 15 -16 18 14 3 2 11 5 -11 
14 6 26 22 7 6 -18 20 11 3 17 -3 9 -24 -2 17 -15 -22 -11 -18 
24 14 20 6 -6 -15 19 9 3 18 -3 25 25 -9 23 9 -11 26 8 20 
15 2 5 18 -17 25 17 1 -21 16 -23 5 -10 13 13 10 0 24 12 2 
11 16 23 6 5 7 23 -7 1 17 -18 1 13 -8 12 -7 -1 26 24 23 
22 7 22 12 -11 9 21 26 26 -2 -22 -13 25 16 15 20 4 14 -8 25 
-3 13 18 -21 2 8 9 2 20 22 8 21 14 -7 9 5 26 20 -23 -22 
30
1
11 16
8 3
0
0
