20 20
-17 18 18 22 3 12 5 19 20 13 3 2 -14 3 4 17 25 5 14 4 
-8 -24 -8 6 -5 8 5 -19 17 24 -10 21 23 4 20 -2 -25 -23 20 -6 
14 10 16 23 -12 -15 12 -15 -23 20 21 4 12 25 -5 16 12 15 17 18 
23 12 -1 16 21 5 22 23 16 13 18 8 1 20 12 -13 -14 4 24 -7 
-13 16 13 7 18 4 3 10 -1 -5 -8 8 -13 19 7 -17 -6 -11 25 7 
2 -21 9 18 -25 10 3 17 21 -13 9 3 16 13 -3 22 -11 22 -19 15 
7 17 12 14 8 3 -14 17 -7 22 1 15 4 -5 7 -9 -9 9 11 22 
12 -4 9 -15 24 -7 13 17 3 15 -7 2 11 7 -7 6 8 24 -7 10 
8 14 19 17 7 -5 15 8 7 17 23 -6 20 13 15 -6 -5 15 8 -22 
21 12 -6 -2 -15 24 16 21 1 3 -9 22 15 13 22 23 15 10 21 -25 
-25 21 10 15 23 22 13 15 22 -9 3 1 21 16 24 -15 -2 -6 12 21 
-22 8 15 -5 -6 15 13 20 -6 23 17 7 8 15 -5 7 17 19 14 8 
10 -7 24 8 6 -7 7 11 2 -7 15 3 17 13 -7 24 -15 9 -4 12 
22 11 9 -9 -9 7 -5 4 15 1 22 -7 17 -14 3 8 14 12 17 7 
15 -19 22 -11 22 -3 13 16 3 9 -13 21 17 3 10 -25 18 9 -21 2 
7 25 -11 -6 -17 7 19 -13 8 -8 -5 -1 10 3 4 18 7 13 16 -13 
-7 24 4 -14 -13 12 20 1 8 18 13 16 23 22 5 21 16 -1 12 23 
18 17 15 12 16 -5 25 12 4 21 20 -23 -15 12 -15 -12 23 16 10 14 
-6 20 -23 -25 -2 20 4 23 21 -10 24 17 -19 5 8 -5 6 -8 -24 -8 
4 14 5 25 17 4 3 -14 2 3 13 20 19 5 12 3 22 18 18 -17 
30
1
1 10
18 9
0
0
