20 20
14 14 16 5 7 5 3 -12 -12 5 8 -11 17 13 14 14 -2 10 2 16 
16 16 7 13 15 24 2 11 0 -1 10 23 4 13 -20 -16 -6 -12 -9 1 
24 21 2 -18 3 -2 23 -20 19 -12 -24 16 0 3 -14 11 12 12 7 12 
-21 -10 22 5 9 10 12 4 -4 15 4 -11 16 8 -10 23 1 4 -13 3 
7 19 17 -6 -6 5 6 -19 3 21 0 -12 22 21 -20 -9 -20 24 12 2 
-11 1 20 20 9 11 22 7 12 0 -15 20 2 24 13 11 -6 -6 -16 19 
13 -4 -5 -23 18 -19 24 15 9 23 21 -1 4 0 1 12 14 1 2 22 
3 7 -16 23 11 5 2 -16 -23 21 13 5 9 7 16 14 -18 -4 0 -11 
23 11 -11 19 12 4 11 -13 19 13 24 0 -21 0 1 24 7 11 -19 21 
5 1 22 -2 10 3 13 4 -10 -18 6 5 2 15 1 9 6 6 10 8 
8 10 6 6 9 1 15 2 5 6 -18 -10 4 13 3 10 -2 22 1 5 
21 -19 11 7 24 1 0 -21 0 24 13 19 -13 11 4 12 19 -11 11 23 
-11 0 -4 -18 14 16 7 9 5 13 21 -23 -16 2 5 11 23 -16 7 3 
22 2 1 14 12 1 0 4 -1 21 23 9 15 24 -19 18 -23 -5 -4 13 
19 -16 -6 -6 11 13 24 2 20 -15 0 12 7 22 11 9 20 20 1 -11 
2 12 24 -20 -9 -20 21 22 -12 0 21 3 -19 6 5 -6 -6 17 19 7 
3 -13 4 1 23 -10 8 16 -11 4 15 -4 4 12 10 9 5 22 -10 -21 
12 7 12 12 11 -14 3 0 16 -24 -12 19 -20 23 -2 3 -18 2 21 24 
1 -9 -12 -6 -16 -20 13 4 23 10 -1 0 11 2 24 15 13 7 16 16 
16 2 10 -2 14 14 13 17 -11 8 5 -12 -12 3 5 7 5 16 14 14 
30
1
12 9
7 10
0
0
