20 20
13 6 -4 -20 -20 9 19 14 2 -15 -9 18 9 26 21 -3 21 9 28 17 
20 15 2 15 -18 18 14 4 4 8 18 -12 -21 24 7 25 18 28 -5 28 
28 -12 -20 15 1 27 12 18 25 -3 21 11 3 26 21 -23 21 4 6 6 
25 3 21 2 18 25 -15 27 8 -10 -12 10 22 2 12 -15 10 1 22 15 
3 15 15 14 8 14 -16 12 -25 28 -24 26 23 24 -17 13 11 19 23 2 
-25 -1 23 29 3 16 10 11 4 -4 11 8 25 28 -19 2 -12 -14 -20 -29 
21 -24 -6 27 12 6 23 17 -21 14 18 5 -26 22 -19 22 12 15 28 -4 
-4 26 0 19 -7 16 -22 4 7 8 11 -24 4 -20 -8 12 4 26 29 13 
24 6 25 24 28 14 -27 7 26 27 7 -4 29 22 -20 29 4 19 11 23 
19 13 28 14 25 29 12 22 12 3 -26 5 -4 22 19 -29 4 3 1 29 
29 1 3 4 -29 19 22 -4 5 -26 3 12 22 12 29 25 14 28 13 19 
23 11 19 4 29 -20 22 29 -4 7 27 26 7 -27 14 28 24 25 6 24 
13 29 26 4 12 -8 -20 4 -24 11 8 7 4 -22 16 -7 19 0 26 -4 
-4 28 15 12 22 -19 22 -26 5 18 14 -21 17 23 6 12 27 -6 -24 21 
-29 -20 -14 -12 2 -19 28 25 8 11 -4 4 11 10 16 3 29 23 -1 -25 
2 23 19 11 13 -17 24 23 26 -24 28 -25 12 -16 14 8 14 15 15 3 
15 22 1 10 -15 12 2 22 10 -12 -10 8 27 -15 25 18 2 21 3 25 
6 6 4 21 -23 21 26 3 11 21 -3 25 18 12 27 1 15 -20 -12 28 
28 -5 28 18 25 7 24 -21 -12 18 8 4 4 14 18 -18 15 2 15 20 
17 28 9 21 -3 21 26 9 18 -9 -15 2 14 19 9 -20 -20 -4 6 13 
30
1
0 12
19 7
0
0
