20 20
12 -7 4 9 2 9 15 13 -16 4 -16 7 1 11 9 6 0 -14 4 1 
2 8 9 -12 -6 5 14 -4 -13 -5 5 0 4 -6 6 13 -15 4 6 -14 
-2 11 7 15 16 9 9 9 12 9 1 -1 -10 11 14 14 10 7 0 11 
12 5 12 0 -13 -1 -1 -8 4 8 9 7 7 8 -12 -1 6 -2 7 2 
0 13 -14 1 8 10 -15 16 0 6 0 -11 -8 3 -12 7 1 5 8 -2 
7 15 10 -1 8 11 8 10 16 0 -4 -3 6 16 10 14 11 -9 1 -15 
13 5 7 -11 12 12 6 6 6 2 -5 2 0 4 11 -8 9 -9 13 -5 
6 13 14 5 -9 5 0 3 16 -8 -9 13 4 13 -4 -5 8 0 8 5 
3 14 -3 16 0 6 -8 11 10 -12 16 11 16 1 8 -12 8 10 10 4 
5 10 11 6 3 1 -7 7 10 -10 7 15 5 -11 9 -15 -2 3 13 -15 
-15 13 3 -2 -15 9 -11 5 15 7 -10 10 7 -7 1 3 6 11 10 5 
4 10 10 8 -12 8 1 16 11 16 -12 10 11 -8 6 0 16 -3 14 3 
5 8 0 8 -5 -4 13 4 13 -9 -8 16 3 0 5 -9 5 14 13 6 
-5 13 -9 9 -8 11 4 0 2 -5 2 6 6 6 12 12 -11 7 5 13 
-15 1 -9 11 14 10 16 6 -3 -4 0 16 10 8 11 8 -1 10 15 7 
-2 8 5 1 7 -12 3 -8 -11 0 6 0 16 -15 10 8 1 -14 13 0 
2 7 -2 6 -1 -12 8 7 7 9 8 4 -8 -1 -1 -13 0 12 5 12 
11 0 7 10 14 14 11 -10 -1 1 9 12 9 9 9 16 15 7 11 -2 
-14 6 4 -15 13 6 -6 4 0 5 -5 -13 -4 14 5 -6 -12 9 8 2 
1 4 -14 0 6 9 11 1 7 -16 4 -16 13 15 9 2 9 4 -7 12 
30
1
18 5
1 14
0
0
