20 20
7 3 -4 11 6 8 9 4 8 2 10 3 11 6 6 3 -6 3 2 11 
-3 3 10 1 1 2 11 11 -4 2 1 11 1 10 -8 -7 4 1 6 -2 
8 6 9 8 3 -9 -11 -11 11 6 -11 10 -9 1 -9 2 -2 5 10 1 
3 9 2 -6 10 1 2 5 1 5 8 9 8 4 -10 -8 4 -7 -4 7 
7 -4 3 9 6 6 4 11 8 9 0 10 -1 -1 2 -8 6 3 -3 -7 
5 7 2 11 8 2 4 -4 9 0 -4 1 0 5 8 -4 0 -5 6 -1 
3 -9 9 6 -3 6 4 -7 8 -8 2 6 -10 5 6 8 8 10 1 9 
-7 3 10 3 11 3 9 10 7 7 1 6 5 2 -1 -11 4 1 1 3 
0 -1 -7 -11 1 8 6 10 2 2 6 6 7 9 6 11 6 4 10 -3 
7 2 5 1 8 -4 -2 4 -1 11 1 9 -1 9 2 3 1 3 2 -7 
-7 2 3 1 3 2 9 -1 9 1 11 -1 4 -2 -4 8 1 5 2 7 
-3 10 4 6 11 6 9 7 6 6 2 2 10 6 8 1 -11 -7 -1 0 
3 1 1 4 -11 -1 2 5 6 1 7 7 10 9 3 11 3 10 3 -7 
9 1 10 8 8 6 5 -10 6 2 -8 8 -7 4 6 -3 6 9 -9 3 
-1 6 -5 0 -4 8 5 0 1 -4 0 9 -4 4 2 8 11 2 7 5 
-7 -3 3 6 -8 2 -1 -1 10 0 9 8 11 4 6 6 9 3 -4 7 
7 -4 -7 4 -8 -10 4 8 9 8 5 1 5 2 1 10 -6 2 9 3 
1 10 5 -2 2 -9 1 -9 10 -11 6 11 -11 -11 -9 3 8 9 6 8 
-2 6 1 4 -7 -8 10 1 11 1 2 -4 11 11 2 1 1 10 3 -3 
11 2 3 -6 3 6 6 11 3 10 2 8 4 9 8 6 11 -4 3 7 
30
1
5 0
14 19
0
0
