20 20
26 10 13 7 -24 -1 10 11 1 11 13 15 3 2 12 11 13 -7 22 -22 
23 2 -7 20 15 2 24 8 7 5 17 8 15 6 5 2 5 1 -22 19 
19 14 -2 -6 19 26 -20 16 18 13 25 4 20 15 24 5 21 -22 10 11 
9 19 21 -1 13 -15 24 24 14 23 9 7 12 13 4 20 -8 -7 3 20 
0 0 2 24 23 -15 -22 19 17 26 -23 6 23 15 17 21 3 7 14 26 
11 15 26 14 0 5 1 21 6 21 17 11 17 -7 24 1 11 26 -21 26 
-8 7 26 17 20 -9 13 2 22 9 19 -24 11 24 1 19 10 8 -24 10 
6 19 5 -22 20 9 1 3 1 24 25 9 4 4 -17 18 21 -26 26 20 
23 -17 -25 24 -8 7 -5 21 22 7 0 6 10 2 23 22 14 18 -16 16 
25 8 8 14 -4 11 -23 18 5 21 22 10 0 10 10 20 8 7 19 11 
11 19 7 8 20 10 10 0 10 22 21 5 18 -23 11 -4 14 8 8 25 
16 -16 18 14 22 23 2 10 6 0 7 22 21 -5 7 -8 24 -25 -17 23 
20 26 -26 21 18 -17 4 4 9 25 24 1 3 1 9 20 -22 5 19 6 
10 -24 8 10 19 1 24 11 -24 19 9 22 2 13 -9 20 17 26 7 -8 
26 -21 26 11 1 24 -7 17 11 17 21 6 21 1 5 0 14 26 15 11 
26 14 7 3 21 17 15 23 6 -23 26 17 19 -22 -15 23 24 2 0 0 
20 3 -7 -8 20 4 13 12 7 9 23 14 24 24 -15 13 -1 21 19 9 
11 10 -22 21 5 24 15 20 4 25 13 18 16 -20 26 19 -6 -2 14 19 
19 -22 1 5 2 5 6 15 8 17 5 7 8 24 2 15 20 -7 2 23 
-22 22 -7 13 11 12 2 3 15 13 11 1 11 10 -1 -24 7 13 10 26 
30
1
10 14
9 5
0
0
