20 20
3 0 14 -15 -5 12 -4 13 -14 11 -12 0 5 13 17 -6 -7 16 13 13 
-3 18 -17 3 10 17 -18 13 6 2 12 5 -15 10 -3 14 15 7 11 12 
-16 9 -3 10 9 17 -15 17 -15 17 18 6 -16 7 16 -6 18 -11 10 -15 
5 15 12 -5 -7 -13 12 8 2 -3 -9 -1 4 2 12 10 10 8 17 1 
13 10 8 -9 6 -1 2 4 15 7 -12 -12 14 -5 13 7 11 -14 14 -7 
-12 12 -10 12 15 -16 10 6 -6 -3 18 15 3 5 12 -1 17 7 2 10 
1 14 7 16 12 -9 11 -8 1 1 -6 1 -9 17 18 -1 3 12 18 9 
9 3 17 -4 14 -13 -17 14 2 10 0 -9 13 3 18 13 5 9 -10 10 
11 10 14 17 14 2 -11 1 15 -5 -17 1 2 -13 9 -2 13 -18 7 1 
2 2 4 10 16 15 8 17 10 -9 3 11 -4 -2 7 -6 10 13 15 0 
0 15 13 10 -6 7 -2 -4 11 3 -9 10 17 8 15 16 10 4 2 2 
1 7 -18 13 -2 9 -13 2 1 -17 -5 15 1 -11 2 14 17 14 10 11 
10 -10 9 5 13 18 3 13 -9 0 10 2 14 -17 -13 14 -4 17 3 9 
9 18 12 3 -1 18 17 -9 1 -6 1 1 -8 11 -9 12 16 7 14 1 
10 2 7 17 -1 12 5 3 15 18 -3 -6 6 10 -16 15 12 -10 12 -12 
-7 14 -14 11 7 13 -5 14 -12 -12 7 15 4 2 -1 6 -9 8 10 13 
1 17 8 10 10 12 2 4 -1 -9 -3 2 8 12 -13 -7 -5 12 15 5 
-15 10 -11 18 -6 16 7 -16 6 18 17 -15 17 -15 17 9 10 -3 9 -16 
12 11 7 15 14 -3 10 -15 5 12 2 6 13 -18 17 10 3 -17 18 -3 
13 13 16 -7 -6 17 13 5 0 -12 11 -14 13 -4 12 -5 -15 14 0 3 
30
1
5 0
14 19
0
0
