20 20
1 18 7 7 -13 13 27 14 -9 25 -21 13 7 20 1 0 8 2 25 27 
2 0 1 -17 23 4 12 13 -27 15 3 15 -13 4 18 0 19 27 7 -17 
18 -13 19 14 -5 -5 14 -10 -11 27 25 -15 8 22 20 13 15 10 -21 -17 
19 10 2 6 26 15 7 -3 7 2 8 18 2 -23 -20 15 5 2 8 24 
6 25 12 16 2 -5 2 -20 -5 8 26 -19 22 5 -2 -3 -15 15 1 18 
4 -25 21 6 -18 4 2 5 -8 25 3 13 24 20 15 4 11 26 2 6 
21 5 -18 5 11 25 23 10 21 27 -14 3 12 9 17 18 26 20 6 5 
-16 25 3 12 7 27 13 -22 6 -26 1 10 20 -4 2 25 -23 6 -13 4 
-22 19 12 14 16 -26 6 7 4 -6 3 27 1 22 25 6 -6 0 -12 16 
25 16 6 27 26 19 -1 3 1 5 26 6 22 4 -22 9 22 6 10 24 
24 10 6 22 9 -22 4 22 6 26 5 1 3 -1 19 26 27 6 16 25 
16 -12 0 -6 6 25 22 1 27 3 -6 4 7 6 -26 16 14 12 19 -22 
4 -13 6 -23 25 2 -4 20 10 1 -26 6 -22 13 27 7 12 3 25 -16 
5 6 20 26 18 17 9 12 3 -14 27 21 10 23 25 11 5 -18 5 21 
6 2 26 11 4 15 20 24 13 3 25 -8 5 2 4 -18 6 21 -25 4 
18 1 15 -15 -3 -2 5 22 -19 26 8 -5 -20 2 -5 2 16 12 25 6 
24 8 2 5 15 -20 -23 2 18 8 2 7 -3 7 15 26 6 2 10 19 
-17 -21 10 15 13 20 22 8 -15 25 27 -11 -10 14 -5 -5 14 19 -13 18 
-17 7 27 19 0 18 4 -13 15 3 15 -27 13 12 4 23 -17 1 0 2 
27 25 2 8 0 1 20 7 13 -21 25 -9 14 27 13 -13 7 7 18 1 
30
1
11 15
8 4
0
0
