20 20
15 0 -18 14 16 27 -14 19 -9 26 26 9 -16 -27 -24 4 -9 22 14 25 
8 7 -11 -1 14 20 18 16 19 11 -16 22 11 11 26 -25 5 18 14 4 
19 26 1 24 23 -10 15 9 8 8 11 -4 8 9 -6 21 -26 -11 6 9 
24 20 23 26 -7 3 5 -7 23 -1 14 2 -2 -23 13 -3 15 24 9 24 
8 26 -12 9 2 18 7 19 -11 22 3 27 17 -4 6 4 12 10 -12 26 
27 -17 -18 -27 6 6 19 23 25 10 20 14 25 22 -24 2 -15 2 21 5 
19 5 25 15 7 8 11 -21 -17 0 17 -17 24 14 0 -1 -27 20 -9 12 
6 26 -13 -21 20 -18 23 11 19 13 -23 19 8 12 25 10 20 20 25 20 
-26 7 19 27 27 26 17 -12 26 1 -10 18 14 -19 6 -7 8 6 -23 -8 
-2 -2 3 27 3 7 11 -2 16 11 7 18 1 -16 20 -25 15 4 3 19 
19 3 4 15 -25 20 -16 1 18 7 11 16 -2 11 7 3 27 3 -2 -2 
-8 -23 6 8 -7 6 -19 14 18 -10 1 26 -12 17 26 27 27 19 7 -26 
20 25 20 20 10 25 12 8 19 -23 13 19 11 23 -18 20 -21 -13 26 6 
12 -9 20 -27 -1 0 14 24 -17 17 0 -17 -21 11 8 7 15 25 5 19 
5 21 2 -15 2 -24 22 25 14 20 10 25 23 19 6 6 -27 -18 -17 27 
26 -12 10 12 4 6 -4 17 27 3 22 -11 19 7 18 2 9 -12 26 8 
24 9 24 15 -3 13 -23 -2 2 14 -1 23 -7 5 3 -7 26 23 20 24 
9 6 -11 -26 21 -6 9 8 -4 11 8 8 9 15 -10 23 24 1 26 19 
4 14 18 5 -25 26 11 11 22 -16 11 19 16 18 20 14 -1 -11 7 8 
25 14 22 -9 4 -24 -27 -16 9 26 26 -9 19 -14 27 16 14 -18 0 15 
30
1
5 0
14 19
0
0
