20 20
-24 23 15 3 22 15 -16 0 -15 17 3 -24 4 -25 21 -19 -13 0 25 7 
26 3 11 18 2 20 26 4 13 -7 16 7 8 15 -8 -15 25 1 11 19 
5 -13 -23 18 2 5 -24 10 -22 10 26 4 19 -18 7 8 11 25 -12 13 
15 -23 1 13 -13 -24 13 21 -1 1 23 -19 4 -19 -23 18 15 4 -23 9 
6 17 -14 -22 26 25 -22 4 3 9 8 24 6 -9 18 15 7 -10 7 6 
-8 24 4 6 13 0 -13 5 23 -7 19 -25 16 -19 2 4 1 0 16 1 
-15 2 13 20 24 14 -7 21 -25 -17 7 6 8 -5 -18 5 -16 -11 -17 5 
7 8 17 16 6 11 12 -11 24 18 21 -8 -10 -26 -14 -2 9 0 23 16 
23 4 6 3 -12 23 -25 3 15 18 3 9 6 8 -25 8 18 15 4 7 
-17 24 -18 3 17 14 -19 -1 9 24 -12 26 21 17 12 16 1 17 10 11 
11 10 17 1 16 12 17 21 26 -12 24 9 -1 -19 14 17 3 -18 24 -17 
7 4 15 18 8 -25 8 6 9 3 18 15 3 -25 23 -12 3 6 4 23 
16 23 0 9 -2 -14 -26 -10 -8 21 18 24 -11 12 11 6 16 17 8 7 
5 -17 -11 -16 5 -18 -5 8 6 7 -17 -25 21 -7 14 24 20 13 2 -15 
1 16 0 1 4 2 -19 16 -25 19 -7 23 5 -13 0 13 6 4 24 -8 
6 7 -10 7 15 18 -9 6 24 8 9 3 4 -22 25 26 -22 -14 17 6 
9 -23 4 15 18 -23 -19 4 -19 23 1 -1 21 13 -24 -13 13 1 -23 15 
13 -12 25 11 8 7 -18 19 4 26 10 -22 10 -24 5 2 18 -23 -13 5 
19 11 1 25 -15 -8 15 8 7 16 -7 13 4 26 20 2 18 11 3 26 
7 25 0 -13 -19 21 -25 4 -24 3 17 -15 0 -16 15 22 3 15 23 -24 
30
1
19 12
0 7
0
0
