20 20
15 16 7 18 15 -11 17 15 20 4 -22 9 11 19 1 16 20 8 7 -19 
-23 7 13 14 0 22 23 -4 -3 7 17 -20 23 17 21 13 22 0 12 -22 
9 -23 20 -1 10 -12 16 10 -7 4 13 4 -18 -16 -20 7 7 10 8 -15 
-20 -15 15 -16 8 3 6 6 21 10 -10 6 8 5 5 -1 2 -22 10 2 
19 7 4 -20 3 2 14 19 1 13 10 -15 14 19 14 19 -21 3 3 22 
-2 17 19 15 -17 1 -1 -16 1 2 3 15 19 -21 0 8 -17 10 2 23 
20 11 21 3 12 20 22 -17 -4 4 2 7 22 -18 -21 6 16 19 23 -1 
15 5 15 2 -6 11 -20 21 22 1 9 17 16 -7 -23 21 -13 5 8 12 
8 0 8 3 17 15 20 22 -18 7 2 23 23 16 -12 -10 15 16 20 14 
-15 22 8 11 11 -11 23 7 6 20 3 23 -13 15 15 5 0 -11 3 15 
15 3 -11 0 5 15 15 -13 23 3 20 6 7 23 -11 11 11 8 22 -15 
14 20 16 15 -10 -12 16 23 23 2 7 -18 22 20 15 17 3 8 0 8 
12 8 5 -13 21 -23 -7 16 17 9 1 22 21 -20 11 -6 2 15 5 15 
-1 23 19 16 6 -21 -18 22 7 2 4 -4 -17 22 20 12 3 21 11 20 
23 2 10 -17 8 0 -21 19 15 3 2 1 -16 -1 1 -17 15 19 17 -2 
22 3 3 -21 19 14 19 14 -15 10 13 1 19 14 2 3 -20 4 7 19 
2 10 -22 2 -1 5 5 8 6 -10 10 21 6 6 3 8 -16 15 -15 -20 
-15 8 10 7 7 -20 -16 -18 4 13 4 -7 10 16 -12 10 -1 20 -23 9 
-22 12 0 22 13 21 17 23 -20 17 7 -3 -4 23 22 0 14 13 7 -23 
-19 7 8 20 16 1 19 11 9 -22 4 20 15 17 -11 15 18 7 16 15 
30
1
3 15
16 4
0
0
