20 20
5 12 16 7 13 9 -11 -3 4 15 7 1 14 10 -18 -10 0 -4 -17 16 
-1 -11 2 10 15 6 -15 3 11 15 -13 -16 16 11 16 -5 7 10 12 2 
-18 -17 7 0 16 15 2 -4 13 8 -16 14 13 18 6 -9 16 16 -10 15 
2 6 11 4 2 15 1 3 11 15 0 0 13 5 2 6 -4 0 6 12 
0 1 14 5 10 12 18 5 7 14 13 7 0 2 14 13 9 12 -12 3 
12 14 2 -10 12 1 4 0 -3 14 17 15 2 18 0 1 -4 2 11 -11 
3 2 -11 17 2 4 8 -9 1 6 13 4 15 15 5 -16 18 7 15 -12 
-10 9 2 5 12 12 3 -1 -16 2 12 -1 12 3 3 7 12 -18 2 16 
0 6 -12 0 10 14 -1 14 4 17 8 17 14 9 16 11 10 -5 17 18 
-3 12 10 -6 4 16 1 7 18 6 10 12 12 17 -15 17 14 3 11 -4 
-4 11 3 14 17 -15 17 12 12 10 6 18 7 1 16 4 -6 10 12 -3 
18 17 -5 10 11 16 9 14 17 8 17 4 14 -1 14 10 0 -12 6 0 
16 2 -18 12 7 3 3 12 -1 12 2 -16 -1 3 12 12 5 2 9 -10 
-12 15 7 18 -16 5 15 15 4 13 6 1 -9 8 4 2 17 -11 2 3 
-11 11 2 -4 1 0 18 2 15 17 14 -3 0 4 1 12 -10 2 14 12 
3 -12 12 9 13 14 2 0 7 13 14 7 5 18 12 10 5 14 1 0 
12 6 0 -4 6 2 5 13 0 0 15 11 3 1 15 2 4 11 6 2 
15 -10 16 16 -9 6 18 13 14 -16 8 13 -4 2 15 16 0 7 -17 -18 
2 12 10 7 -5 16 11 16 -16 -13 15 11 3 -15 6 15 10 2 -11 -1 
16 -17 -4 0 -10 -18 10 14 1 7 15 4 -3 -11 9 13 7 16 12 5 
30
1
15 17
4 2
0
0
