20 20
-28 12 15 6 -22 -28 6 -10 25 14 10 0 -5 -16 -17 -15 26 25 -25 -24 
-2 -28 24 8 -1 10 29 -4 18 -23 -17 2 -4 8 21 4 24 26 29 19 
20 -27 11 12 14 2 6 10 -14 29 -30 13 14 15 2 24 -25 22 22 3 
4 10 -13 25 9 -17 15 -10 2 -27 3 13 8 6 7 5 4 15 -19 -7 
18 19 -9 1 28 -12 9 10 13 28 9 -13 18 4 22 16 23 -7 0 21 
14 28 26 1 9 28 14 14 -15 12 14 -8 30 14 17 30 3 22 9 18 
5 26 20 2 -11 12 21 -16 7 -9 20 8 1 29 0 6 27 6 15 6 
5 15 26 11 18 5 3 -15 -14 23 21 14 28 -7 7 21 12 18 19 13 
5 14 28 -19 4 -2 -24 13 -27 2 -19 -30 26 30 28 21 16 12 24 2 
7 -28 29 -7 -23 9 6 -13 13 25 6 3 20 25 0 26 21 14 3 -18 
-18 3 14 21 26 0 25 20 3 6 25 13 -13 6 9 -23 -7 29 -28 7 
2 24 12 16 21 28 30 26 -30 -19 2 -27 13 -24 -2 4 -19 28 14 5 
13 19 18 12 21 7 -7 28 14 21 23 -14 -15 3 5 18 11 26 15 5 
6 15 6 27 6 0 29 1 8 20 -9 7 -16 21 12 -11 2 20 26 5 
18 9 22 3 30 17 14 30 -8 14 12 -15 14 14 28 9 1 26 28 14 
21 0 -7 23 16 22 4 18 -13 9 28 13 10 9 -12 28 1 -9 19 18 
-7 -19 15 4 5 7 6 8 13 3 -27 2 -10 15 -17 9 25 -13 10 4 
3 22 22 -25 24 2 15 14 13 -30 29 -14 10 6 2 14 12 11 -27 20 
19 29 26 24 4 21 8 -4 2 -17 -23 18 -4 29 10 -1 8 24 -28 -2 
-24 -25 25 26 -15 -17 -16 -5 0 10 14 25 -10 6 -28 -22 6 15 12 -28 
30
1
0 11
19 8
0
0
