20 20
12 11 5 2 21 12 14 15 9 19 1 6 2 3 -9 -19 6 -18 -15 21 
-20 10 -17 5 5 -18 2 9 7 3 9 4 0 11 18 -4 -3 -5 21 5 
10 17 7 14 -17 17 17 20 21 6 -1 7 3 15 14 5 14 6 3 3 
9 7 17 -6 16 5 13 14 0 -19 15 1 7 17 7 -6 15 11 -15 5 
8 2 14 1 20 7 -8 -15 9 15 8 21 2 4 3 19 12 5 -17 19 
17 -8 11 9 1 -15 3 3 17 19 -19 1 2 16 20 9 14 13 8 20 
7 1 -18 19 20 4 8 6 19 20 -7 -14 12 3 18 -10 19 17 2 1 
12 5 2 0 16 12 20 8 -10 21 17 14 -7 -9 16 1 4 6 20 17 
20 4 17 14 18 18 -16 7 13 7 -19 21 2 18 12 11 15 20 18 13 
16 20 -18 -14 17 19 -1 18 15 -7 2 5 19 14 13 9 5 15 18 19 
19 18 15 5 9 13 14 19 5 2 -7 15 18 -1 19 17 -14 -18 20 16 
13 18 20 15 11 12 18 2 21 -19 7 13 7 -16 18 18 14 17 4 20 
17 20 6 4 1 16 -9 -7 14 17 21 -10 8 20 12 16 0 2 5 12 
1 2 17 19 -10 18 3 12 -14 -7 20 19 6 8 4 20 19 -18 1 7 
20 8 13 14 9 20 16 2 1 -19 19 17 3 3 -15 1 9 11 -8 17 
19 -17 5 12 19 3 4 2 21 8 15 9 -15 -8 7 20 1 14 2 8 
5 -15 11 15 -6 7 17 7 1 15 -19 0 14 13 5 16 -6 17 7 9 
3 3 6 14 5 14 15 3 7 -1 6 21 20 17 17 -17 14 7 17 10 
5 21 -5 -3 -4 18 11 0 4 9 3 7 9 2 -18 5 5 -17 10 -20 
21 -15 -18 6 -19 -9 3 2 6 1 19 9 15 14 12 21 2 5 11 12 
30
1
9 18
10 1
0
0
