20 20
11 13 7 7 -13 13 13 19 16 4 -3 10 -2 11 -4 7 8 19 3 4 
7 5 12 18 -20 9 -16 13 -12 -6 5 16 14 10 -15 0 -5 0 -8 16 
15 11 15 17 -21 -16 -13 4 5 -2 8 13 19 3 8 9 16 7 9 3 
-15 16 19 -18 -16 19 1 17 9 9 5 3 20 3 12 18 -13 -17 21 8 
17 0 8 7 -1 10 13 5 5 7 20 -7 3 0 1 18 11 -21 -21 18 
7 6 19 8 19 -13 3 5 -1 17 -8 21 15 -11 4 17 5 21 18 17 
20 14 -17 21 12 -7 15 18 11 15 1 17 -14 10 -14 12 9 -13 8 -5 
9 -18 18 -15 4 6 -15 -16 18 3 18 14 -13 12 -1 -2 -11 0 -12 -9 
18 10 1 17 7 18 -9 -2 16 6 -8 -9 17 20 9 15 18 1 18 15 
3 6 2 7 12 9 13 0 19 13 19 -15 2 8 13 1 -16 -13 2 -17 
-17 2 -13 -16 1 13 8 2 -15 19 13 19 0 13 9 12 7 2 6 3 
15 18 1 18 15 9 20 17 -9 -8 6 16 -2 -9 18 7 17 1 10 18 
-9 -12 0 -11 -2 -1 12 -13 14 18 3 18 -16 -15 6 4 -15 18 -18 9 
-5 8 -13 9 12 -14 10 -14 17 1 15 11 18 15 -7 12 21 -17 14 20 
17 18 21 5 17 4 -11 15 21 -8 17 -1 5 3 -13 19 8 19 6 7 
18 -21 -21 11 18 1 0 3 -7 20 7 5 5 13 10 -1 7 8 0 17 
8 21 -17 -13 18 12 3 20 3 5 9 9 17 1 19 -16 -18 19 16 -15 
3 9 7 16 9 8 3 19 13 8 -2 5 4 -13 -16 -21 17 15 11 15 
16 -8 0 -5 0 -15 10 14 16 5 -6 -12 13 -16 9 -20 18 12 5 7 
4 3 19 8 7 -4 11 -2 10 -3 4 16 19 13 13 -13 7 7 13 11 
30
1
10 2
9 17
0
0
