20 20
0 6 13 4 12 -13 -1 4 -11 4 -11 7 3 -1 12 2 11 5 1 3 
4 5 5 -10 -8 9 12 6 11 -12 -13 10 12 0 -4 3 6 12 8 9 
4 2 10 7 0 13 6 7 12 1 -7 12 -5 3 7 -9 -3 -3 -7 8 
-8 6 8 2 12 -4 5 -9 6 3 8 -12 2 2 2 -13 -13 9 10 8 
13 13 8 -11 -4 11 1 2 3 1 7 3 -4 -8 1 2 6 5 4 0 
12 9 -4 11 0 1 7 10 4 1 -9 6 10 -7 -4 -7 3 9 13 12 
-2 -5 -3 8 6 1 8 11 9 11 11 7 8 11 10 10 -10 0 4 3 
4 -9 4 12 4 5 9 10 11 8 12 5 2 13 -1 6 6 6 4 13 
10 -3 1 10 -2 13 4 -4 3 9 13 -6 5 -6 -6 -7 9 1 6 4 
2 12 12 1 13 5 7 -5 8 3 0 3 12 7 13 1 8 -7 13 3 
3 13 -7 8 1 13 7 12 3 0 3 8 -5 7 5 13 1 12 12 2 
4 6 1 9 -7 -6 -6 5 -6 13 9 3 -4 4 13 -2 10 1 -3 10 
13 4 6 6 6 -1 13 2 5 12 8 11 10 9 5 4 12 4 -9 4 
3 4 0 -10 10 10 11 8 7 11 11 9 11 8 1 6 8 -3 -5 -2 
12 13 9 3 -7 -4 -7 10 6 -9 1 4 10 7 1 0 11 -4 9 12 
0 4 5 6 2 1 -8 -4 3 7 1 3 2 1 11 -4 -11 8 13 13 
8 10 9 -13 -13 2 2 2 -12 8 3 6 -9 5 -4 12 2 8 6 -8 
8 -7 -3 -3 -9 7 3 -5 12 -7 1 12 7 6 13 0 7 10 2 4 
9 8 12 6 3 -4 0 12 10 -13 -12 11 6 12 9 -8 -10 5 5 4 
3 1 5 11 2 12 -1 3 7 -11 4 -11 4 -1 -13 12 4 13 6 0 
30
1
14 0
5 19
0
0
