20 20
-22 8 10 8 7 12 19 14 1 23 -17 -16 6 17 24 -2 16 3 3 6 
11 19 13 21 4 23 21 14 -6 23 16 2 15 3 -12 2 24 5 -20 1 
17 19 6 6 -17 10 9 -14 10 9 22 14 12 -7 24 -1 9 10 17 23 
-3 -20 9 19 9 18 21 5 2 20 12 -13 17 20 22 8 10 23 3 19 
19 -10 17 12 2 6 22 22 19 7 16 -13 0 23 -20 12 1 2 11 17 
-12 18 1 3 5 18 16 16 18 10 23 7 8 4 -9 -2 8 14 -3 18 
0 10 23 15 16 9 3 -10 2 -18 -11 4 13 -3 9 22 14 6 -19 7 
18 1 22 -13 8 -2 2 -16 -22 7 5 17 2 12 12 16 3 18 5 -12 
13 -14 20 -10 -12 -21 17 12 19 -1 23 1 21 18 23 -16 -11 4 -5 22 
10 13 5 12 12 12 3 6 -12 22 5 12 3 3 5 19 12 3 22 17 
17 22 3 12 19 5 3 3 12 5 22 -12 6 3 12 12 12 5 13 10 
22 -5 4 -11 -16 23 18 21 1 23 -1 19 12 17 -21 -12 -10 20 -14 13 
-12 5 18 3 16 12 12 2 17 5 7 -22 -16 2 -2 8 -13 22 1 18 
7 -19 6 14 22 9 -3 13 4 -11 -18 2 -10 3 9 16 15 23 10 0 
18 -3 14 8 -2 -9 4 8 7 23 10 18 16 16 18 5 3 1 18 -12 
17 11 2 1 12 -20 23 0 -13 16 7 19 22 22 6 2 12 17 -10 19 
19 3 23 10 8 22 20 17 -13 12 20 2 5 21 18 9 19 9 -20 -3 
23 17 10 9 -1 24 -7 12 14 22 9 10 -14 9 10 -17 6 6 19 17 
1 -20 5 24 2 -12 3 15 2 16 23 -6 14 21 23 4 21 13 19 11 
6 3 3 16 -2 24 17 6 -16 -17 23 1 14 19 12 7 8 10 8 -22 
30
1
3 14
16 5
0
0
