20 20
-30 29 -20 4 0 -14 0 14 18 23 18 -13 10 12 22 1 8 16 28 7 
26 23 29 16 25 23 25 5 28 12 2 -6 23 28 -3 12 26 0 -8 -8 
12 27 24 -30 1 27 -22 6 30 22 3 7 13 30 26 5 27 14 30 8 
-24 6 7 3 30 24 22 9 13 -14 13 7 1 12 13 19 28 -21 -28 2 
14 29 9 5 -8 -13 15 18 4 -2 7 19 -6 10 22 -5 17 26 24 12 
15 -3 25 14 -23 -30 13 26 15 -7 -16 -8 21 3 -4 22 5 -2 5 14 
24 -28 -18 16 7 -6 26 17 21 26 21 0 26 2 -15 0 16 3 18 -1 
-10 26 -6 7 5 -20 28 -8 12 20 11 13 6 15 14 22 0 -5 -25 -13 
9 26 -29 16 -7 19 -22 27 21 18 14 -9 14 8 -12 20 10 25 1 -21 
4 22 23 17 -24 23 18 19 29 18 25 2 14 24 -24 21 20 23 -12 24 
24 -12 23 20 21 -24 24 14 2 25 18 29 19 18 23 -24 17 23 22 4 
-21 1 25 10 20 -12 8 14 -9 14 18 21 27 -22 19 -7 16 -29 26 9 
-13 -25 -5 0 22 14 15 6 13 11 20 12 -8 28 -20 5 7 -6 26 -10 
-1 18 3 16 0 -15 2 26 0 21 26 21 17 26 -6 7 16 -18 -28 24 
14 5 -2 5 22 -4 3 21 -8 -16 -7 15 26 13 -30 -23 14 25 -3 15 
12 24 26 17 -5 22 10 -6 19 7 -2 4 18 15 -13 -8 5 9 29 14 
2 -28 -21 28 19 13 12 1 7 13 -14 13 9 22 24 30 3 7 6 -24 
8 30 14 27 5 26 30 13 7 3 22 30 6 -22 27 1 -30 24 27 12 
-8 -8 0 26 12 -3 28 23 -6 2 12 28 5 25 23 25 16 29 23 26 
7 28 16 8 1 22 12 10 -13 18 23 18 14 0 -14 0 4 -20 29 -30 
30
1
2 8
17 11
0
0
