20 20
14 10 14 10 1 -12 4 28 7 20 13 2 -15 -10 21 28 7 19 11 -3 
13 -15 4 1 -12 -24 12 9 -24 -1 -5 -8 4 -21 21 1 -4 22 24 -9 
15 15 -17 1 -3 -6 10 17 -2 4 -4 4 22 -20 21 28 21 21 25 17 
18 8 -11 5 27 -8 8 13 9 20 11 13 27 -2 7 16 6 19 4 26 
28 7 7 20 -11 28 11 -16 10 15 4 7 -21 4 11 2 -27 7 14 13 
14 3 12 1 -6 8 19 26 3 2 -7 29 6 18 26 2 29 16 14 -14 
12 21 -20 2 -27 17 -24 9 13 23 -28 13 19 -6 27 26 10 23 20 -14 
24 27 23 18 17 15 10 9 8 -28 4 -11 0 1 5 1 -25 24 1 -29 
-15 19 -27 -3 18 4 -24 25 15 7 24 22 20 25 13 18 18 -3 26 25 
-9 -24 13 -1 24 4 4 11 -29 25 4 -24 19 20 -6 11 6 4 5 21 
21 5 4 6 11 -6 20 19 -24 4 25 -29 11 4 4 24 -1 13 -24 -9 
25 26 -3 18 18 13 25 20 22 24 7 15 25 -24 4 18 -3 -27 19 -15 
-29 1 24 -25 1 5 1 0 -11 4 -28 8 9 10 15 17 18 23 27 24 
-14 20 23 10 26 27 -6 19 13 -28 23 13 9 -24 17 -27 2 -20 21 12 
-14 14 16 29 2 26 18 6 29 -7 2 3 26 19 8 -6 1 12 3 14 
13 14 7 -27 2 11 4 -21 7 4 15 10 -16 11 28 -11 20 7 7 28 
26 4 19 6 16 7 -2 27 13 11 20 9 13 8 -8 27 5 -11 8 18 
17 25 21 21 28 21 -20 22 4 -4 4 -2 17 10 -6 -3 1 -17 15 15 
-9 24 22 -4 1 21 -21 4 -8 -5 -1 -24 9 12 -24 -12 1 4 -15 13 
-3 11 19 7 28 21 -10 -15 2 13 20 7 28 4 -12 1 10 14 10 14 
30
1
8 7
11 12
0
0
