20 20
1 -10 28 7 11 4 0 20 0 26 -13 2 4 5 -20 23 27 -19 -22 23 
4 17 -28 -20 6 27 18 8 -3 -14 -3 17 13 8 19 -6 13 28 3 1 
-2 5 -28 23 2 22 9 -2 9 5 24 11 -14 8 9 2 -14 10 -28 20 
15 27 18 28 25 10 -25 23 -4 -3 6 19 14 5 4 20 20 -9 -18 -13 
-1 11 14 14 -23 12 -22 9 13 -27 -18 -20 20 -22 9 -25 -6 5 16 25 
22 3 -21 18 26 12 26 9 4 21 12 -27 -24 25 9 -16 27 28 17 3 
14 15 15 7 -23 -15 28 6 17 5 25 20 7 -6 1 21 19 -28 -2 8 
24 -3 17 -1 7 -1 -19 3 23 -26 -24 -4 4 21 18 3 5 -6 23 4 
13 -13 -9 -25 6 8 16 27 26 12 4 0 22 20 19 18 25 12 12 23 
-11 8 27 -8 -1 14 7 21 -20 25 -14 3 20 3 -8 -24 9 17 11 17 
17 11 17 9 -24 -8 3 20 3 -14 25 -20 21 7 14 -1 -8 27 8 -11 
23 12 12 25 18 19 20 22 0 4 12 26 27 16 8 6 -25 -9 -13 13 
4 23 -6 5 3 18 21 4 -4 -24 -26 23 3 -19 -1 7 -1 17 -3 24 
8 -2 -28 19 21 1 -6 7 20 25 5 17 6 28 -15 -23 7 15 15 14 
3 17 28 27 -16 9 25 -24 -27 12 21 4 9 26 12 26 18 -21 3 22 
25 16 5 -6 -25 9 -22 20 -20 -18 -27 13 9 -22 12 -23 14 14 11 -1 
-13 -18 -9 20 20 4 5 14 19 6 -3 -4 23 -25 10 25 28 18 27 15 
20 -28 10 -14 2 9 8 -14 11 24 5 9 -2 9 22 2 23 -28 5 -2 
1 3 28 13 -6 19 8 13 17 -3 -14 -3 8 18 27 6 -20 -28 17 4 
23 -22 -19 27 23 -20 5 4 2 -13 26 0 20 0 4 11 7 28 -10 1 
30
1
8 4
11 15
0
0
