20 20
14 3 0 9 -3 8 10 -4 1 -12 -8 14 -9 13 7 5 8 12 12 11 
4 1 11 4 -4 -12 -11 -3 13 5 11 1 12 2 -11 3 12 -12 -13 -4 
10 -5 14 -7 7 5 1 6 5 14 1 8 12 -11 12 14 12 4 0 -13 
10 12 8 14 0 -1 -5 3 -5 8 1 8 11 11 7 3 -2 8 14 -2 
2 3 5 11 -11 12 11 7 2 13 -1 8 5 9 -11 4 7 14 -6 8 
13 12 2 14 11 4 8 5 9 -11 -8 -3 8 6 4 10 12 2 -3 11 
5 6 -14 13 -13 9 -9 14 12 6 12 -4 5 2 10 11 1 -13 -13 11 
10 1 13 5 9 8 -13 1 11 6 3 7 13 0 -14 10 -1 4 9 4 
12 0 -14 13 14 0 13 -13 10 10 1 0 -5 -13 -6 -11 0 7 13 4 
13 1 10 5 14 -1 9 5 -11 9 10 13 -7 -14 5 13 -12 1 0 6 
6 0 1 -12 13 5 -14 -7 13 10 9 -11 5 9 -1 14 5 10 1 13 
4 13 7 0 -11 -6 -13 -5 0 1 10 10 -13 13 0 14 13 -14 0 12 
4 9 4 -1 10 -14 0 13 7 3 6 11 1 -13 8 9 5 13 1 10 
11 -13 -13 1 11 10 2 5 -4 12 6 12 14 -9 9 -13 13 -14 6 5 
11 -3 2 12 10 4 6 8 -3 -8 -11 9 5 8 4 11 14 2 12 13 
8 -6 14 7 4 -11 9 5 8 -1 13 2 7 11 12 -11 11 5 3 2 
-2 14 8 -2 3 7 11 11 8 1 8 -5 3 -5 -1 0 14 8 12 10 
-13 0 4 12 14 12 -11 12 8 1 14 5 6 1 5 7 -7 14 -5 10 
-4 -13 -12 12 3 -11 2 12 1 11 5 13 -3 -11 -12 -4 4 11 1 4 
11 12 12 8 5 7 13 -9 14 -8 -12 1 -4 10 8 -3 9 0 3 14 
30
1
12 11
7 8
0
0
