20 20
-9 10 12 4 5 10 6 2 -4 2 14 11 6 18 17 18 16 -3 4 16 
17 8 -4 -11 15 11 16 9 7 13 1 4 12 8 -11 -16 18 -2 -15 15 
-1 18 8 18 17 -14 -16 4 -1 14 16 14 18 9 -14 -6 12 4 5 16 
11 7 10 15 16 3 -17 -9 17 4 -10 6 2 18 -5 15 4 16 17 10 
6 8 7 4 -7 11 17 14 14 -8 10 11 -3 13 5 2 14 10 17 12 
11 15 13 11 -9 -18 12 11 3 17 14 6 0 3 18 18 10 -4 11 -8 
16 16 6 5 -11 10 3 -5 -15 13 11 14 9 14 12 -14 13 -6 15 1 
-6 9 15 6 3 13 -8 2 17 -15 16 16 -16 9 6 13 -14 4 -17 8 
8 4 -14 -2 -3 -7 18 6 0 4 5 -3 14 13 2 0 0 15 5 13 
-12 15 -6 4 5 5 18 14 8 17 17 -7 6 3 -4 11 -18 8 12 14 
14 12 8 -18 11 -4 3 6 -7 17 17 8 14 18 5 5 4 -6 15 -12 
13 5 15 0 0 2 13 14 -3 5 4 0 6 18 -7 -3 -2 -14 4 8 
8 -17 4 -14 13 6 9 -16 16 16 -15 17 2 -8 13 3 6 15 9 -6 
1 15 -6 13 -14 12 14 9 14 11 13 -15 -5 3 10 -11 5 6 16 16 
-8 11 -4 10 18 18 3 0 6 14 17 3 11 12 -18 -9 11 13 15 11 
12 17 10 14 2 5 13 -3 11 10 -8 14 14 17 11 -7 4 7 8 6 
10 17 16 4 15 -5 18 2 6 -10 4 17 -9 -17 3 16 15 10 7 11 
16 5 4 12 -6 -14 9 18 14 16 14 -1 4 -16 -14 17 18 8 18 -1 
15 -15 -2 18 -16 -11 8 12 4 1 13 7 9 16 11 15 -11 -4 8 17 
16 4 -3 16 18 17 18 6 11 14 2 -4 2 6 10 5 4 12 10 -9 
30
1
13 8
6 11
0
0
