20 20
-9 -8 -21 18 12 -10 6 0 21 20 16 18 6 8 7 12 17 19 -15 -12 
16 17 8 0 19 15 13 18 14 12 5 -13 11 9 10 9 11 -18 9 15 
10 20 -16 3 19 10 3 -3 13 -9 8 6 20 15 16 2 11 9 7 -17 
13 9 14 6 10 6 -5 12 20 1 0 3 -14 -14 10 13 13 -7 3 -2 
-16 1 15 10 6 -2 -10 4 9 19 17 10 11 12 19 11 1 -9 8 11 
5 -12 14 1 -11 -9 -5 11 7 5 7 15 4 -3 18 19 2 17 -6 -1 
12 2 2 2 -15 16 15 6 -21 8 18 -14 20 5 7 12 10 17 17 7 
12 18 19 8 13 21 -4 7 -1 5 13 18 18 17 3 14 13 3 11 12 
-13 11 19 -13 8 14 11 -5 8 13 15 3 -8 1 0 -7 -4 1 4 6 
12 -11 9 9 11 3 4 -19 10 9 5 8 10 21 12 9 -5 18 17 21 
21 17 18 -5 9 12 21 10 8 5 9 10 -19 4 3 11 9 9 -11 12 
6 4 1 -4 -7 0 1 -8 3 15 13 8 -5 11 14 8 -13 19 11 -13 
12 11 3 13 14 3 17 18 18 13 5 -1 7 -4 21 13 8 19 18 12 
7 17 17 10 12 7 5 20 -14 18 8 -21 6 15 16 -15 2 2 2 12 
-1 -6 17 2 19 18 -3 4 15 7 5 7 11 -5 -9 -11 1 14 -12 5 
11 8 -9 1 11 19 12 11 10 17 19 9 4 -10 -2 6 10 15 1 -16 
-2 3 -7 13 13 10 -14 -14 3 0 1 20 12 -5 6 10 6 14 9 13 
-17 7 9 11 2 16 15 20 6 8 -9 13 -3 3 10 19 3 -16 20 10 
15 9 -18 11 9 10 9 11 -13 5 12 14 18 13 15 19 0 8 17 16 
-12 -15 19 17 12 7 8 6 18 16 20 21 0 6 -10 12 18 -21 -8 -9 
30
1
13 12
6 7
0
0
