20 20
22 2 -21 3 6 22 22 4 -8 15 15 4 -23 13 -1 6 -6 16 -12 -13 
9 5 21 5 -13 12 3 9 16 -8 1 18 25 22 -13 9 13 6 13 -19 
3 -20 25 12 14 25 14 21 -16 9 11 -5 -15 20 20 24 25 22 24 -7 
8 17 -16 -23 7 3 -2 -4 11 11 16 -21 18 19 14 -9 -21 9 8 24 
1 -16 10 18 21 25 21 -12 9 20 -2 9 16 -10 4 18 7 -1 6 7 
22 1 25 22 3 -20 1 1 8 -15 5 8 -5 2 23 4 10 21 19 -14 
19 3 23 1 25 8 12 4 -5 19 -4 24 22 1 -11 3 4 13 -25 5 
25 4 -8 -21 -18 -7 -23 17 10 21 24 6 13 4 23 16 2 12 24 25 
1 23 21 3 5 2 -21 13 15 24 19 4 5 -22 -12 25 13 22 11 -6 
6 13 11 17 22 22 6 -9 -4 5 21 14 -10 17 -2 2 13 20 18 1 
1 18 20 13 2 -2 17 -10 14 21 5 -4 -9 6 22 22 17 11 13 6 
-6 11 22 13 25 -12 -22 5 4 19 24 15 13 -21 2 5 3 21 23 1 
25 24 12 2 16 23 4 13 6 24 21 10 17 -23 -7 -18 -21 -8 4 25 
5 -25 13 4 3 -11 1 22 24 -4 19 -5 4 12 8 25 1 23 3 19 
-14 19 21 10 4 23 2 -5 8 5 -15 8 1 1 -20 3 22 25 1 22 
7 6 -1 7 18 4 -10 16 9 -2 20 9 -12 21 25 21 18 10 -16 1 
24 8 9 -21 -9 14 19 18 -21 16 11 11 -4 -2 3 7 -23 -16 17 8 
-7 24 22 25 24 20 20 -15 -5 11 9 -16 21 14 25 14 12 25 -20 3 
-19 13 6 13 9 -13 22 25 18 1 -8 16 9 3 12 -13 5 21 5 9 
-13 -12 16 -6 6 -1 13 -23 4 15 15 -8 4 22 22 6 3 -21 2 22 
30
1
0 6
19 13
0
0
