20 20
20 6 16 15 10 14 21 16 21 -10 3 2 22 1 2 0 15 2 9 -8 
1 1 10 4 15 -19 9 2 12 11 13 18 21 17 8 -11 13 17 22 2 
20 -13 -17 1 -2 22 17 15 9 11 7 6 14 2 8 11 9 11 23 20 
18 7 -12 6 13 12 20 17 6 22 19 -8 -23 11 16 0 5 13 5 -11 
6 11 21 22 16 -20 20 23 6 6 0 10 -8 19 16 -5 2 -8 21 8 
-14 6 17 1 17 8 8 -12 11 -6 10 -7 12 10 -23 17 2 12 23 5 
11 -4 5 8 -16 4 -3 4 16 5 22 12 -9 12 15 9 -10 11 19 -7 
-14 17 22 16 3 15 20 20 -5 21 -21 6 12 10 8 18 23 -16 20 9 
8 5 -18 18 18 -14 14 -1 14 21 -19 -16 3 -21 20 14 15 9 -16 4 
5 16 -17 18 17 -11 -4 13 19 5 -14 -14 20 -8 5 -2 8 -5 -11 22 
22 -11 -5 8 -2 5 -8 20 -14 -14 5 19 13 -4 -11 17 18 -17 16 5 
4 -16 9 15 14 20 -21 3 -16 -19 21 14 -1 14 -14 18 18 -18 5 8 
9 20 -16 23 18 8 10 12 6 -21 21 -5 20 20 15 3 16 22 17 -14 
-7 19 11 -10 9 15 12 -9 12 22 5 16 4 -3 4 -16 8 5 -4 11 
5 23 12 2 17 -23 10 12 -7 10 -6 11 -12 8 8 17 1 17 6 -14 
8 21 -8 2 -5 16 19 -8 10 0 6 6 23 20 -20 16 22 21 11 6 
-11 5 13 5 0 16 11 -23 -8 19 22 6 17 20 12 13 6 -12 7 18 
20 23 11 9 11 8 2 14 6 7 11 9 15 17 22 -2 1 -17 -13 20 
2 22 17 13 -11 8 17 21 18 13 11 12 2 9 -19 15 4 10 1 1 
-8 9 2 15 0 2 1 22 2 3 -10 21 16 21 14 10 15 16 6 20 
30
1
10 19
9 0
0
0
