20 20
14 -10 25 -11 -25 27 24 5 11 19 -20 19 -17 8 -20 4 22 8 0 -10 
18 1 4 2 11 11 7 21 21 9 15 7 -18 19 13 -16 4 19 1 25 
9 5 -23 -23 25 10 27 5 13 0 -21 5 24 -6 5 18 18 -9 -24 -4 
22 11 20 -1 15 7 -20 23 -23 18 -27 1 24 16 22 -3 -1 -6 6 -13 
-25 21 20 -13 23 27 17 27 8 1 -10 15 7 12 -13 8 0 5 10 10 
11 -13 25 -4 19 8 24 20 25 25 12 5 -5 25 6 15 26 25 -21 8 
9 26 11 5 -2 15 -16 16 15 6 17 20 26 2 22 4 0 -18 20 -7 
20 -2 -21 18 23 -11 -12 13 15 14 2 -23 23 18 17 1 -19 2 14 13 
20 9 11 25 26 0 8 -3 -4 5 -21 8 -10 12 -11 1 -8 25 3 18 
0 12 13 -17 7 0 10 9 18 12 -11 11 20 -24 11 24 -23 4 23 20 
20 23 4 -23 24 11 -24 20 11 -11 12 18 9 10 0 7 -17 13 12 0 
18 3 25 -8 1 -11 12 -10 8 -21 5 -4 -3 8 0 26 25 11 9 20 
13 14 2 -19 1 17 18 23 -23 2 14 15 13 -12 -11 23 18 -21 -2 20 
-7 20 -18 0 4 22 2 26 20 17 6 15 16 -16 15 -2 5 11 26 9 
8 -21 25 26 15 6 25 -5 5 12 25 25 20 24 8 19 -4 25 -13 11 
10 10 5 0 8 -13 12 7 15 -10 1 8 27 17 27 23 -13 20 21 -25 
-13 6 -6 -1 -3 22 16 24 1 -27 18 -23 23 -20 7 15 -1 20 11 22 
-4 -24 -9 18 18 5 -6 24 5 -21 0 13 5 27 10 25 -23 -23 5 9 
25 1 19 4 -16 13 19 -18 7 15 9 21 21 7 11 11 2 4 1 18 
-10 0 8 22 4 -20 8 -17 19 -20 19 11 5 24 27 -25 -11 25 -10 14 
30
1
12 4
7 15
0
0
