20 20
6 9 -18 0 13 8 -16 -12 9 27 8 18 2 8 10 8 -2 8 20 25 
-7 11 -7 1 25 30 -9 19 17 0 27 10 16 -8 -8 4 6 -28 -1 27 
23 -28 3 24 2 23 19 21 5 30 23 -25 -1 10 6 26 27 5 -19 13 
11 -3 -18 12 -7 4 14 -16 9 7 -21 -3 -17 -14 14 5 24 -10 8 25 
21 20 -7 -29 19 2 25 23 -2 15 30 -12 -6 15 14 10 -28 1 -5 20 
8 6 12 29 -28 28 14 29 23 5 -3 29 9 -13 26 -15 10 -15 -21 6 
19 -5 11 -2 -13 -4 4 -15 -27 0 7 21 29 0 15 -25 -3 27 17 6 
1 -23 8 2 8 -8 5 15 7 1 -28 9 30 25 3 -17 21 -18 14 2 
16 -20 29 -21 0 21 20 -16 -8 22 20 6 4 3 -29 14 9 11 26 3 
2 -19 -13 -14 19 28 -23 16 30 8 -5 -5 6 4 28 14 23 12 21 16 
16 21 12 23 14 28 4 6 -5 -5 8 30 16 -23 28 19 -14 -13 -19 2 
3 26 11 9 14 -29 3 4 6 20 22 -8 -16 20 21 0 -21 29 -20 16 
2 14 -18 21 -17 3 25 30 9 -28 1 7 15 5 -8 8 2 8 -23 1 
6 17 27 -3 -25 15 0 29 21 7 0 -27 -15 4 -4 -13 -2 11 -5 19 
6 -21 -15 10 -15 26 -13 9 29 -3 5 23 29 14 28 -28 29 12 6 8 
20 -5 1 -28 10 14 15 -6 -12 30 15 -2 23 25 2 19 -29 -7 20 21 
25 8 -10 24 5 14 -14 -17 -3 -21 7 9 -16 14 4 -7 12 -18 -3 11 
13 -19 5 27 26 6 10 -1 -25 23 30 5 21 19 23 2 24 3 -28 23 
27 -1 -28 6 4 -8 -8 16 10 27 0 17 19 -9 30 25 1 -7 11 -7 
25 20 8 -2 8 10 8 2 18 8 27 9 -12 -16 8 13 0 -18 9 6 
30
1
10 17
9 2
0
0
