20 20
4 1 4 10 7 17 3 8 -1 -16 5 18 2 5 2 -17 10 -16 20 12 
-18 5 20 13 -19 20 -20 -11 4 17 7 18 -6 15 20 4 8 7 -4 12 
-3 -5 16 -10 17 1 8 10 16 14 2 20 -7 9 0 -13 15 11 6 14 
-15 0 14 19 -11 -8 -5 2 18 -2 15 0 -1 20 7 20 -8 9 9 2 
19 3 2 -15 2 11 -20 2 -9 3 13 4 15 6 9 19 -9 12 7 -2 
14 16 17 7 16 7 -2 18 11 -10 8 -6 13 18 5 15 5 1 -13 18 
19 6 -17 18 18 -4 6 20 -13 -4 14 4 -7 18 19 -11 10 1 19 -3 
15 6 8 8 19 -8 7 12 20 10 -17 -19 12 18 20 1 17 19 -1 -10 
-16 14 1 -5 20 12 5 6 6 8 17 17 19 14 10 -4 -8 14 2 6 
1 8 -14 6 17 5 12 4 5 9 5 18 -10 3 3 1 -12 6 -19 8 
8 -19 6 -12 1 3 3 -10 18 5 9 5 4 12 5 17 6 -14 8 1 
6 2 14 -8 -4 10 14 19 17 17 8 6 6 5 12 20 -5 1 14 -16 
-10 -1 19 17 1 20 18 12 -19 -17 10 20 12 7 -8 19 8 8 6 15 
-3 19 1 10 -11 19 18 -7 4 14 -4 -13 20 6 -4 18 18 -17 6 19 
18 -13 1 5 15 5 18 13 -6 8 -10 11 18 -2 7 16 7 17 16 14 
-2 7 12 -9 19 9 6 15 4 13 3 -9 2 -20 11 2 -15 2 3 19 
2 9 9 -8 20 7 20 -1 0 15 -2 18 2 -5 -8 -11 19 14 0 -15 
14 6 11 15 -13 0 9 -7 20 2 14 16 10 8 1 17 -10 16 -5 -3 
12 -4 7 8 4 20 15 -6 18 7 17 4 -11 -20 20 -19 13 20 5 -18 
12 20 -16 10 -17 2 5 2 18 5 -16 -1 8 3 17 7 10 4 1 4 
30
1
2 14
17 5
0
0
