20 20
-13 -2 -19 9 12 14 16 19 -19 10 -3 12 -6 16 5 -17 19 9 15 -3 
9 5 13 15 18 5 -18 17 3 14 0 1 9 7 -11 -8 2 7 1 2 
3 4 17 3 -9 8 19 0 5 -18 16 -13 1 19 -8 -3 13 6 10 1 
-2 -13 -14 12 -17 19 19 19 8 16 -18 2 1 14 9 2 7 13 19 14 
2 17 2 13 14 6 2 -9 8 10 19 4 15 14 -15 11 2 13 -12 -11 
-16 17 15 4 14 2 15 -12 13 -7 11 11 15 2 2 19 17 -11 13 6 
-7 -3 12 10 9 -6 8 3 13 19 -16 14 -12 -5 -12 -19 12 11 0 -3 
-15 -9 16 -8 -13 4 11 9 8 15 8 10 14 12 9 5 15 16 3 -12 
-16 19 1 7 7 8 6 11 0 7 19 14 11 16 3 -8 -14 -2 0 7 
8 4 -18 5 9 13 17 -8 8 4 19 6 15 12 6 -15 11 13 -16 -4 
-4 -16 13 11 -15 6 12 15 6 19 4 8 -8 17 13 9 5 -18 4 8 
7 0 -2 -14 -8 3 16 11 14 19 7 0 11 6 8 7 7 1 19 -16 
-12 3 16 15 5 9 12 14 10 8 15 8 9 11 4 -13 -8 16 -9 -15 
-3 0 11 12 -19 -12 -5 -12 14 -16 19 13 3 8 -6 9 10 12 -3 -7 
6 13 -11 17 19 2 2 15 11 11 -7 13 -12 15 2 14 4 15 17 -16 
-11 -12 13 2 11 -15 14 15 4 19 10 8 -9 2 6 14 13 2 17 2 
14 19 13 7 2 9 14 1 2 -18 16 8 19 19 19 -17 12 -14 -13 -2 
1 10 6 13 -3 -8 19 1 -13 16 -18 5 0 19 8 -9 3 17 4 3 
2 1 7 2 -8 -11 7 9 1 0 14 3 17 -18 5 18 15 13 5 9 
-3 15 9 19 -17 5 16 -6 12 -3 10 -19 19 16 14 12 9 -19 -2 -13 
30
1
1 18
18 1
0
0
