20 20
7 9 10 13 9 12 -14 9 14 5 13 13 1 12 -7 7 5 3 12 11 
7 13 6 3 0 8 11 -1 1 14 11 12 7 3 11 2 11 -8 1 10 
0 11 9 9 10 9 -7 -9 12 -4 1 -7 -9 6 2 4 -2 -4 -3 12 
5 -11 1 -2 3 10 11 1 7 -1 4 4 7 -12 -2 9 12 13 -12 -14 
10 4 13 11 9 5 -8 11 5 5 -14 -14 7 10 11 -6 8 -9 1 -7 
-1 1 14 11 -6 -2 -14 8 11 5 -10 5 6 -5 8 3 1 8 -1 7 
-5 11 12 -6 9 -4 13 4 14 9 -13 7 4 5 -6 2 8 3 10 3 
12 -7 7 11 9 1 12 4 5 14 3 1 11 3 6 5 -11 12 3 1 
10 -6 11 13 -14 6 5 13 -3 7 6 12 5 8 0 -6 4 10 9 11 
13 5 6 1 9 13 1 2 13 5 -8 -14 3 -9 10 1 -12 1 11 13 
13 11 1 -12 1 10 -9 3 -14 -8 5 13 2 1 13 9 1 6 5 13 
11 9 10 4 -6 0 8 5 12 6 7 -3 13 5 6 -14 13 11 -6 10 
1 3 12 -11 5 6 3 11 1 3 14 5 4 12 1 9 11 7 -7 12 
3 10 3 8 2 -6 5 4 7 -13 9 14 4 13 -4 9 -6 12 11 -5 
7 -1 8 1 3 8 -5 6 5 -10 5 11 8 -14 -2 -6 11 14 1 -1 
-7 1 -9 8 -6 11 10 7 -14 -14 5 5 11 -8 5 9 11 13 4 10 
-14 -12 13 12 9 -2 -12 7 4 4 -1 7 1 11 10 3 -2 1 -11 5 
12 -3 -4 -2 4 2 6 -9 -7 1 -4 12 -9 -7 9 10 9 9 11 0 
10 1 -8 11 2 11 3 7 12 11 14 1 -1 11 8 0 3 6 13 7 
11 12 3 5 7 -7 12 1 13 13 5 14 9 -14 12 9 13 10 9 7 
30
1
11 18
8 1
0
0
