20 20
3 8 9 -17 -8 9 4 10 10 12 16 3 8 14 14 10 17 12 3 16 
-17 10 10 7 -4 5 8 -10 -3 10 5 4 1 17 -16 9 10 -3 1 14 
6 9 -2 6 2 -1 14 15 16 -12 8 16 12 -13 -1 7 6 -11 12 0 
17 4 4 6 6 9 -17 10 1 -6 9 12 9 12 13 6 1 9 17 13 
11 17 8 10 4 10 -12 7 15 14 -6 4 -9 3 -6 2 5 9 3 -13 
7 5 9 12 4 4 16 -13 15 8 -10 -16 7 7 -12 13 3 15 7 11 
2 1 3 15 2 7 -4 -2 17 11 4 0 -5 1 2 10 7 10 3 8 
14 11 4 17 2 15 6 3 11 15 16 17 12 -14 1 8 1 -9 11 6 
17 7 -4 9 3 10 8 1 13 -11 14 9 14 -8 17 -16 -2 0 13 3 
9 15 -10 7 8 9 17 8 1 5 3 -13 7 -12 -8 10 12 16 4 11 
11 4 16 12 10 -8 -12 7 -13 3 5 1 8 17 9 8 7 -10 15 9 
3 13 0 -2 -16 17 -8 14 9 14 -11 13 1 8 10 3 9 -4 7 17 
6 11 -9 1 8 1 -14 12 17 16 15 11 3 6 15 2 17 4 11 14 
8 3 10 7 10 2 1 -5 0 4 11 17 -2 -4 7 2 15 3 1 2 
11 7 15 3 13 -12 7 7 -16 -10 8 15 -13 16 4 4 12 9 5 7 
-13 3 9 5 2 -6 3 -9 4 -6 14 15 7 -12 10 4 10 8 17 11 
13 17 9 1 6 13 12 9 12 9 -6 1 10 -17 9 6 6 4 4 17 
0 12 -11 6 7 -1 -13 12 16 8 -12 16 15 14 -1 2 6 -2 9 6 
14 1 -3 10 9 -16 17 1 4 5 10 -3 -10 8 5 -4 7 10 10 -17 
16 3 12 17 10 14 14 8 3 16 12 10 10 4 9 -8 -17 9 8 3 
30
1
9 19
10 0
0
0
