20 20
-3 15 -14 -12 1 0 12 4 -8 15 2 14 -14 8 2 -1 10 12 16 0 
15 -8 9 -3 11 -6 -11 11 17 -9 3 14 13 6 9 1 12 5 15 14 
16 10 1 11 17 9 -13 12 3 6 8 -2 11 8 16 12 -1 -11 7 9 
10 -3 13 10 11 16 9 1 17 15 8 -16 -15 9 0 -6 6 -1 15 2 
6 5 8 2 6 10 17 -3 16 5 -6 15 -12 4 9 4 -3 9 6 -5 
-7 13 6 17 2 2 -5 -13 -17 4 16 13 8 17 -7 -16 15 8 15 11 
13 9 13 11 1 17 14 12 15 12 -9 5 12 10 12 5 4 17 9 4 
-17 10 3 17 0 3 0 -8 10 7 8 15 1 14 -10 7 14 1 4 13 
16 1 -11 -1 3 14 16 10 5 13 13 2 9 0 11 14 4 4 -2 14 
7 1 13 14 8 -14 4 1 14 4 2 9 9 10 -2 0 -1 6 -2 12 
12 -2 6 -1 0 -2 10 9 9 2 4 14 1 4 -14 8 14 13 1 7 
14 -2 4 4 14 11 0 9 2 13 13 5 10 16 14 3 -1 -11 1 16 
13 4 1 14 7 -10 14 1 15 8 7 10 -8 0 3 0 17 3 10 -17 
4 9 17 4 5 12 10 12 5 -9 12 15 12 14 17 1 11 13 9 13 
11 15 8 15 -16 -7 17 8 13 16 4 -17 -13 -5 2 2 17 6 13 -7 
-5 6 9 -3 4 9 4 -12 15 -6 5 16 -3 17 10 6 2 8 5 6 
2 15 -1 6 -6 0 9 -15 -16 8 15 17 1 9 16 11 10 13 -3 10 
9 7 -11 -1 12 16 8 11 -2 8 6 3 12 -13 9 17 11 1 10 16 
14 15 5 12 1 9 6 13 14 3 -9 17 11 -11 -6 11 -3 9 -8 15 
0 16 12 10 -1 2 8 -14 14 2 15 -8 4 12 0 1 -12 -14 15 -3 
30
1
3 14
16 5
0
0
