20 20
14 10 0 2 10 7 -12 8 2 18 9 5 9 11 1 12 9 18 -6 8 
8 9 15 14 15 -14 -6 10 0 5 -16 2 16 7 13 18 11 11 -9 9 
-4 8 -13 9 4 13 16 15 11 2 13 -14 3 -1 6 -13 11 14 -11 4 
-17 13 5 12 15 15 14 18 -4 14 -14 17 15 9 -6 17 -14 17 8 16 
13 11 5 -11 16 17 9 12 0 7 9 15 -14 10 12 17 8 -1 14 -6 
3 10 14 -13 9 -14 12 10 6 9 3 -12 13 4 17 -3 -18 -8 -2 12 
7 14 -4 0 -1 6 6 9 2 3 15 5 4 -11 4 -3 -8 9 17 13 
18 -8 -9 -5 7 2 7 8 0 9 12 14 -12 4 4 18 14 14 12 -4 
6 -8 7 -1 -1 14 16 -6 5 11 5 12 -9 1 13 8 -8 -15 13 15 
-8 16 10 2 3 11 2 9 4 -8 1 18 18 13 13 15 -6 13 18 -5 
-5 18 13 -6 15 13 13 18 18 1 -8 4 9 2 11 3 2 10 16 -8 
15 13 -15 -8 8 13 1 -9 12 5 11 5 -6 16 14 -1 -1 7 -8 6 
-4 12 14 14 18 4 4 -12 14 12 9 0 8 7 2 7 -5 -9 -8 18 
13 17 9 -8 -3 4 -11 4 5 15 3 2 9 6 6 -1 0 -4 14 7 
12 -2 -8 -18 -3 17 4 13 -12 3 9 6 10 12 -14 9 -13 14 10 3 
-6 14 -1 8 17 12 10 -14 15 9 7 0 12 9 17 16 -11 5 11 13 
16 8 17 -14 17 -6 9 15 17 -14 14 -4 18 14 15 15 12 5 13 -17 
4 -11 14 11 -13 6 -1 3 -14 13 2 11 15 16 13 4 9 -13 8 -4 
9 -9 11 11 18 13 7 16 2 -16 5 0 10 -6 -14 15 14 15 9 8 
8 -6 18 9 12 1 11 9 5 9 18 2 8 -12 7 10 2 0 10 14 
30
1
7 9
12 10
0
0
