20 20
11 -8 15 2 21 9 2 12 14 12 4 17 9 19 9 11 -11 12 5 6 
5 18 -19 9 2 8 4 11 17 1 -8 8 -5 1 16 5 3 17 17 21 
3 14 20 14 20 7 20 -9 -11 15 9 0 10 14 8 16 14 18 -10 0 
5 11 7 13 -4 4 -15 11 10 -15 14 14 -3 -18 9 18 1 15 13 0 
15 6 9 -20 -20 10 -9 2 2 12 7 9 1 13 6 1 17 19 7 1 
-18 8 13 -7 -2 15 5 13 3 -8 -14 12 12 -20 1 3 -3 20 13 13 
6 5 19 4 -14 13 7 6 5 14 17 -15 -3 18 9 10 1 -16 14 8 
5 17 18 -20 20 -15 1 -9 12 8 9 11 4 18 0 20 -10 2 9 13 
4 21 11 -20 9 16 7 5 -3 16 7 12 -11 -13 18 15 12 20 5 5 
12 -20 10 -12 10 18 11 0 -21 3 21 12 10 17 -9 -7 12 3 -18 15 
15 -18 3 12 -7 -9 17 10 12 21 3 -21 0 11 18 10 -12 10 -20 12 
5 5 20 12 15 18 -13 -11 12 7 16 -3 5 7 16 9 -20 11 21 4 
13 9 2 -10 20 0 18 4 11 9 8 12 -9 1 -15 20 -20 18 17 5 
8 14 -16 1 10 9 18 -3 -15 17 14 5 6 7 13 -14 4 19 5 6 
13 13 20 -3 3 1 -20 12 12 -14 -8 3 13 5 15 -2 -7 13 8 -18 
1 7 19 17 1 6 13 1 9 7 12 2 2 -9 10 -20 -20 9 6 15 
0 13 15 1 18 9 -18 -3 14 14 -15 10 11 -15 4 -4 13 7 11 5 
0 -10 18 14 16 8 14 10 0 9 15 -11 -9 20 7 20 14 20 14 3 
21 17 17 3 5 16 1 -5 8 -8 1 17 11 4 8 2 9 -19 18 5 
6 5 12 -11 11 9 19 9 17 4 12 14 12 2 9 21 2 15 -8 11 
30
1
17 10
2 9
0
0
