20 20
9 5 5 8 0 13 6 -6 -4 14 -1 0 3 14 -12 2 7 8 13 12 
-10 11 -10 11 2 -13 11 11 14 12 9 10 8 3 9 10 12 0 10 9 
-12 6 6 -3 13 -9 6 8 -5 4 -1 -7 3 11 1 9 3 2 -12 1 
2 -11 -12 10 7 1 -11 2 7 9 4 8 -11 11 10 6 14 -14 12 12 
9 4 -1 12 8 6 -3 -14 -6 3 -12 -7 7 0 9 12 7 3 9 2 
-9 2 1 7 3 11 10 1 8 -4 -10 8 1 5 7 9 14 1 -8 14 
-12 11 10 2 1 11 7 7 -11 2 -14 6 -7 6 -10 -6 13 5 4 7 
9 8 12 12 1 1 3 10 10 9 7 13 2 1 13 12 7 -6 1 6 
8 12 2 8 -12 2 8 6 4 13 14 -2 12 14 3 1 2 4 10 -5 
-3 5 0 10 -8 4 -9 8 -2 11 11 11 3 13 -4 -14 5 8 5 3 
3 5 8 5 -14 -4 13 3 11 11 11 -2 8 -9 4 -8 10 0 5 -3 
-5 10 4 2 1 3 14 12 -2 14 13 4 6 8 2 -12 8 2 12 8 
6 1 -6 7 12 13 1 2 13 7 9 10 10 3 1 1 12 12 8 9 
7 4 5 13 -6 -10 6 -7 6 -14 2 -11 7 7 11 1 2 10 11 -12 
14 -8 1 14 9 7 5 1 8 -10 -4 8 1 10 11 3 7 1 2 -9 
2 9 3 7 12 9 0 7 -7 -12 3 -6 -14 -3 6 8 12 -1 4 9 
12 12 -14 14 6 10 11 -11 8 4 9 7 2 -11 1 7 10 -12 -11 2 
1 -12 2 3 9 1 11 3 -7 -1 4 -5 8 6 -9 13 -3 6 6 -12 
9 10 0 12 10 9 3 8 10 9 12 14 11 11 -13 2 11 -10 11 -10 
12 13 8 7 2 -12 14 3 0 -1 14 -4 -6 6 13 0 8 5 5 9 
30
1
5 12
14 7
0
0
