20 20
10 -5 10 7 12 4 2 14 6 11 -3 5 17 16 5 9 13 -1 17 11 
-14 13 -9 -2 2 0 17 2 16 0 10 7 4 3 -11 7 -1 -8 12 2 
14 -16 2 15 -3 13 11 16 -10 2 1 7 13 5 14 5 0 -2 7 10 
17 14 14 7 0 6 8 8 2 6 3 15 8 -8 15 7 10 14 17 9 
0 6 -9 7 12 11 3 16 13 14 16 -10 8 -5 7 1 9 11 8 8 
12 9 -8 17 11 -10 -9 -15 16 12 7 -8 16 -4 -1 3 -8 9 -11 -3 
4 3 -2 5 1 17 7 11 14 -7 11 3 9 -14 8 12 1 -4 12 12 
3 -6 -15 16 14 7 -7 11 -17 8 15 13 16 3 15 -17 2 -13 -9 0 
1 8 -7 14 3 1 17 9 5 17 -14 12 14 0 3 17 -3 7 -16 3 
2 11 -13 10 6 -8 12 11 -8 -9 -16 12 4 15 -5 -3 -17 6 0 7 
7 0 6 -17 -3 -5 15 4 12 -16 -9 -8 11 12 -8 6 10 -13 11 2 
3 -16 7 -3 17 3 0 14 12 -14 17 5 9 17 1 3 14 -7 8 1 
0 -9 -13 2 -17 15 3 16 13 15 8 -17 11 -7 7 14 16 -15 -6 3 
12 12 -4 1 12 8 -14 9 3 11 -7 14 11 7 17 1 5 -2 3 4 
-3 -11 9 -8 3 -1 -4 16 -8 7 12 16 -15 -9 -10 11 17 -8 9 12 
8 8 11 9 1 7 -5 8 -10 16 14 13 16 3 11 12 7 -9 6 0 
9 17 14 10 7 15 -8 8 15 3 6 2 8 8 6 0 7 14 14 17 
10 7 -2 0 5 14 5 13 7 1 2 -10 16 11 13 -3 15 2 -16 14 
2 12 -8 -1 7 -11 3 4 7 10 0 16 2 17 0 2 -2 -9 13 -14 
11 17 -1 13 9 5 16 17 5 -3 11 6 14 2 4 12 7 10 -5 10 
30
1
2 14
17 5
0
0
