20 20
-7 15 4 5 4 6 8 15 13 3 5 8 6 2 11 1 -1 10 3 -11 
6 2 12 11 15 5 14 -10 -1 10 9 8 16 10 9 4 14 2 -12 15 
12 1 4 3 15 10 0 -9 3 -14 12 15 1 1 11 -4 9 8 0 4 
0 10 14 14 -9 7 -13 10 0 12 12 -12 -16 16 14 14 6 8 1 15 
10 2 4 16 2 2 2 -14 12 3 -11 -12 -14 16 11 6 2 10 6 4 
1 7 6 12 8 2 2 2 -5 -8 4 -2 0 9 8 10 11 0 5 -7 
6 9 -15 -10 12 -10 7 5 14 4 0 2 5 5 1 14 12 10 2 -14 
15 1 4 13 0 16 1 3 15 -5 -5 10 10 3 9 -7 11 3 10 -6 
-5 11 -14 -9 13 -4 -5 0 14 -9 13 6 8 11 13 10 5 14 0 11 
10 4 13 10 -14 9 14 15 13 16 3 12 14 6 0 3 -4 16 9 8 
8 9 16 -4 3 0 6 14 12 3 16 13 15 14 9 -14 10 13 4 10 
11 0 14 5 10 13 11 8 6 13 -9 14 0 -5 -4 13 -9 -14 11 -5 
-6 10 3 11 -7 9 3 10 10 -5 -5 15 3 1 16 0 13 4 1 15 
-14 2 10 12 14 1 5 5 2 0 4 14 5 7 -10 12 -10 -15 9 6 
-7 5 0 11 10 8 9 0 -2 4 -8 -5 2 2 2 8 12 6 7 1 
4 6 10 2 6 11 16 -14 -12 -11 3 12 -14 2 2 2 16 4 2 10 
15 1 8 6 14 14 16 -16 -12 12 12 0 10 -13 7 -9 14 14 10 0 
4 0 8 9 -4 11 1 1 15 12 -14 3 -9 0 10 15 3 4 1 12 
15 -12 2 14 4 9 10 16 8 9 10 -1 -10 14 5 15 11 12 2 6 
-11 3 10 -1 1 11 2 6 8 5 3 13 15 8 6 4 5 4 15 -7 
30
1
11 15
8 4
0
0
