20 20
-21 13 2 1 6 23 16 17 2 1 3 21 24 12 16 -4 0 20 20 13 
25 -14 2 15 -22 -25 2 -14 21 23 -10 -23 20 18 20 -16 -18 11 10 14 
6 5 -3 -1 9 14 16 16 11 16 17 6 19 23 21 13 21 19 -6 21 
11 14 -2 17 21 -12 10 15 2 7 15 3 -22 -12 0 -7 18 15 -8 15 
7 10 6 11 7 15 15 10 13 20 21 0 21 20 16 9 0 20 -13 25 
6 5 12 -1 -21 -5 -8 16 5 5 9 9 1 12 23 -12 7 11 -19 -3 
16 13 6 2 25 9 -25 9 15 10 12 0 16 0 1 12 22 6 18 18 
17 16 23 23 -7 4 -11 16 -24 22 14 14 1 2 1 16 -19 23 21 -12 
2 7 3 13 15 21 -23 -7 -1 20 22 10 1 -15 25 21 -8 -18 3 -19 
-16 23 5 -7 19 9 7 -14 4 -16 6 -6 12 8 12 2 -1 20 -9 4 
4 -9 20 -1 2 12 8 12 -6 6 -16 4 -14 7 9 19 -7 5 23 -16 
-19 3 -18 -8 21 25 -15 1 10 22 20 -1 -7 -23 21 15 13 3 7 2 
-12 21 23 -19 16 1 2 1 14 14 22 -24 16 -11 4 -7 23 23 16 17 
18 18 6 22 12 1 0 16 0 12 10 15 9 -25 9 25 2 6 13 16 
-3 -19 11 7 -12 23 12 1 9 9 5 5 16 -8 -5 -21 -1 12 5 6 
25 -13 20 0 9 16 20 21 0 21 20 13 10 15 15 7 11 6 10 7 
15 -8 15 18 -7 0 -12 -22 3 15 7 2 15 10 -12 21 17 -2 14 11 
21 -6 19 21 13 21 23 19 6 17 16 11 16 16 14 9 -1 -3 5 6 
14 10 11 -18 -16 20 18 20 -23 -10 23 21 -14 2 -25 -22 15 2 -14 25 
13 20 20 0 -4 16 12 24 21 3 1 2 17 16 23 6 1 2 13 -21 
30
1
6 9
13 10
0
0
