20 20
7 18 -12 8 -14 16 2 8 2 9 9 8 10 9 11 -4 2 7 2 15 
0 6 -16 15 17 5 -1 10 9 13 0 6 17 4 4 16 3 13 3 2 
17 12 -7 17 4 -15 -14 16 3 -4 -11 16 -5 15 2 11 9 9 6 2 
7 -5 -3 12 -4 8 11 10 18 12 14 2 7 0 2 7 -9 0 8 -18 
6 9 4 -8 -13 1 -13 -8 2 1 16 -17 10 3 2 -3 3 16 3 18 
0 18 4 4 13 3 9 -13 -8 -8 -2 2 -13 -3 4 13 5 -12 10 17 
10 16 17 18 1 3 -4 7 -10 4 17 -12 6 1 10 7 -15 2 17 14 
15 13 0 17 2 18 15 2 5 17 14 8 15 8 -4 11 16 8 15 -3 
10 3 -1 13 17 5 -10 2 -3 3 8 9 13 0 5 -6 15 -16 -9 -18 
1 2 5 6 5 2 -18 -3 14 -9 9 14 10 17 16 -9 -12 6 5 -10 
-10 5 6 -12 -9 16 17 10 14 9 -9 14 -3 -18 2 5 6 5 2 1 
-18 -9 -16 15 -6 5 0 13 9 8 3 -3 2 -10 5 17 13 -1 3 10 
-3 15 8 16 11 -4 8 15 8 14 17 5 2 15 18 2 17 0 13 15 
14 17 2 -15 7 10 1 6 -12 17 4 -10 7 -4 3 1 18 17 16 10 
17 10 -12 5 13 4 -3 -13 2 -2 -8 -8 -13 9 3 13 4 4 18 0 
18 3 16 3 -3 2 3 10 -17 16 1 2 -8 -13 1 -13 -8 4 9 6 
-18 8 0 -9 7 2 0 7 2 14 12 18 10 11 8 -4 12 -3 -5 7 
2 6 9 9 11 2 15 -5 16 -11 -4 3 16 -14 -15 4 17 -7 12 17 
2 3 13 3 16 4 4 17 6 0 13 9 10 -1 5 17 15 -16 6 0 
15 2 7 2 -4 11 9 10 8 9 9 2 8 2 16 -14 8 -12 18 7 
30
1
11 5
8 14
0
0
