20 20
8 5 7 9 9 3 17 -5 8 8 12 10 -3 13 1 7 4 -3 3 18 
19 6 3 16 16 0 14 1 5 16 11 -16 18 18 -13 -4 12 -19 10 9 
4 18 -6 19 13 -6 14 18 9 8 19 10 -15 -14 11 11 18 15 15 13 
0 11 9 8 12 13 14 15 14 17 -16 4 13 -15 11 15 -1 14 14 -9 
14 13 2 6 4 -19 -18 4 15 8 3 2 10 9 1 3 -5 14 -16 -11 
6 6 13 12 10 1 -9 -18 17 7 13 -1 3 -3 14 4 12 13 -8 -15 
18 -8 -1 8 0 7 4 2 6 15 -3 18 -5 -4 18 10 -5 -18 8 1 
-10 -11 -15 4 5 12 9 7 8 10 -9 16 19 16 1 2 2 -10 14 6 
8 11 -3 -11 19 14 0 12 3 18 14 6 2 12 13 12 2 2 10 13 
17 6 11 0 10 6 13 5 17 -17 -6 4 -12 18 7 -2 16 10 15 8 
8 15 10 16 -2 7 18 -12 4 -6 -17 17 5 13 6 10 0 11 6 17 
13 10 2 2 12 13 12 2 6 14 18 3 12 0 14 19 -11 -3 11 8 
6 14 -10 2 2 1 16 19 16 -9 10 8 7 9 12 5 4 -15 -11 -10 
1 8 -18 -5 10 18 -4 -5 18 -3 15 6 2 4 7 0 8 -1 -8 18 
-15 -8 13 12 4 14 -3 3 -1 13 7 17 -18 -9 1 10 12 13 6 6 
-11 -16 14 -5 3 1 9 10 2 3 8 15 4 -18 -19 4 6 2 13 14 
-9 14 14 -1 15 11 -15 13 4 -16 17 14 15 14 13 12 8 9 11 0 
13 15 15 18 11 11 -14 -15 10 19 8 9 18 14 -6 13 19 -6 18 4 
9 10 -19 12 -4 -13 18 18 -16 11 16 5 1 14 0 16 16 3 6 19 
18 3 -3 4 7 1 13 -3 10 12 8 8 -5 17 3 9 9 7 5 8 
30
1
17 8
2 11
0
0
