20 20
17 9 2 7 21 13 18 5 5 9 -11 18 -14 15 6 18 16 4 12 14 
8 -11 9 2 9 13 3 22 9 -16 10 -6 -18 -20 13 6 20 -11 15 -11 
21 16 9 11 -3 0 5 18 -20 20 19 12 4 -16 -18 12 -17 8 12 21 
4 1 -7 14 -5 13 7 11 -10 3 -11 13 18 9 9 -3 20 6 12 15 
19 20 21 9 -20 11 1 17 0 8 4 11 16 14 -3 12 -9 14 -9 14 
11 -7 1 1 15 3 -22 1 -10 5 6 -5 23 -4 19 14 4 11 -16 10 
2 14 -6 22 23 13 18 -21 21 5 -15 3 11 7 19 11 17 15 12 21 
1 18 14 9 15 3 6 19 21 20 6 -4 10 13 20 18 13 13 -6 5 
17 1 18 23 -3 11 15 1 11 8 23 17 10 23 3 3 -23 -6 -8 -5 
-21 18 18 -3 13 14 -9 -14 7 20 -16 -11 5 1 6 8 -15 12 22 18 
18 22 12 -15 8 6 1 5 -11 -16 20 7 -14 -9 14 13 -3 18 18 -21 
-5 -8 -6 -23 3 3 23 10 17 23 8 11 1 15 11 -3 23 18 1 17 
5 -6 13 13 18 20 13 10 -4 6 20 21 19 6 3 15 9 14 18 1 
21 12 15 17 11 19 7 11 3 -15 5 21 -21 18 13 23 22 -6 14 2 
10 -16 11 4 14 19 -4 23 -5 6 5 -10 1 -22 3 15 1 1 -7 11 
14 -9 14 -9 12 -3 14 16 11 4 8 0 17 1 11 -20 9 21 20 19 
15 12 6 20 -3 9 9 18 13 -11 3 -10 11 7 13 -5 14 -7 1 4 
21 12 8 -17 12 -18 -16 4 12 19 20 -20 18 5 0 -3 11 9 16 21 
-11 15 -11 20 6 13 -20 -18 -6 10 -16 9 22 3 13 9 2 9 -11 8 
14 12 4 16 18 6 15 -14 18 -11 9 5 5 18 13 21 7 2 9 17 
30
1
3 4
16 15
0
0
