20 20
13 17 16 -11 21 2 14 20 -7 7 20 -20 -21 -19 10 2 1 -9 17 6 
8 14 -15 -13 16 11 -17 -4 -4 12 6 9 17 10 1 -15 15 21 1 15 
-16 16 14 -18 16 1 -3 5 -5 -6 19 15 10 11 17 -16 11 10 5 5 
11 20 -4 10 -4 12 18 6 9 20 18 10 9 14 -9 21 12 5 -4 21 
19 0 14 9 9 -21 5 4 21 15 14 16 13 -2 10 3 20 -1 0 20 
8 3 20 -14 1 21 17 17 8 10 -14 -9 -7 10 7 9 7 -5 11 12 
20 4 19 19 10 10 18 -15 -5 18 13 0 12 -5 0 12 3 3 -13 16 
1 -10 18 16 3 12 22 7 12 16 5 17 17 22 21 -9 8 9 15 -1 
2 4 5 22 22 -21 -11 -1 14 -5 12 1 17 8 1 11 7 13 -15 -15 
10 -4 9 7 1 10 3 16 20 4 -18 0 -19 14 -7 -18 1 19 21 4 
4 21 19 1 -18 -7 14 -19 0 -18 4 20 16 3 10 1 7 9 -4 10 
-15 -15 13 7 11 1 8 17 1 12 -5 14 -1 -11 -21 22 22 5 4 2 
-1 15 9 8 -9 21 22 17 17 5 16 12 7 22 12 3 16 18 -10 1 
16 -13 3 3 12 0 -5 12 0 13 18 -5 -15 18 10 10 19 19 4 20 
12 11 -5 7 9 7 10 -7 -9 -14 10 8 17 17 21 1 -14 20 3 8 
20 0 -1 20 3 10 -2 13 16 14 15 21 4 5 -21 9 9 14 0 19 
21 -4 5 12 21 -9 14 9 10 18 20 9 6 18 12 -4 10 -4 20 11 
5 5 10 11 -16 17 11 10 15 19 -6 -5 5 -3 1 16 -18 14 16 -16 
15 1 21 15 -15 1 10 17 9 6 12 -4 -4 -17 11 16 -13 -15 14 8 
6 17 -9 1 2 10 -19 -21 -20 20 7 -7 20 14 2 21 -11 16 17 13 
30
1
14 15
5 4
0
0
