20 20
7 -30 -16 28 -19 -14 8 4 17 10 24 0 -15 6 28 24 20 29 7 30 
13 -20 30 4 10 7 9 -19 13 17 18 15 16 -22 25 -9 10 30 3 18 
5 -17 -22 5 28 -29 1 0 30 8 23 -20 5 21 11 -6 7 27 15 1 
12 14 15 -1 -15 13 6 19 15 12 20 11 26 5 -2 27 26 30 -13 -5 
-9 6 4 18 20 20 2 15 9 6 15 -1 20 15 14 -2 6 24 0 21 
-28 23 9 7 7 -14 23 1 20 10 18 -7 -25 11 -28 10 13 24 29 21 
6 14 -2 1 11 -26 20 13 26 8 28 10 -28 12 19 30 0 -14 -1 30 
27 29 22 28 12 -7 26 -17 9 6 9 26 20 14 8 7 6 22 16 5 
20 -18 26 24 2 -10 18 0 -12 -17 28 0 -28 6 8 30 21 10 2 15 
14 -3 9 27 23 19 -18 27 -27 30 0 20 -9 2 29 16 7 14 0 30 
30 0 14 7 16 29 2 -9 20 0 30 -27 27 -18 19 23 27 9 -3 14 
15 2 10 21 30 8 6 -28 0 28 -17 -12 0 18 -10 2 24 26 -18 20 
5 16 22 6 7 8 14 20 26 9 6 9 -17 26 -7 12 28 22 29 27 
30 -1 -14 0 30 19 12 -28 10 28 8 26 13 20 -26 11 1 -2 14 6 
21 29 24 13 10 -28 11 -25 -7 18 10 20 1 23 -14 7 7 9 23 -28 
21 0 24 6 -2 14 15 20 -1 15 6 9 15 2 20 20 18 4 6 -9 
-5 -13 30 26 27 -2 5 26 11 20 12 15 19 6 13 -15 -1 15 14 12 
1 15 27 7 -6 11 21 5 -20 23 8 30 0 1 -29 28 5 -22 -17 5 
18 3 30 10 -9 25 -22 16 15 18 17 13 -19 9 7 10 4 30 -20 13 
30 7 29 20 24 28 6 -15 0 24 10 17 4 8 -14 -19 28 -16 -30 7 
30
1
15 18
4 1
0
0
