20 20
27 13 -7 2 -28 26 26 28 21 3 4 20 7 22 15 10 21 13 5 -3 
26 12 27 19 25 25 -5 4 10 3 -10 14 -26 20 1 12 -24 2 6 21 
28 -9 -9 16 -5 16 6 16 9 0 8 -6 -1 24 22 6 -22 -3 10 13 
24 8 -24 9 19 1 12 -24 15 22 -10 20 -15 12 9 -11 19 -12 19 9 
4 3 18 10 -8 -17 23 17 27 23 4 14 21 25 24 3 -12 25 5 -17 
18 -1 -17 -20 -4 25 5 25 1 18 14 20 -21 23 7 21 -19 28 17 4 
19 2 14 13 17 -11 8 12 17 3 -19 -17 2 13 6 18 -20 2 22 19 
25 -1 -28 1 26 6 8 14 16 12 24 1 17 1 19 22 15 3 -11 1 
10 10 -18 15 -13 15 13 -22 -8 25 10 -26 -9 -8 11 28 21 14 -25 23 
11 13 28 9 10 18 8 1 25 12 27 8 22 23 7 7 23 16 20 20 
20 20 16 23 7 7 23 22 8 27 12 25 1 8 18 10 9 28 13 11 
23 -25 14 21 28 11 -8 -9 -26 10 25 -8 -22 13 15 -13 15 -18 10 10 
1 -11 3 15 22 19 1 17 1 24 12 16 14 8 6 26 1 -28 -1 25 
19 22 2 -20 18 6 13 2 -17 -19 3 17 12 8 -11 17 13 14 2 19 
4 17 28 -19 21 7 23 -21 20 14 18 1 25 5 25 -4 -20 -17 -1 18 
-17 5 25 -12 3 24 25 21 14 4 23 27 17 23 -17 -8 10 18 3 4 
9 19 -12 19 -11 9 12 -15 20 -10 22 15 -24 12 1 19 9 -24 8 24 
13 10 -3 -22 6 22 24 -1 -6 8 0 9 16 6 16 -5 16 -9 -9 28 
21 6 2 -24 12 1 20 -26 14 -10 3 10 4 -5 25 25 19 27 12 26 
-3 5 13 21 10 15 22 7 20 4 3 21 28 26 26 -28 2 -7 13 27 
30
1
10 16
9 3
0
0
