20 20
-12 13 12 14 -16 0 7 1 -6 1 4 9 -16 6 8 -4 -10 15 -15 2 
-13 -9 -16 1 7 16 10 1 1 -9 9 6 0 6 10 13 6 16 -16 7 
2 11 -13 -8 5 6 -4 12 10 4 -10 -15 14 1 14 4 1 11 -8 2 
0 15 -15 5 10 -14 14 13 13 9 -12 7 4 14 0 -2 13 13 15 17 
14 -1 -9 5 -15 1 -2 7 -10 8 8 -15 1 5 15 13 13 -17 7 9 
1 6 16 12 -11 -4 9 15 10 6 16 17 -3 3 -14 1 4 10 0 8 
-12 3 -10 12 16 -9 14 0 3 17 13 12 -10 -4 17 -16 13 10 -6 12 
-1 13 -5 9 -14 5 12 13 -3 12 10 14 -6 -11 -13 16 17 16 4 2 
10 5 -10 1 13 -7 9 -2 14 5 -8 2 0 -8 -17 -5 -5 0 -15 16 
0 17 -11 1 3 -1 14 6 2 -17 6 5 3 17 -5 10 14 15 7 3 
3 7 15 14 10 -5 17 3 5 6 -17 2 6 14 -1 3 1 -11 17 0 
16 -15 0 -5 -5 -17 -8 0 2 -8 5 14 -2 9 -7 13 1 -10 5 10 
2 4 16 17 16 -13 -11 -6 14 10 12 -3 13 12 5 -14 9 -5 13 -1 
12 -6 10 13 -16 17 -4 -10 12 13 17 3 0 14 -9 16 12 -10 3 -12 
8 0 10 4 1 -14 3 -3 17 16 6 10 15 9 -4 -11 12 16 6 1 
9 7 -17 13 13 15 5 1 -15 8 8 -10 7 -2 1 -15 5 -9 -1 14 
17 15 13 13 -2 0 14 4 7 -12 9 13 13 14 -14 10 5 -15 15 0 
2 -8 11 1 4 14 1 14 -15 -10 4 10 12 -4 6 5 -8 -13 11 2 
7 -16 16 6 13 10 6 0 6 9 -9 1 1 10 16 7 1 -16 -9 -13 
2 -15 15 -10 -4 8 6 -16 9 4 1 -6 1 7 0 -16 14 12 13 -12 
30
1
2 17
17 2
0
0
