20 20
10 1 12 -9 0 -12 8 0 12 6 -2 13 -14 7 -2 8 15 -15 10 8 
13 9 12 -3 12 13 12 12 9 13 8 2 -16 1 16 4 10 9 5 10 
6 3 5 10 6 3 0 12 3 10 10 2 8 4 3 -3 11 7 -8 5 
2 16 8 -7 15 7 8 10 12 -6 9 7 12 6 0 8 9 5 2 9 
11 14 8 13 14 -3 2 -7 12 2 11 5 -11 5 16 6 -3 5 5 14 
2 16 16 -12 3 2 0 11 8 -2 -12 -5 0 16 11 9 7 -9 5 13 
-8 9 -12 6 7 -14 5 4 -5 14 -12 -12 -16 8 12 -1 4 10 15 8 
8 10 -12 4 6 -15 7 8 12 11 -16 16 1 4 7 -3 -12 -14 3 13 
4 -12 -7 -5 0 8 -16 4 15 7 -11 12 6 -2 -12 12 9 5 12 14 
-4 5 6 14 -13 3 6 10 2 14 5 10 11 8 -11 10 4 7 4 -13 
-13 4 7 4 10 -11 8 11 10 5 14 2 10 6 3 -13 14 6 5 -4 
14 12 5 9 12 -12 -2 6 12 -11 7 15 4 -16 8 0 -5 -7 -12 4 
13 3 -14 -12 -3 7 4 1 16 -16 11 12 8 7 -15 6 4 -12 10 8 
8 15 10 4 -1 12 8 -16 -12 -12 14 -5 4 5 -14 7 6 -12 9 -8 
13 5 -9 7 9 11 16 0 -5 -12 -2 8 11 0 2 3 -12 16 16 2 
14 5 5 -3 6 16 5 -11 5 11 2 12 -7 2 -3 14 13 8 14 11 
9 2 5 9 8 0 6 12 7 9 -6 12 10 8 7 15 -7 8 16 2 
5 -8 7 11 -3 3 4 8 2 10 10 3 12 0 3 6 10 5 3 6 
10 5 9 10 4 16 1 -16 2 8 13 9 12 12 13 12 -3 12 9 13 
8 10 -15 15 8 -2 7 -14 13 -2 6 12 0 8 -12 0 -9 12 1 10 
30
1
19 4
0 15
0
0
