20 20
-14 8 17 9 -7 3 5 11 5 -7 11 24 6 12 15 13 22 3 3 11 
22 20 14 22 19 -8 1 4 13 15 18 21 22 9 7 12 12 -5 1 -3 
23 -17 6 12 22 9 14 -11 7 0 7 12 2 24 7 14 -12 4 24 0 
23 -9 -14 -23 7 8 -1 21 7 8 3 20 6 13 15 16 -12 8 0 -17 
2 -24 16 7 3 1 -3 18 -9 17 18 -8 16 21 1 14 14 6 17 20 
10 22 13 -13 -20 18 16 8 -14 12 -2 -8 9 10 12 17 12 -5 -23 19 
5 7 17 1 0 1 11 12 -21 -13 20 22 -3 8 1 -17 -11 23 4 23 
-5 23 3 -5 11 -7 11 8 -11 -8 8 5 13 6 -3 20 -2 -19 1 15 
-10 3 -23 24 12 9 1 16 -9 0 -1 12 12 -9 16 10 -12 11 -3 12 
12 13 3 5 -21 -7 -16 3 -23 4 4 16 -20 7 -3 -13 -20 3 -24 15 
15 -24 3 -20 -13 -3 7 -20 16 4 4 -23 3 -16 -7 -21 5 3 13 12 
12 -3 11 -12 10 16 -9 12 12 -1 0 -9 16 1 9 12 24 -23 3 -10 
15 1 -19 -2 20 -3 6 13 5 8 -8 -11 8 11 -7 11 -5 3 23 -5 
23 4 23 -11 -17 1 8 -3 22 20 -13 -21 12 11 1 0 1 17 7 5 
19 -23 -5 12 17 12 10 9 -8 -2 12 -14 8 16 18 -20 -13 13 22 10 
20 17 6 14 14 1 21 16 -8 18 17 -9 18 -3 1 3 7 16 -24 2 
-17 0 8 -12 16 15 13 6 20 3 8 7 21 -1 8 7 -23 -14 -9 23 
0 24 4 -12 14 7 24 2 12 7 0 7 -11 14 9 22 12 6 -17 23 
-3 1 -5 12 12 7 9 22 21 18 15 13 4 1 -8 19 22 14 20 22 
11 3 3 22 13 15 12 6 24 11 -7 5 11 5 3 -7 9 17 8 -14 
30
1
7 16
12 3
0
0
