20 20
-16 7 14 4 14 18 1 11 16 5 9 6 -3 -12 12 1 -1 0 2 18 
-16 0 12 15 -7 4 9 -12 4 8 12 4 14 0 7 5 15 -9 7 -8 
14 -5 -13 9 17 15 13 -11 10 12 18 4 15 3 15 -13 -6 -5 17 7 
17 7 4 -4 9 -17 1 13 13 -12 1 -10 15 -6 6 14 -9 17 -8 15 
17 -17 9 8 13 7 6 -4 14 15 8 -13 1 8 -12 18 -15 11 13 1 
-8 -2 18 -13 12 -11 14 1 10 14 -17 12 -1 14 15 8 4 11 2 8 
2 12 -14 12 9 -10 14 6 8 10 4 1 15 3 7 8 11 3 3 1 
-4 5 2 13 4 17 -15 17 5 18 13 13 -10 -1 11 12 10 5 18 7 
4 16 -4 -10 -16 10 5 2 17 2 11 6 -14 16 7 7 13 9 6 9 
8 5 -3 1 -11 -16 16 17 -2 15 14 7 15 7 12 -8 14 11 17 -5 
-5 17 11 14 -8 12 7 15 7 14 15 -2 17 16 -16 -11 1 -3 5 8 
9 6 9 13 7 7 16 -14 6 11 2 17 2 5 10 -16 -10 -4 16 4 
7 18 5 10 12 11 -1 -10 13 13 18 5 17 -15 17 4 13 2 5 -4 
1 3 3 11 8 7 3 15 1 4 10 8 6 14 -10 9 12 -14 12 2 
8 2 11 4 8 15 14 -1 12 -17 14 10 1 14 -11 12 -13 18 -2 -8 
1 13 11 -15 18 -12 8 1 -13 8 15 14 -4 6 7 13 8 9 -17 17 
15 -8 17 -9 14 6 -6 15 -10 1 -12 13 13 1 -17 9 -4 4 7 17 
7 17 -5 -6 -13 15 3 15 4 18 12 10 -11 13 15 17 9 -13 -5 14 
-8 7 -9 15 5 7 0 14 4 12 8 4 -12 9 4 -7 15 12 0 -16 
18 2 0 -1 1 12 -12 -3 6 9 5 16 11 1 18 14 4 14 7 -16 
30
1
14 16
5 3
0
0
