20 20
16 -11 5 23 6 -20 16 3 -15 6 28 15 15 2 12 19 21 27 3 2 
6 23 18 -9 28 11 15 18 16 24 15 20 27 21 -1 -2 -10 -4 23 19 
14 25 26 -22 13 19 27 -24 13 10 19 2 14 13 2 26 23 17 12 8 
22 20 21 -28 21 -3 10 12 14 28 19 -1 -24 26 22 8 12 27 -19 15 
19 11 -5 -19 5 -27 -10 14 -3 11 -14 14 12 18 5 4 -23 28 26 9 
8 18 8 17 -25 15 -16 4 6 23 7 10 3 -13 7 21 24 25 13 9 
-24 24 -27 -19 22 18 -13 6 27 6 20 26 -16 5 16 8 27 -10 -25 10 
1 16 18 19 8 24 10 19 25 13 14 4 8 18 2 19 16 6 10 16 
7 5 9 -7 2 16 -23 12 14 0 2 6 -5 18 7 17 12 14 -22 1 
9 9 17 -24 -12 11 -18 15 -10 13 9 7 8 8 -9 21 8 5 19 24 
24 19 5 8 21 -9 8 8 7 9 13 -10 15 -18 11 -12 -24 17 9 9 
1 -22 14 12 17 7 18 -5 6 2 0 14 12 -23 16 2 -7 9 5 7 
16 10 6 16 19 2 18 8 4 14 13 25 19 10 24 8 19 18 16 1 
10 -25 -10 27 8 16 5 -16 26 20 6 27 6 -13 18 22 -19 -27 24 -24 
9 13 25 24 21 7 -13 3 10 7 23 6 4 -16 15 -25 17 8 18 8 
9 26 28 -23 4 5 18 12 14 -14 11 -3 14 -10 -27 5 -19 -5 11 19 
15 -19 27 12 8 22 26 -24 -1 19 28 14 12 10 -3 21 -28 21 20 22 
8 12 17 23 26 2 13 14 2 19 10 13 -24 27 19 13 -22 26 25 14 
19 23 -4 -10 -2 -1 21 27 20 15 24 16 18 15 11 28 -9 18 23 6 
2 3 27 21 19 12 2 15 15 28 6 -15 3 16 -20 6 23 5 -11 16 
30
1
12 16
7 3
0
0
