20 20
18 14 2 9 3 4 3 12 -6 -4 15 0 4 -19 8 -1 15 11 2 12 
-6 7 11 20 8 -9 8 18 1 -15 -18 11 18 2 3 14 -15 20 5 12 
5 -20 3 -3 10 19 11 18 -6 19 -16 19 7 -2 -13 -15 20 17 17 -11 
20 20 18 0 3 7 15 -8 11 11 8 2 -3 16 17 12 -6 15 6 12 
4 6 8 2 9 7 -12 3 5 -3 10 2 6 -11 13 15 6 8 12 7 
-1 4 2 6 5 1 -1 15 -10 20 12 -10 9 8 12 -12 -4 18 -20 -20 
6 -4 5 -13 1 7 -2 12 -13 -7 -18 -3 11 -10 20 11 -5 -5 -10 16 
18 14 -17 18 11 -7 7 11 6 5 10 -15 -19 14 -20 -19 10 12 16 4 
-18 6 4 -1 12 15 5 6 7 19 14 3 -3 5 12 3 0 4 11 -4 
18 12 19 16 -3 -4 3 17 -16 15 -8 20 12 6 14 6 19 -8 -19 16 
16 -19 -8 19 6 14 6 12 20 -8 15 -16 17 3 -4 -3 16 19 12 18 
-4 11 4 0 3 12 5 -3 3 14 19 7 6 5 15 12 -1 4 6 -18 
4 16 12 10 -19 -20 14 -19 -15 10 5 6 11 7 -7 11 18 -17 14 18 
16 -10 -5 -5 11 20 -10 11 -3 -18 -7 -13 12 -2 7 1 -13 5 -4 6 
-20 -20 18 -4 -12 12 8 9 -10 12 20 -10 15 -1 1 5 6 2 4 -1 
7 12 8 6 15 13 -11 6 2 10 -3 5 3 -12 7 9 2 8 6 4 
12 6 15 -6 12 17 16 -3 2 8 11 11 -8 15 7 3 0 18 20 20 
-11 17 17 20 -15 -13 -2 7 19 -16 19 -6 18 11 19 10 -3 3 -20 5 
12 5 20 -15 14 3 2 18 11 -18 -15 1 18 8 -9 8 20 11 7 -6 
12 2 11 15 -1 8 -19 4 0 15 -4 -6 12 3 4 3 9 2 14 18 
30
1
3 8
16 11
0
0
