20 20
8 -4 7 8 0 5 -3 1 0 7 -2 9 6 0 10 -5 -5 7 1 0 
6 10 10 4 3 2 9 8 8 6 2 -2 10 6 10 5 1 4 1 3 
7 -4 5 0 6 0 9 8 0 6 -5 -3 10 4 -8 -5 7 2 9 4 
-2 3 2 7 8 10 10 -2 0 -10 2 -9 9 9 0 5 7 5 -1 -5 
-9 5 7 10 0 7 7 6 4 4 4 7 -8 8 3 8 6 10 6 10 
-6 6 2 -10 4 1 6 7 2 -9 1 8 10 6 4 1 -6 8 4 0 
3 10 8 -4 6 7 -6 10 8 1 -3 10 5 -5 4 4 -10 10 3 10 
7 4 -2 5 -5 6 -7 5 3 -9 -1 10 4 -9 2 7 -10 -9 0 5 
6 10 6 -5 -4 -5 5 9 4 6 3 7 7 1 2 7 2 6 7 -8 
1 7 0 2 10 2 -4 -2 5 7 8 -6 -9 9 9 1 2 7 0 3 
3 0 7 2 1 9 9 -9 -6 8 7 5 -2 -4 2 10 2 0 7 1 
-8 7 6 2 7 2 1 7 7 3 6 4 9 5 -5 -4 -5 6 10 6 
5 0 -9 -10 7 2 -9 4 10 -1 -9 3 5 -7 6 -5 5 -2 4 7 
10 3 10 -10 4 4 -5 5 10 -3 1 8 10 -6 7 6 -4 8 10 3 
0 4 8 -6 1 4 6 10 8 1 -9 2 7 6 1 4 -10 2 6 -6 
10 6 10 6 8 3 8 -8 7 4 4 4 6 7 7 0 10 7 5 -9 
-5 -1 5 7 5 0 9 9 -9 2 -10 0 -2 10 10 8 7 2 3 -2 
4 9 2 7 -5 -8 4 10 -3 -5 6 0 8 9 0 6 0 5 -4 7 
3 1 4 1 5 10 6 10 -2 2 6 8 8 9 2 3 4 10 10 6 
0 1 7 -5 -5 10 0 6 9 -2 7 0 1 -3 5 0 8 7 -4 8 
30
1
16 5
3 14
0
0
