20 20
13 16 -4 1 11 4 -17 7 7 7 8 4 10 5 -16 17 12 -16 3 10 
11 -13 11 4 -5 18 -18 -2 4 2 12 11 12 -14 8 -17 14 6 4 10 
11 -8 -12 8 -9 12 9 0 9 18 15 18 -18 18 10 8 -18 -17 1 12 
1 -10 9 8 -4 -11 11 -9 17 13 14 9 15 18 13 15 0 -9 4 -14 
12 13 2 17 10 13 2 0 8 14 4 2 18 3 17 18 -17 2 3 6 
13 10 -11 9 11 1 16 1 1 -4 2 4 -17 0 12 7 7 11 -14 -4 
16 7 4 6 18 11 9 6 17 12 10 -16 -15 8 15 -16 17 3 14 2 
12 11 17 3 1 11 11 -1 8 4 4 -7 9 11 14 7 -10 0 -9 11 
10 1 0 18 -9 0 13 11 15 14 -6 5 -5 4 0 -7 3 -10 15 -5 
16 12 15 6 4 -3 16 -8 -2 11 16 6 -1 -7 6 9 17 18 -17 -12 
-12 -17 18 17 9 6 -7 -1 6 16 11 -2 -8 16 -3 4 6 15 12 16 
-5 15 -10 3 -7 0 4 -5 5 -6 14 15 11 13 0 -9 18 0 1 10 
11 -9 0 -10 7 14 11 9 -7 4 4 8 -1 11 11 1 3 17 11 12 
2 14 3 17 -16 15 8 -15 -16 10 12 17 6 9 11 18 6 4 7 16 
-4 -14 11 7 7 12 0 -17 4 2 -4 1 1 16 1 11 9 -11 10 13 
6 3 2 -17 18 17 3 18 2 4 14 8 0 2 13 10 17 2 13 12 
-14 4 -9 0 15 13 18 15 9 14 13 17 -9 11 -11 -4 8 9 -10 1 
12 1 -17 -18 8 10 18 -18 18 15 18 9 0 9 12 -9 8 -12 -8 11 
10 4 6 14 -17 8 -14 12 11 12 2 4 -2 -18 18 -5 4 11 -13 11 
10 3 -16 12 17 -16 5 10 4 8 7 7 7 -17 4 11 1 -4 16 13 
30
1
14 18
5 1
0
0
