20 20
18 -3 -12 5 7 0 6 2 -9 4 7 17 4 17 9 9 1 13 18 10 
3 14 12 -14 -5 -1 14 9 -18 -10 -18 1 12 17 -16 -5 4 9 17 -6 
7 3 6 3 4 5 14 13 -1 13 2 4 4 -13 9 -2 6 9 6 6 
4 -16 3 10 6 -4 -16 -15 17 5 5 8 15 5 17 2 8 1 6 14 
-8 7 -7 13 13 5 16 3 4 -9 -12 11 6 7 4 4 -10 3 4 6 
-9 3 13 6 16 8 7 6 15 6 6 10 14 -12 2 2 15 8 -1 16 
8 2 1 15 0 7 5 -16 -10 -11 16 17 7 0 11 -7 -15 13 17 6 
2 8 9 -10 -13 14 3 17 -7 -1 17 2 6 7 -8 -3 6 10 1 7 
16 6 4 17 7 -3 -6 1 8 2 16 -3 15 2 17 8 11 15 16 13 
3 14 -16 7 4 8 12 6 8 -8 -8 6 6 14 5 -10 1 12 -16 3 
3 -16 12 1 -10 5 14 6 6 -8 -8 8 6 12 8 4 7 -16 14 3 
13 16 15 11 8 17 2 15 -3 16 2 8 1 -6 -3 7 17 4 6 16 
7 1 10 6 -3 -8 7 6 2 17 -1 -7 17 3 14 -13 -10 9 8 2 
6 17 13 -15 -7 11 0 7 17 16 -11 -10 -16 5 7 0 15 1 2 8 
16 -1 8 15 2 2 -12 14 10 6 6 15 6 7 8 16 6 13 3 -9 
6 4 3 -10 4 4 7 6 11 -12 -9 4 3 16 5 13 13 -7 7 -8 
14 6 1 8 2 17 5 15 8 5 5 17 -15 -16 -4 6 10 3 -16 4 
6 6 9 6 -2 9 -13 4 4 2 13 -1 13 14 5 4 3 6 3 7 
-6 17 9 4 -5 -16 17 12 1 -18 -10 -18 9 14 -1 -5 -14 12 14 3 
10 18 13 1 9 9 17 4 17 7 4 -9 2 6 0 7 5 -12 -3 18 
30
1
7 4
12 15
0
0
