20 20
8 9 2 1 11 -1 0 -1 5 2 -6 1 8 9 3 10 4 1 9 -5 
9 -9 11 -11 -1 2 1 5 4 2 9 -8 0 11 1 10 2 5 2 7 
5 8 -5 8 11 2 11 8 -10 7 8 -2 -2 -5 6 3 10 -1 -6 4 
9 5 -3 7 6 9 4 8 -9 6 -8 -5 1 10 3 10 8 -11 -5 11 
1 2 5 7 1 5 1 2 7 3 -3 11 6 9 -3 5 -2 7 -1 11 
10 -4 -2 -3 -7 -3 2 8 1 7 -7 4 2 6 9 6 6 9 11 11 
6 11 -11 10 -10 -9 0 2 8 -10 9 9 3 5 -4 2 -4 -8 0 9 
-10 9 9 7 -6 -10 11 10 3 7 11 -11 -9 7 -10 0 4 -9 11 3 
10 -3 8 3 11 8 11 9 -8 9 -4 11 -6 7 1 -7 5 0 9 7 
11 3 6 6 11 10 5 7 10 4 -7 1 -10 9 3 2 -2 3 6 8 
8 6 3 -2 2 3 9 -10 1 -7 4 10 7 5 10 11 6 6 3 11 
7 9 0 5 -7 1 7 -6 11 -4 9 -8 9 11 8 11 3 8 -3 10 
3 11 -9 4 0 -10 7 -9 -11 11 7 3 10 11 -10 -6 7 9 9 -10 
9 0 -8 -4 2 -4 5 3 9 9 -10 8 2 0 -9 -10 10 -11 11 6 
11 11 9 6 6 9 6 2 4 -7 7 1 8 2 -3 -7 -3 -2 -4 10 
11 -1 7 -2 5 -3 9 6 11 -3 3 7 2 1 5 1 7 5 2 1 
11 -5 -11 8 10 3 10 1 -5 -8 6 -9 8 4 9 6 7 -3 5 9 
4 -6 -1 10 3 6 -5 -2 -2 8 7 -10 8 11 2 11 8 -5 8 5 
7 2 5 2 10 1 11 0 -8 9 2 4 5 1 2 -1 -11 11 -9 9 
-5 9 1 4 10 3 9 8 1 -6 2 5 -1 0 -1 11 1 2 9 8 
30
1
8 4
11 15
0
0
