20 20
18 22 18 6 2 -13 -16 14 18 23 10 10 5 16 7 10 1 13 12 -7 
8 9 10 -3 14 8 9 6 11 -11 2 1 23 22 8 5 19 13 10 13 
-24 20 4 -17 2 -7 5 9 12 5 10 1 -17 14 2 12 8 9 4 21 
-22 -17 3 6 14 8 14 -24 19 15 13 -9 5 1 8 -21 4 11 -10 1 
5 18 11 24 15 0 2 4 -11 19 14 -11 -10 -20 4 8 -5 16 -6 -9 
13 -3 19 -13 16 8 19 22 21 4 23 20 7 5 15 24 -8 0 -19 17 
18 -14 10 -15 0 14 19 -1 9 -21 23 8 22 24 4 18 1 24 17 24 
-13 17 -3 -17 10 -15 12 13 4 3 -23 12 -20 6 -21 19 -17 9 17 3 
-19 8 9 0 18 5 7 6 7 24 6 1 22 -22 -18 16 22 -20 -23 1 
1 11 23 24 15 8 18 20 10 18 24 6 17 19 -8 6 8 -2 14 20 
20 14 -2 8 6 -8 19 17 6 24 18 10 20 18 8 15 24 23 11 1 
1 -23 -20 22 16 -18 -22 22 1 6 24 7 6 7 5 18 0 9 8 -19 
3 17 9 -17 19 -21 6 -20 12 -23 3 4 13 12 -15 10 -17 -3 17 -13 
24 17 24 1 18 4 24 22 8 23 -21 9 -1 19 14 0 -15 10 -14 18 
17 -19 0 -8 24 15 5 7 20 23 4 21 22 19 8 16 -13 19 -3 13 
-9 -6 16 -5 8 4 -20 -10 -11 14 19 -11 4 2 0 15 24 11 18 5 
1 -10 11 4 -21 8 1 5 -9 13 15 19 -24 14 8 14 6 3 -17 -22 
21 4 9 8 12 2 14 -17 1 10 5 12 9 5 -7 2 -17 4 20 -24 
13 10 13 19 5 8 22 23 1 2 -11 11 6 9 8 14 -3 10 9 8 
-7 12 13 1 10 7 16 5 10 10 23 18 14 -16 -13 2 6 18 22 18 
30
1
17 15
2 4
0
0
