20 20
-6 13 7 8 0 -8 -9 5 16 14 22 10 10 15 18 12 12 1 -1 1 
17 12 -6 19 7 3 6 16 18 11 2 -12 15 7 12 20 -2 17 -9 8 
-20 5 1 22 3 -6 5 -14 12 3 19 9 18 8 17 17 0 7 16 14 
18 22 6 6 15 7 12 3 5 -14 10 9 -1 7 14 -12 4 6 9 7 
13 4 8 20 5 17 -11 18 2 20 21 8 -8 -3 18 -20 -14 12 -4 1 
1 19 2 11 11 -8 2 -2 22 14 1 -10 4 -14 -22 13 13 -14 0 2 
2 21 -16 -3 13 9 -1 20 18 17 -13 -22 14 9 14 15 17 4 14 -22 
11 3 -21 22 7 -16 11 4 -10 13 2 -5 -2 14 -9 11 -4 1 -6 17 
10 16 -8 22 0 20 18 -8 18 13 1 20 7 -2 -14 9 -15 -9 2 20 
-8 19 12 -17 -17 10 12 20 21 3 -7 -9 8 4 2 -17 -19 -16 15 6 
6 15 -16 -19 -17 2 4 8 -9 -7 3 21 20 12 10 -17 -17 12 19 -8 
20 2 -9 -15 9 -14 -2 7 20 1 13 18 -8 18 20 0 22 -8 16 10 
17 -6 1 -4 11 -9 14 -2 -5 2 13 -10 4 11 -16 7 22 -21 3 11 
-22 14 4 17 15 14 9 14 -22 -13 17 18 20 -1 9 13 -3 -16 21 2 
2 0 -14 13 13 -22 -14 4 -10 1 14 22 -2 2 -8 11 11 2 19 1 
1 -4 12 -14 -20 18 -3 -8 8 21 20 2 18 -11 17 5 20 8 4 13 
7 9 6 4 -12 14 7 -1 9 10 -14 5 3 12 7 15 6 6 22 18 
14 16 7 0 17 17 8 18 9 19 3 12 -14 5 -6 3 22 1 5 -20 
8 -9 17 -2 20 12 7 15 -12 2 11 18 16 6 3 7 19 -6 12 17 
1 -1 1 12 12 18 15 10 10 22 14 16 5 -9 -8 0 8 7 13 -6 
30
1
5 18
14 1
0
0
