20 20
25 24 -9 21 5 11 2 -1 17 24 22 -5 24 16 -16 1 14 9 3 -14 
-7 4 1 20 -19 9 18 12 3 1 -15 15 -1 -16 8 -17 13 1 14 13 
-11 -1 -5 12 -5 20 2 13 9 1 17 22 10 2 -2 9 -20 -2 20 -21 
18 17 0 4 -10 2 11 16 4 19 -11 0 9 3 0 18 24 18 -8 -18 
9 -18 18 11 2 15 20 14 4 8 25 -12 -3 3 8 -9 20 10 9 -13 
-8 6 17 23 20 20 1 -12 20 1 20 10 -7 -8 22 17 3 1 -25 13 
-7 11 2 -12 5 15 13 18 8 2 -11 -24 -18 24 -24 -18 13 15 13 17 
21 21 14 20 -3 7 -17 -8 21 3 -14 19 14 13 17 4 11 19 0 2 
19 22 25 -2 24 24 15 25 18 -24 1 -12 -19 3 19 -21 13 24 21 -2 
21 10 16 9 20 -18 12 3 19 12 5 24 7 22 6 18 -12 22 -14 -18 
-18 -14 22 -12 18 6 22 7 24 5 12 19 3 12 -18 20 9 16 10 21 
-2 21 24 13 -21 19 3 -19 -12 1 -24 18 25 15 24 24 -2 25 22 19 
2 0 19 11 4 17 13 14 19 -14 3 21 -8 -17 7 -3 20 14 21 21 
17 13 15 13 -18 -24 24 -18 -24 -11 2 8 18 13 15 5 -12 2 11 -7 
13 -25 1 3 17 22 -8 -7 10 20 1 20 -12 1 20 20 23 17 6 -8 
-13 9 10 20 -9 8 3 -3 -12 25 8 4 14 20 15 2 11 18 -18 9 
-18 -8 18 24 18 0 3 9 0 -11 19 4 16 11 2 -10 4 0 17 18 
-21 20 -2 -20 9 -2 2 10 22 17 1 9 13 2 20 -5 12 -5 -1 -11 
13 14 1 13 -17 8 -16 -1 15 -15 1 3 12 18 9 -19 20 1 4 -7 
-14 3 9 14 1 -16 16 24 -5 22 24 17 -1 2 11 5 21 -9 24 25 
30
1
14 2
5 17
0
0
