20 20
2 1 4 1 -5 15 7 12 -14 5 16 1 1 7 10 16 3 2 -5 -10 
16 2 7 16 -10 15 -11 6 4 2 -2 -13 2 -4 16 3 15 -12 -5 7 
-1 5 2 15 10 7 4 5 1 3 -6 12 14 -6 15 1 8 0 -15 7 
9 9 -16 12 16 11 14 11 10 16 -10 8 -15 15 4 14 11 5 16 14 
0 -16 7 11 15 5 -14 -11 1 -3 9 -16 -9 14 4 10 -5 9 12 1 
15 15 15 -5 14 -5 8 3 14 13 -5 -16 2 -14 2 -7 -8 -8 -5 1 
0 13 3 1 0 3 14 15 5 6 3 6 8 14 9 15 7 8 -16 4 
16 16 -14 3 2 13 4 13 -14 3 -14 -8 -3 14 12 3 2 2 13 4 
-14 16 15 -15 4 3 -15 1 -4 0 -7 -13 8 10 9 16 12 -12 -8 8 
9 13 13 -10 2 12 5 14 12 14 16 -7 -9 10 12 5 -16 -5 -14 1 
1 -14 -5 -16 5 12 10 -9 -7 16 14 12 14 5 12 2 -10 13 13 9 
8 -8 -12 12 16 9 10 8 -13 -7 0 -4 1 -15 3 4 -15 15 16 -14 
4 13 2 2 3 12 14 -3 -8 -14 3 -14 13 4 13 2 3 -14 16 16 
4 -16 8 7 15 9 14 8 6 3 6 5 15 14 3 0 1 3 13 0 
1 -5 -8 -8 -7 2 -14 2 -16 -5 13 14 3 8 -5 14 -5 15 15 15 
1 12 9 -5 10 4 14 -9 -16 9 -3 1 -11 -14 5 15 11 7 -16 0 
14 16 5 11 14 4 15 -15 8 -10 16 10 11 14 11 16 12 -16 9 9 
7 -15 0 8 1 15 -6 14 12 -6 3 1 5 4 7 10 15 2 5 -1 
7 -5 -12 15 3 16 -4 2 -13 -2 2 4 6 -11 15 -10 16 7 2 16 
-10 -5 2 3 16 10 7 1 1 16 5 -14 12 7 15 -5 1 4 1 2 
30
1
17 5
2 14
0
0
