20 20
11 7 1 3 0 12 19 12 6 10 -7 2 -9 -23 13 0 22 -4 15 -14 
15 19 10 22 22 18 22 -1 9 14 8 -9 -5 -10 2 4 -3 14 23 7 
16 21 20 2 -20 13 -9 -23 6 17 2 8 20 20 22 5 10 -9 11 12 
-8 -3 14 20 -15 2 16 16 19 18 23 -4 -6 -9 17 18 20 6 -10 -16 
23 9 -6 12 -14 -14 11 1 22 23 2 23 17 10 8 19 4 7 8 4 
20 20 13 15 10 -20 11 1 19 -16 11 11 11 -10 12 13 7 -20 16 8 
14 -16 -5 13 -1 20 22 -5 1 15 7 -23 1 15 16 12 18 19 13 19 
3 6 5 -17 4 6 2 6 11 19 22 13 16 17 18 -21 11 -11 4 16 
-22 13 21 19 22 17 8 1 18 4 17 21 5 13 13 1 12 18 8 1 
-16 12 -8 -5 0 21 14 3 16 8 7 11 16 23 13 1 19 0 -5 11 
11 -5 0 19 1 13 23 16 11 7 8 16 3 14 21 0 -5 -8 12 -16 
1 8 18 12 1 13 13 5 21 17 4 18 1 8 17 22 19 21 13 -22 
16 4 -11 11 -21 18 17 16 13 22 19 11 6 2 6 4 -17 5 6 3 
19 13 19 18 12 16 15 1 -23 7 15 1 -5 22 20 -1 13 -5 -16 14 
8 16 -20 7 13 12 -10 11 11 11 -16 19 1 11 -20 10 15 13 20 20 
4 8 7 4 19 8 10 17 23 2 23 22 1 11 -14 -14 12 -6 9 23 
-16 -10 6 20 18 17 -9 -6 -4 23 18 19 16 16 2 -15 20 14 -3 -8 
12 11 -9 10 5 22 20 20 8 2 17 6 -23 -9 13 -20 2 20 21 16 
7 23 14 -3 4 2 -10 -5 -9 8 14 9 -1 22 18 22 22 10 19 15 
-14 15 -4 22 0 13 -23 -9 2 -7 10 6 12 19 12 0 3 1 7 11 
30
1
10 12
9 7
0
0
