20 20
11 1 0 3 3 9 4 -7 5 3 14 10 8 13 3 11 2 3 -5 9 
-6 -7 12 2 3 12 6 6 14 -3 -9 2 0 7 14 3 -6 12 13 4 
8 5 6 10 8 11 14 10 4 11 14 9 7 5 10 -7 3 12 5 9 
4 5 7 -12 -14 3 5 6 -9 -2 -5 -7 12 9 14 -6 9 11 0 13 
7 14 9 14 0 12 -11 13 5 3 7 14 -6 -2 13 5 3 3 11 -9 
9 -11 2 -6 9 14 10 -7 1 11 11 5 -7 -14 9 1 7 10 -9 12 
3 10 3 -13 -8 5 12 -14 -3 9 -11 8 -12 4 -5 -14 2 -11 11 0 
5 13 4 4 2 8 5 6 7 4 4 12 -6 12 1 -8 2 10 14 -7 
8 -7 11 5 6 3 7 13 8 8 -12 6 9 1 -6 -11 -7 14 14 -1 
1 14 9 0 -3 3 1 2 -3 4 -5 14 7 3 11 12 14 7 -5 8 
8 -5 7 14 12 11 3 7 14 -5 4 -3 2 1 3 -3 0 9 14 1 
-1 14 14 -7 -11 -6 1 9 6 -12 8 8 13 7 3 6 5 11 -7 8 
-7 14 10 2 -8 1 12 -6 12 4 4 7 6 5 8 2 4 4 13 5 
0 11 -11 2 -14 -5 4 -12 8 -11 9 -3 -14 12 5 -8 -13 3 10 3 
12 -9 10 7 1 9 -14 -7 5 11 11 1 -7 10 14 9 -6 2 -11 9 
-9 11 3 3 5 13 -2 -6 14 7 3 5 13 -11 12 0 14 9 14 7 
13 0 11 9 -6 14 9 12 -7 -5 -2 -9 6 5 3 -14 -12 7 5 4 
9 5 12 3 -7 10 5 7 9 14 11 4 10 14 11 8 10 6 5 8 
4 13 12 -6 3 14 7 0 2 -9 -3 14 6 6 12 3 2 12 -7 -6 
9 -5 3 2 11 3 13 8 10 14 3 5 -7 4 9 3 3 0 1 11 
30
1
8 3
11 16
0
0
