20 20
14 7 5 8 3 -18 12 -2 8 4 8 12 -12 5 11 13 9 -17 -2 -5 
-7 7 4 -14 -2 10 6 9 17 1 17 5 11 4 1 -18 1 -11 -8 3 
10 2 8 -18 6 -11 -10 13 11 -1 1 10 11 8 -8 14 13 5 -6 4 
-12 8 14 10 17 4 7 0 -5 4 19 -8 7 13 11 11 17 5 13 11 
5 16 4 -15 8 6 11 3 10 8 13 -8 7 12 13 10 12 14 16 16 
8 -9 16 4 16 8 -19 19 10 7 2 -13 6 -16 5 2 13 10 4 0 
8 16 9 11 11 -7 1 2 -12 12 14 3 -11 18 17 6 8 0 19 -10 
-19 3 11 7 11 -19 12 -16 14 19 -9 8 4 14 2 16 -2 16 6 7 
-14 2 11 -6 12 12 -19 -1 19 7 10 -7 14 2 14 9 4 4 -2 4 
-11 19 6 15 2 14 -3 10 11 -7 -1 13 10 -10 9 10 11 5 6 18 
18 6 5 11 10 9 -10 10 13 -1 -7 11 10 -3 14 2 15 6 19 -11 
4 -2 4 4 9 14 2 14 -7 10 7 19 -1 -19 12 12 -6 11 2 -14 
7 6 16 -2 16 2 14 4 8 -9 19 14 -16 12 -19 11 7 11 3 -19 
-10 19 0 8 6 17 18 -11 3 14 12 -12 2 1 -7 11 11 9 16 8 
0 4 10 13 2 5 -16 6 -13 2 7 10 19 -19 8 16 4 16 -9 8 
16 16 14 12 10 13 12 7 -8 13 8 10 3 11 6 8 -15 4 16 5 
11 13 5 17 11 11 13 7 -8 19 4 -5 0 7 4 17 10 14 8 -12 
4 -6 5 13 14 -8 8 11 10 1 -1 11 13 -10 -11 6 -18 8 2 10 
3 -8 -11 1 -18 1 4 11 5 17 1 17 9 6 10 -2 -14 4 7 -7 
-5 -2 -17 9 13 11 5 -12 12 8 4 8 -2 12 -18 3 8 5 7 14 
30
1
19 17
0 2
0
0
