20 20
-16 14 21 -4 5 -9 6 -22 3 7 19 -22 -15 24 16 8 18 18 4 20 
-14 24 19 12 25 -23 6 16 -15 1 -21 -11 6 21 13 17 23 2 19 27 
25 15 14 -26 8 -23 23 13 17 25 17 19 12 18 -22 24 8 24 13 13 
5 -13 2 3 -13 24 22 -4 -9 -24 14 27 4 -25 25 10 -11 5 -12 2 
-1 9 12 20 -13 16 -18 -10 0 -7 24 -11 13 26 6 7 14 13 17 -12 
-3 16 2 27 19 10 1 8 -3 11 -18 4 4 21 20 6 -20 0 8 22 
18 -18 5 14 23 18 8 19 16 23 17 -2 17 -14 19 -5 12 17 21 -25 
6 -26 11 18 -3 -14 -4 -17 21 -22 14 13 20 25 4 18 9 20 6 3 
15 7 23 9 15 14 -23 -21 9 12 -23 22 20 15 10 27 -14 25 13 5 
-24 -26 6 -3 -14 19 0 18 -2 4 25 27 21 13 3 -14 -27 7 18 23 
23 18 7 -27 -14 3 13 21 27 25 4 -2 18 0 19 -14 -3 6 -26 -24 
5 13 25 -14 27 10 15 20 22 -23 12 9 -21 -23 14 15 9 23 7 15 
3 6 20 9 18 4 25 20 13 14 -22 21 -17 -4 -14 -3 18 11 -26 6 
-25 21 17 12 -5 19 -14 17 -2 17 23 16 19 8 18 23 14 5 -18 18 
22 8 0 -20 6 20 21 4 4 -18 11 -3 8 1 10 19 27 2 16 -3 
-12 17 13 14 7 6 26 13 -11 24 -7 0 -10 -18 16 -13 20 12 9 -1 
2 -12 5 -11 10 25 -25 4 27 14 -24 -9 -4 22 24 -13 3 2 -13 5 
13 13 24 8 24 -22 18 12 19 17 25 17 13 23 -23 8 -26 14 15 25 
27 19 2 23 17 13 21 6 -11 -21 1 -15 16 6 -23 25 12 19 24 -14 
20 4 18 18 8 16 24 -15 -22 19 7 3 -22 6 -9 5 -4 21 14 -16 
30
1
5 17
14 2
0
0
