20 20
-6 1 -7 8 9 -2 10 12 15 16 -9 16 1 9 -17 10 -2 12 9 13 
8 -11 -2 7 11 15 17 -15 -16 -11 -4 -6 6 5 8 15 -15 10 15 5 
4 2 13 2 8 12 6 -2 1 -15 12 11 15 17 11 -2 12 17 -13 5 
9 -4 -8 -8 6 7 10 -4 -2 -1 -16 17 -5 9 5 12 16 14 13 11 
5 15 9 17 0 -4 12 17 -15 -14 7 11 -16 -14 15 16 4 4 1 0 
6 1 12 -13 2 15 5 12 10 -13 14 -7 -4 -11 13 5 -2 -5 10 15 
11 13 -5 0 12 0 -10 6 16 9 9 16 -1 8 17 16 5 6 4 10 
0 -13 4 7 16 -6 -13 16 -4 17 -14 9 4 13 -8 9 -14 16 -17 8 
17 9 13 16 6 1 6 6 9 10 9 -15 2 14 10 5 -14 14 12 -4 
12 -13 10 16 8 9 10 11 9 -3 11 17 -1 0 10 8 16 -12 13 16 
16 13 -12 16 8 10 0 -1 17 11 -3 9 11 10 9 8 16 10 -13 12 
-4 12 14 -14 5 10 14 2 -15 9 10 9 6 6 1 6 16 13 9 17 
8 -17 16 -14 9 -8 13 4 9 -14 17 -4 16 -13 -6 16 7 4 -13 0 
10 4 6 5 16 17 8 -1 16 9 9 16 6 -10 0 12 0 -5 13 11 
15 10 -5 -2 5 13 -11 -4 -7 14 -13 10 12 5 15 2 -13 12 1 6 
0 1 4 4 16 15 -14 -16 11 7 -14 -15 17 12 -4 0 17 9 15 5 
11 13 14 16 12 5 9 -5 17 -16 -1 -2 -4 10 7 6 -8 -8 -4 9 
5 -13 17 12 -2 11 17 15 11 12 -15 1 -2 6 12 8 2 13 2 4 
5 15 10 -15 15 8 5 6 -6 -4 -11 -16 -15 17 15 11 7 -2 -11 8 
13 9 12 -2 10 -17 9 1 16 -9 16 15 12 10 -2 9 8 -7 1 -6 
30
1
7 1
12 18
0
0
