20 20
-3 -11 25 25 5 14 13 -21 25 7 -8 17 6 12 1 10 24 22 12 11 
3 4 22 11 25 10 -12 20 7 6 2 5 20 12 1 12 18 4 1 2 
-20 -2 -16 19 22 -16 -16 19 -2 -15 16 12 17 6 9 -18 2 2 5 2 
17 -15 0 9 19 21 -6 11 9 15 2 20 22 18 6 23 -22 20 16 -22 
8 12 17 23 18 13 -4 21 18 -3 10 22 -19 11 21 -5 4 -24 19 20 
3 21 -24 11 23 20 3 19 18 2 8 15 -13 17 -23 -20 23 4 14 10 
20 18 4 5 13 1 6 8 23 17 -10 -10 5 23 -13 18 6 24 3 18 
8 21 13 8 19 19 23 -5 10 20 23 5 8 15 21 -13 -25 5 13 18 
19 13 5 -21 19 12 22 24 18 18 21 -21 21 -17 18 23 11 -19 2 9 
14 23 -17 2 13 18 5 5 15 16 -22 14 9 14 11 -16 12 20 25 -1 
-1 25 20 12 -16 11 14 9 14 -22 16 15 5 5 18 13 2 -17 23 14 
9 2 -19 11 23 18 -17 21 -21 21 18 18 24 22 12 19 -21 5 13 19 
18 13 5 -25 -13 21 15 8 5 23 20 10 -5 23 19 19 8 13 21 8 
18 3 24 6 18 -13 23 5 -10 -10 17 23 8 6 1 13 5 4 18 20 
10 14 4 23 -20 -23 17 -13 15 8 2 18 19 3 20 23 11 -24 21 3 
20 19 -24 4 -5 21 11 -19 22 10 -3 18 21 -4 13 18 23 17 12 8 
-22 16 20 -22 23 6 18 22 20 2 15 9 11 -6 21 19 9 0 -15 17 
2 5 2 2 -18 9 6 17 12 16 -15 -2 19 -16 -16 22 19 -16 -2 -20 
2 1 4 18 12 1 12 20 5 2 6 7 20 -12 10 25 11 22 4 3 
11 12 22 24 10 1 12 6 17 -8 7 25 -21 13 14 5 25 25 -11 -3 
30
1
18 2
1 17
0
0
