20 20
16 21 17 -2 8 -20 -21 19 -18 26 6 11 -7 3 -17 5 18 -4 12 -4 
17 19 18 16 -3 20 -7 11 -13 1 -21 12 1 -17 11 -13 19 -4 18 11 
-2 -17 -9 -11 11 18 1 -19 26 -9 11 20 22 9 -13 1 22 15 2 2 
13 16 25 10 21 7 14 25 3 -14 17 -10 12 -22 18 23 21 -24 9 -6 
11 21 -23 -14 -12 5 20 26 14 13 18 -2 11 -19 18 1 25 24 9 8 
21 7 5 9 13 18 23 2 2 -7 -22 15 16 -6 13 2 13 8 21 19 
-4 26 -19 21 5 7 -6 7 11 2 -16 16 -9 -9 21 25 6 25 23 7 
-22 1 13 11 9 24 15 14 -16 7 -5 6 12 20 16 26 7 15 9 3 
13 -9 5 8 12 20 0 3 1 2 -23 8 19 2 -5 2 3 10 -23 20 
-19 16 -17 20 19 -14 18 2 6 -4 26 23 8 -6 18 -20 20 13 19 -2 
-2 19 13 20 -20 18 -6 8 23 26 -4 6 2 18 -14 19 20 -17 16 -19 
20 -23 10 3 2 -5 2 19 8 -23 2 1 3 0 20 12 8 5 -9 13 
3 9 15 7 26 16 20 12 6 -5 7 -16 14 15 24 9 11 13 1 -22 
7 23 25 6 25 21 -9 -9 16 -16 2 11 7 -6 7 5 21 -19 26 -4 
19 21 8 13 2 13 -6 16 15 -22 -7 2 2 23 18 13 9 5 7 21 
8 9 24 25 1 18 -19 11 -2 18 13 14 26 20 5 -12 -14 -23 21 11 
-6 9 -24 21 23 18 -22 12 -10 17 -14 3 25 14 7 21 10 25 16 13 
2 2 15 22 1 -13 9 22 20 11 -9 26 -19 1 18 11 -11 -9 -17 -2 
11 18 -4 19 -13 11 -17 1 12 -21 1 -13 11 -7 20 -3 16 18 19 17 
-4 12 -4 18 5 -17 3 -7 11 6 26 -18 19 -21 -20 8 -2 17 21 16 
30
1
15 4
4 15
0
0
