20 20
-8 5 -7 8 1 14 1 3 11 1 13 1 0 -17 16 5 -12 4 14 -3 
3 11 18 7 1 10 15 18 11 -5 4 19 0 1 4 0 10 6 18 3 
13 -1 2 19 -19 19 3 16 9 2 3 11 -2 19 10 17 14 -9 7 14 
19 15 9 12 4 12 5 7 -4 11 17 -2 -19 9 -7 19 16 7 13 14 
2 8 -8 3 7 7 3 19 18 10 12 7 8 0 0 14 7 -1 4 2 
10 -1 -14 13 7 4 -11 14 11 12 12 10 19 18 9 16 0 4 15 14 
10 8 8 11 -19 2 7 -4 14 16 -8 7 -7 11 13 -6 3 10 -16 5 
12 -13 -5 -6 17 6 15 -12 2 10 6 -10 -3 -1 11 17 9 17 18 -4 
15 -12 4 3 12 13 6 13 2 -14 12 9 15 3 5 -16 8 17 4 5 
1 -16 14 1 5 13 -1 -12 9 -4 12 14 5 15 -2 6 -13 5 18 -15 
-15 18 5 -13 6 -2 15 5 14 12 -4 9 -12 -1 13 5 1 14 -16 1 
5 4 17 8 -16 5 3 15 9 12 -14 2 13 6 13 12 3 4 -12 15 
-4 18 17 9 17 11 -1 -3 -10 6 10 2 -12 15 6 17 -6 -5 -13 12 
5 -16 10 3 -6 13 11 -7 7 -8 16 14 -4 7 2 -19 11 8 8 10 
14 15 4 0 16 9 18 19 10 12 12 11 14 -11 4 7 13 -14 -1 10 
2 4 -1 7 14 0 0 8 7 12 10 18 19 3 7 7 3 -8 8 2 
14 13 7 16 19 -7 9 -19 -2 17 11 -4 7 5 12 4 12 9 15 19 
14 7 -9 14 17 10 19 -2 11 3 2 9 16 3 19 -19 19 2 -1 13 
3 18 6 10 0 4 1 0 19 4 -5 11 18 15 10 1 7 18 11 3 
-3 14 4 -12 5 16 -17 0 1 13 1 11 3 1 14 1 8 -7 5 -8 
30
1
11 10
8 9
0
0
