20 20
-16 15 -9 -18 20 -14 11 7 12 6 19 -15 1 14 7 1 11 -9 11 -1 
14 15 -19 19 -5 0 4 11 12 13 -17 -3 3 -14 7 17 13 12 -1 -11 
7 -11 -6 1 4 13 4 1 9 -5 -11 7 6 13 9 3 14 -6 4 10 
10 5 4 16 1 2 7 -1 5 1 -8 2 7 2 9 1 19 -19 20 15 
9 13 -3 -17 1 1 7 -12 -16 -17 -20 18 18 10 15 14 -10 5 1 16 
10 -19 -4 -5 5 16 -19 -4 16 -9 -3 10 19 5 -9 8 19 15 1 16 
16 -13 5 19 3 -5 -11 -5 2 5 5 -2 17 4 19 16 8 6 8 -10 
2 6 -10 12 18 -5 0 -20 17 11 12 -5 14 -2 10 19 2 -6 19 5 
1 -17 4 13 -18 -12 2 14 5 14 4 -15 -14 0 6 -19 19 0 17 11 
-12 13 11 10 16 10 -19 18 1 4 1 10 -15 14 8 9 12 19 18 -19 
-19 18 19 12 9 8 14 -15 10 1 4 1 18 -19 10 16 10 11 13 -12 
11 17 0 19 -19 6 0 -14 -15 4 14 5 14 2 -12 -18 13 4 -17 1 
5 19 -6 2 19 10 -2 14 -5 12 11 17 -20 0 -5 18 12 -10 6 2 
-10 8 6 8 16 19 4 17 -2 5 5 2 -5 -11 -5 3 19 5 -13 16 
16 1 15 19 8 -9 5 19 10 -3 -9 16 -4 -19 16 5 -5 -4 -19 10 
16 1 5 -10 14 15 10 18 18 -20 -17 -16 -12 7 1 1 -17 -3 13 9 
15 20 -19 19 1 9 2 7 2 -8 1 5 -1 7 2 1 16 4 5 10 
10 4 -6 14 3 9 13 6 7 -11 -5 9 1 4 13 4 1 -6 -11 7 
-11 -1 12 13 17 7 -14 3 -3 -17 13 12 11 4 0 -5 19 -19 15 14 
-1 11 -9 11 1 7 14 1 -15 19 6 12 7 11 -14 20 -18 -9 15 -16 
30
1
6 0
13 19
0
0
