20 20
5 16 3 22 19 13 3 9 -21 3 6 10 15 -18 23 21 -22 -23 19 11 
12 2 13 -23 8 6 16 7 -1 8 5 13 -1 -23 2 12 3 20 6 -22 
17 -4 5 22 3 5 1 9 22 17 8 10 12 21 12 9 9 -2 -11 -2 
-4 19 -9 12 19 -16 4 -9 3 -7 3 10 9 14 16 0 -15 1 17 -23 
18 4 17 13 21 20 8 16 10 7 22 21 19 18 -20 8 11 9 -22 4 
17 6 21 5 -1 22 22 12 12 12 14 -18 17 4 7 1 8 16 12 22 
-4 -10 -17 0 19 8 6 17 3 10 11 -10 19 2 15 7 5 4 -1 9 
-4 -3 11 -7 11 15 11 11 10 15 -21 19 12 7 23 8 15 12 17 11 
17 20 -4 15 -6 4 14 17 -14 21 14 9 -5 3 19 -1 21 9 11 18 
17 8 23 5 8 -8 11 23 -22 1 13 17 -5 4 15 -15 -11 9 -4 15 
15 -4 9 -11 -15 15 4 -5 17 13 1 -22 23 11 -8 8 5 23 8 17 
18 11 9 21 -1 19 3 -5 9 14 21 -14 17 14 4 -6 15 -4 20 17 
11 17 12 15 8 23 7 12 19 -21 15 10 11 11 15 11 -7 11 -3 -4 
9 -1 4 5 7 15 2 19 -10 11 10 3 17 6 8 19 0 -17 -10 -4 
22 12 16 8 1 7 4 17 -18 14 12 12 12 22 22 -1 5 21 6 17 
4 -22 9 11 8 -20 18 19 21 22 7 10 16 8 20 21 13 17 4 18 
-23 17 1 -15 0 16 14 9 10 3 -7 3 -9 4 -16 19 12 -9 19 -4 
-2 -11 -2 9 9 12 21 12 10 8 17 22 9 1 5 3 22 5 -4 17 
-22 6 20 3 12 2 -23 -1 13 5 8 -1 7 16 6 8 -23 13 2 12 
11 19 -23 -22 21 23 -18 15 10 6 3 -21 9 3 13 19 22 3 16 5 
30
1
10 19
9 0
0
0
