20 20
-11 -12 11 -11 9 25 14 17 18 4 -21 -18 -24 -3 6 14 -24 -12 8 12 
17 13 23 20 -27 -25 9 17 20 21 20 8 -22 -3 16 0 24 25 3 28 
10 24 10 25 21 -20 -11 12 7 15 -28 25 9 8 28 4 23 3 26 5 
0 -26 3 8 19 9 21 14 6 6 7 -13 -3 -27 -25 12 28 23 -3 20 
-20 -16 -25 7 19 -24 9 -12 -16 9 16 -22 17 11 10 28 20 4 5 28 
1 -8 28 4 2 18 28 27 11 10 27 4 -2 -6 3 18 -20 -21 7 14 
27 15 10 16 17 25 17 17 28 19 -20 15 -11 -18 6 14 -11 23 -20 23 
13 -20 12 -5 7 19 -13 9 3 17 -24 0 -27 10 0 5 19 25 7 0 
5 24 -22 -2 5 14 6 6 14 15 18 1 0 4 21 26 15 11 10 20 
9 -8 4 20 20 20 19 3 22 1 -12 21 24 20 10 9 10 15 12 9 
9 12 15 10 9 10 20 24 21 -12 1 22 3 19 20 20 20 4 -8 9 
20 10 11 15 26 21 4 0 1 18 15 14 6 6 14 5 -2 -22 24 5 
0 7 25 19 5 0 10 -27 0 -24 17 3 9 -13 19 7 -5 12 -20 13 
23 -20 23 -11 14 6 -18 -11 15 -20 19 28 17 17 25 17 16 10 15 27 
14 7 -21 -20 18 3 -6 -2 4 27 10 11 27 28 18 2 4 28 -8 1 
28 5 4 20 28 10 11 17 -22 16 9 -16 -12 9 -24 19 7 -25 -16 -20 
20 -3 23 28 12 -25 -27 -3 -13 7 6 6 14 21 9 19 8 3 -26 0 
5 26 3 23 4 28 8 9 25 -28 15 7 12 -11 -20 21 25 10 24 10 
28 3 25 24 0 16 -3 -22 8 20 21 20 17 9 -25 -27 20 23 13 17 
12 8 -12 -24 14 6 -3 -24 -18 -21 4 18 17 14 25 9 -11 11 -12 -11 
30
1
17 16
2 3
0
0
