20 20
12 6 -11 4 2 -4 3 6 4 12 13 6 8 -4 0 -11 -13 9 9 6 
-3 5 6 12 -4 0 7 10 6 3 2 -6 -13 9 -12 7 -7 -11 8 4 
-3 4 9 8 7 4 10 -2 3 -3 7 12 -3 -1 6 -10 10 11 7 1 
5 -7 6 7 8 12 -5 0 13 -6 11 8 12 4 13 8 1 3 11 8 
13 5 -5 -5 0 -4 7 2 3 10 3 9 11 6 12 -4 8 8 11 5 
5 -6 7 6 9 1 -4 3 7 5 -13 11 9 11 11 1 5 0 11 12 
2 -6 7 7 9 1 6 0 7 1 10 -2 13 8 4 -9 0 7 -6 11 
13 -9 6 11 -4 2 -8 11 8 8 -9 13 6 5 11 6 12 10 1 11 
-11 -3 8 -8 7 2 -5 6 0 3 -1 10 12 5 8 -13 3 9 2 2 
-1 -7 0 8 2 4 11 0 8 2 6 7 12 13 12 7 6 1 -12 13 
13 -12 1 6 7 12 13 12 7 6 2 8 0 11 4 2 8 0 -7 -1 
2 2 9 3 -13 8 5 12 10 -1 3 0 6 -5 2 7 -8 8 -3 -11 
11 1 10 12 6 11 5 6 13 -9 8 8 11 -8 2 -4 11 6 -9 13 
11 -6 7 0 -9 4 8 13 -2 10 1 7 0 6 1 9 7 7 -6 2 
12 11 0 5 1 11 11 9 11 -13 5 7 3 -4 1 9 6 7 -6 5 
5 11 8 8 -4 12 6 11 9 3 10 3 2 7 -4 0 -5 -5 5 13 
8 11 3 1 8 13 4 12 8 11 -6 13 0 -5 12 8 7 6 -7 5 
1 7 11 10 -10 6 -1 -3 12 7 -3 3 -2 10 4 7 8 9 4 -3 
4 8 -11 -7 7 -12 9 -13 -6 2 3 6 10 7 0 -4 12 6 5 -3 
6 9 9 -13 -11 0 -4 8 6 13 12 4 6 3 -4 2 4 -11 6 12 
30
1
12 17
7 2
0
0
