20 20
7 12 6 -1 14 -6 16 -6 18 13 1 -12 8 9 -19 -13 4 4 4 2 
7 0 13 14 -2 16 3 7 16 2 16 -5 -12 -13 0 0 7 18 0 3 
4 4 1 2 0 6 15 -1 0 11 -14 15 -3 -19 1 16 17 5 6 8 
13 16 2 -12 6 -11 5 18 9 15 -10 -1 19 -4 11 1 7 17 3 9 
0 3 19 9 12 17 11 1 3 13 4 5 -15 -15 11 19 17 -10 13 14 
16 -9 -12 17 7 15 2 -8 11 4 -4 1 4 13 -8 2 -14 8 14 12 
15 5 15 19 13 -15 2 10 9 13 8 3 0 -16 0 -1 17 -6 -2 -1 
15 -9 15 13 3 10 1 14 19 13 17 -2 9 1 -5 11 13 5 1 4 
18 7 10 11 -17 13 -14 9 -9 -8 19 -5 16 13 10 15 11 0 13 -1 
-10 17 9 1 16 -1 2 5 -5 14 -18 1 18 10 -4 1 -13 14 1 14 
14 1 14 -13 1 -4 10 18 1 -18 14 -5 5 2 -1 16 1 9 17 -10 
-1 13 0 11 15 10 13 16 -5 19 -8 -9 9 -14 13 -17 11 10 7 18 
4 1 5 13 11 -5 1 9 -2 17 13 19 14 1 10 3 13 15 -9 15 
-1 -2 -6 17 -1 0 -16 0 3 8 13 9 10 2 -15 13 19 15 5 15 
12 14 8 -14 2 -8 13 4 1 -4 4 11 -8 2 15 7 17 -12 -9 16 
14 13 -10 17 19 11 -15 -15 5 4 13 3 1 11 17 12 9 19 3 0 
9 3 17 7 1 11 -4 19 -1 -10 15 9 18 5 -11 6 -12 2 16 13 
8 6 5 17 16 1 -19 -3 15 -14 11 0 -1 15 6 0 2 1 4 4 
3 0 18 7 0 0 -13 -12 -5 16 2 16 7 3 16 -2 14 13 0 7 
2 4 4 4 -13 -19 9 8 -12 1 13 18 -6 16 -6 14 -1 6 12 7 
30
1
14 12
5 7
0
0
