20 20
7 -22 12 23 18 9 21 -21 16 -13 5 14 22 2 -23 -8 14 11 16 20 
7 11 -11 2 21 -15 8 5 14 2 20 7 -24 0 0 -11 -19 9 10 19 
15 19 -8 -22 -5 5 -22 -13 1 15 4 12 4 -7 15 8 19 20 24 -14 
17 17 22 20 0 -5 23 2 1 0 10 5 8 8 7 -4 23 11 10 23 
2 -22 10 -6 20 21 4 20 17 -6 -6 19 2 10 13 21 15 24 24 17 
1 20 5 -5 14 -21 13 22 20 16 22 21 10 15 17 -2 20 7 11 12 
1 18 10 13 -14 16 1 -19 23 5 23 22 7 4 -22 -22 8 2 0 20 
8 23 9 5 22 5 -6 10 13 6 17 15 8 22 -11 4 19 19 16 8 
7 17 5 -3 9 -6 8 18 -20 7 3 5 12 -10 18 8 24 2 24 11 
4 13 2 9 2 -8 12 4 9 -6 20 -1 -12 17 8 -20 -4 15 24 -7 
-7 24 15 -4 -20 8 17 -12 -1 20 -6 9 4 12 -8 2 9 2 13 4 
11 24 2 24 8 18 -10 12 5 3 7 -20 18 8 -6 9 -3 5 17 7 
8 16 19 19 4 -11 22 8 15 17 6 13 10 -6 5 22 5 9 23 8 
20 0 2 8 -22 -22 4 7 22 23 5 23 -19 1 16 -14 13 10 18 1 
12 11 7 20 -2 17 15 10 21 22 16 20 22 13 -21 14 -5 5 20 1 
17 24 24 15 21 13 10 2 19 -6 -6 17 20 4 21 20 -6 10 -22 2 
23 10 11 23 -4 7 8 8 5 10 0 1 2 23 -5 0 20 22 17 17 
-14 24 20 19 8 15 -7 4 12 4 15 1 -13 -22 5 -5 -22 -8 19 15 
19 10 9 -19 -11 0 0 -24 7 20 2 14 5 8 -15 21 2 -11 11 7 
20 16 11 14 -8 -23 2 22 14 5 -13 16 -21 21 9 18 23 12 -22 7 
30
1
10 14
9 5
0
0
