20 20
15 -2 10 -7 18 -24 15 -3 10 14 -16 -25 14 -27 13 12 -12 1 11 15 
-2 -17 -19 25 9 14 21 12 5 9 -16 13 18 3 13 23 19 3 23 2 
-12 -17 12 16 21 15 24 27 17 9 -4 25 1 20 20 5 22 -13 25 14 
-12 26 20 -11 17 6 -4 11 5 14 27 13 18 10 12 1 26 -6 6 1 
10 18 -2 27 26 23 20 15 2 13 11 15 12 15 12 2 7 -23 6 -4 
3 17 27 6 7 11 -15 23 -27 21 14 3 1 -22 20 -23 2 22 22 18 
3 -9 -18 19 12 3 2 26 -11 14 18 10 2 2 -25 7 13 5 15 16 
16 19 -24 5 7 -1 24 22 -25 0 3 -24 14 -15 6 -13 -1 -25 25 17 
-24 24 4 8 13 18 14 25 -15 22 12 -2 14 27 -15 0 16 9 21 24 
-7 -24 22 -25 27 -18 21 3 27 -1 -24 -25 19 25 -1 17 25 -11 25 21 
21 25 -11 25 17 -1 25 19 -25 -24 -1 27 3 21 -18 27 -25 22 -24 -7 
24 21 9 16 0 -15 27 14 -2 12 22 -15 25 14 18 13 8 4 24 -24 
17 25 -25 -1 -13 6 -15 14 -24 3 0 -25 22 24 -1 7 5 -24 19 16 
16 15 5 13 7 -25 2 2 10 18 14 -11 26 2 3 12 19 -18 -9 3 
18 22 22 2 -23 20 -22 1 3 14 21 -27 23 -15 11 7 6 27 17 3 
-4 6 -23 7 2 12 15 12 15 11 13 2 15 20 23 26 27 -2 18 10 
1 6 -6 26 1 12 10 18 13 27 14 5 11 -4 6 17 -11 20 26 -12 
14 25 -13 22 5 20 20 1 25 -4 9 17 27 24 15 21 16 12 -17 -12 
2 23 3 19 23 13 3 18 13 -16 9 5 12 21 14 9 25 -19 -17 -2 
15 11 1 -12 12 13 -27 14 -25 -16 14 10 -3 15 -24 18 -7 10 -2 15 
30
1
19 15
0 4
0
0
