20 20
-1 9 8 -7 -2 -1 -8 7 2 -6 8 6 1 1 7 -8 2 9 2 -8 
6 3 7 6 -7 8 6 5 1 4 10 -1 7 0 2 4 9 -1 2 3 
6 5 5 -8 7 3 6 0 8 6 10 9 8 8 2 -4 -5 4 3 0 
-10 9 2 8 2 1 7 -2 9 6 2 3 -4 8 -3 5 -5 1 7 4 
8 3 4 3 5 -1 6 3 9 7 10 1 2 1 7 8 3 6 -10 -3 
1 4 5 9 8 5 8 2 7 2 -3 7 -4 4 3 9 -9 2 0 5 
10 4 7 -3 9 1 5 6 8 0 4 5 2 1 8 4 5 1 -1 -10 
-6 -10 0 9 1 3 9 -6 10 -6 -9 9 9 10 8 6 7 3 7 -1 
4 -5 -5 4 8 6 7 7 6 4 4 9 -4 4 3 9 -6 2 -6 1 
-6 2 6 7 -10 5 10 1 3 5 10 8 5 4 6 8 10 10 2 10 
10 2 10 10 8 6 4 5 8 10 5 3 1 10 5 -10 7 6 2 -6 
1 -6 2 -6 9 3 4 -4 9 4 4 6 7 7 6 8 4 -5 -5 4 
-1 7 3 7 6 8 10 9 9 -9 -6 10 -6 9 3 1 9 0 -10 -6 
-10 -1 1 5 4 8 1 2 5 4 0 8 6 5 1 9 -3 7 4 10 
5 0 2 -9 9 3 4 -4 7 -3 2 7 2 8 5 8 9 5 4 1 
-3 -10 6 3 8 7 1 2 1 10 7 9 3 6 -1 5 3 4 3 8 
4 7 1 -5 5 -3 8 -4 3 2 6 9 -2 7 1 2 8 2 9 -10 
0 3 4 -5 -4 2 8 8 9 10 6 8 0 6 3 7 -8 5 5 6 
3 2 -1 9 4 2 0 7 -1 10 4 1 5 6 8 -7 6 7 3 6 
-8 2 9 2 -8 7 1 1 6 8 -6 2 7 -8 -1 -2 -7 8 9 -1 
30
1
3 19
16 0
0
0
