20 20
9 17 14 17 10 -4 18 19 4 7 14 -19 -6 10 -2 -19 -1 12 10 1 
21 12 -7 15 20 -17 20 -9 -16 -19 15 1 8 19 -6 18 21 18 12 7 
21 -8 12 15 16 7 -18 -20 -19 11 17 18 -4 -8 -17 19 9 -5 13 19 
-21 13 2 9 8 -17 7 19 -12 11 18 18 7 16 8 19 -18 8 12 16 
-8 19 14 -3 5 15 -8 21 19 16 4 1 -16 -5 18 11 4 -15 3 19 
2 3 0 4 5 -18 8 17 -16 5 7 -6 16 8 7 8 11 4 7 12 
18 6 5 -5 15 11 14 1 5 11 14 20 -1 19 21 19 13 -7 19 11 
-3 -16 18 9 -16 7 6 8 18 14 -12 19 9 13 0 16 11 -4 6 16 
9 11 13 8 13 -21 6 1 18 -19 -9 16 20 -21 8 6 3 -6 19 17 
7 -12 17 21 -13 -21 19 21 -5 7 20 10 1 8 9 1 9 8 11 17 
17 11 8 9 1 9 8 1 10 20 7 -5 21 19 -21 -13 21 17 -12 7 
17 19 -6 3 6 8 -21 20 16 -9 -19 18 1 6 -21 13 8 13 11 9 
16 6 -4 11 16 0 13 9 19 -12 14 18 8 6 7 -16 9 18 -16 -3 
11 19 -7 13 19 21 19 -1 20 14 11 5 1 14 11 15 -5 5 6 18 
12 7 4 11 8 7 8 16 -6 7 5 -16 17 8 -18 5 4 0 3 2 
19 3 -15 4 11 18 -5 -16 1 4 16 19 21 -8 15 5 -3 14 19 -8 
16 12 8 -18 19 8 16 7 18 18 11 -12 19 7 -17 8 9 2 13 -21 
19 13 -5 9 19 -17 -8 -4 18 17 11 -19 -20 -18 7 16 15 12 -8 21 
7 12 18 21 18 -6 19 8 1 15 -19 -16 -9 20 -17 20 15 -7 12 21 
1 10 12 -1 -19 -2 10 -6 -19 14 7 4 19 18 -4 10 17 14 17 9 
30
1
16 15
3 4
0
0
