20 20
1 -12 -8 -13 9 -7 -7 13 -3 3 1 3 2 0 7 1 -3 -13 3 -3 
4 10 4 12 9 -9 9 9 2 9 9 6 0 3 2 1 8 1 8 2 
2 12 13 5 -9 12 2 4 10 9 11 -3 12 1 -8 13 -10 -9 -12 -11 
12 -6 -7 9 9 -9 1 12 -10 3 13 12 3 11 9 4 9 -12 5 -4 
8 3 7 3 11 7 0 -10 0 9 13 -1 13 9 11 13 6 9 11 4 
-4 -5 -3 -8 -12 -13 6 8 2 7 1 5 0 3 11 4 3 2 6 12 
1 0 1 0 6 -10 -8 3 -10 -4 0 6 8 1 1 -13 6 -3 9 3 
1 2 11 9 -5 7 9 3 9 1 8 -6 5 11 8 -13 5 3 2 4 
12 12 5 4 4 12 6 6 2 9 5 -9 -11 13 6 11 7 2 0 13 
-1 2 2 10 -13 7 5 3 2 5 6 1 -7 1 7 2 10 -2 12 -7 
-7 12 -2 10 2 7 1 -7 1 6 5 2 3 5 7 -13 10 2 2 -1 
13 0 2 7 11 6 13 -11 -9 5 9 2 6 6 12 4 4 5 12 12 
4 2 3 5 -13 8 11 5 -6 8 1 9 3 9 7 -5 9 11 2 1 
3 9 -3 6 -13 1 1 8 6 0 -4 -10 3 -8 -10 6 0 1 0 1 
12 6 2 3 4 11 3 0 5 1 7 2 8 6 -13 -12 -8 -3 -5 -4 
4 11 9 6 13 11 9 13 -1 13 9 0 -10 0 7 11 3 7 3 8 
-4 5 -12 9 4 9 11 3 12 13 3 -10 12 1 -9 9 9 -7 -6 12 
-11 -12 -9 -10 13 -8 1 12 -3 11 9 10 4 2 12 -9 5 13 12 2 
2 8 1 8 1 2 3 0 6 9 9 2 9 9 -9 9 12 4 10 4 
-3 3 -13 -3 1 7 0 2 3 1 3 -3 13 -7 -7 9 -13 -8 -12 1 
30
1
17 14
2 5
0
0
