20 20
-17 -15 -16 7 -25 1 -20 16 5 17 13 13 25 -16 -18 19 19 -21 14 -16 
21 -14 8 1 23 8 -9 19 4 14 14 17 22 25 -22 19 9 -24 17 24 
-12 9 8 -15 14 -26 6 22 -24 2 -12 -1 3 12 23 15 -2 0 12 5 
-17 12 3 23 -11 14 7 23 7 8 22 -14 25 14 11 -3 -25 21 -7 21 
20 6 16 1 6 -3 10 21 1 12 -3 17 -18 17 -14 12 23 -5 16 -12 
24 18 -4 17 11 5 16 -7 19 21 -21 8 1 26 5 3 -16 -2 26 7 
6 25 11 9 -19 21 12 -15 -17 -2 19 -24 -10 4 -24 -19 4 -16 13 -26 
-13 4 15 14 26 12 8 14 11 -1 -4 16 0 23 16 18 -5 6 -22 18 
17 -5 2 26 19 2 -7 6 6 25 23 24 18 8 17 18 24 5 20 14 
-2 21 4 15 -21 0 9 16 18 19 20 25 19 -24 3 26 15 19 8 24 
24 8 19 15 26 3 -24 19 25 20 19 18 16 9 0 -21 15 4 21 -2 
14 20 5 24 18 17 8 18 24 23 25 6 6 -7 2 19 26 2 -5 17 
18 -22 6 -5 18 16 23 0 16 -4 -1 11 14 8 12 26 14 15 4 -13 
-26 13 -16 4 -19 -24 4 -10 -24 19 -2 -17 -15 12 21 -19 9 11 25 6 
7 26 -2 -16 3 5 26 1 8 -21 21 19 -7 16 5 11 17 -4 18 24 
-12 16 -5 23 12 -14 17 -18 17 -3 12 1 21 10 -3 6 1 16 6 20 
21 -7 21 -25 -3 11 14 25 -14 22 8 7 23 7 14 -11 23 3 12 -17 
5 12 0 -2 15 23 12 3 -1 -12 2 -24 22 6 -26 14 -15 8 9 -12 
24 17 -24 9 19 -22 25 22 17 14 14 4 19 -9 8 23 1 8 -14 21 
-16 14 -21 19 19 -18 -16 25 13 13 17 5 16 -20 1 -25 7 -16 -15 -17 
30
1
5 10
14 9
0
0
