20 20
4 -7 -8 15 8 15 14 7 -6 -17 5 8 -7 17 2 18 -12 15 -3 -16 
18 -15 7 14 6 6 13 -12 12 2 17 -16 1 -11 -7 13 8 7 -6 -7 
5 -6 13 -16 13 15 0 -3 3 12 -13 6 9 10 3 17 10 8 17 -16 
8 17 9 6 5 10 7 14 10 -14 -15 14 5 -10 12 10 1 9 -9 1 
14 6 6 18 1 2 18 14 0 2 12 8 12 -5 18 2 3 -13 13 -12 
-3 17 -10 -13 -9 -17 17 13 6 4 15 16 -1 14 -16 12 5 14 7 -8 
-7 4 -5 2 8 4 17 9 0 16 14 -4 8 -16 -11 9 3 1 7 14 
7 17 8 3 -14 1 15 -6 -18 11 5 6 18 -2 4 9 4 9 3 12 
2 15 15 16 -5 17 16 18 -18 10 -6 14 7 14 1 13 -13 7 6 12 
2 0 12 10 15 10 10 10 6 15 -5 -17 9 14 12 15 -16 11 -7 11 
11 -7 11 -16 15 12 14 9 -17 -5 15 6 10 10 10 15 10 12 0 2 
12 6 7 -13 13 1 14 7 14 -6 10 -18 18 16 17 -5 16 15 15 2 
12 3 9 4 9 4 -2 18 6 5 11 -18 -6 15 1 -14 3 8 17 7 
14 7 1 3 9 -11 -16 8 -4 14 16 0 9 17 4 8 2 -5 4 -7 
-8 7 14 5 12 -16 14 -1 16 15 4 6 13 17 -17 -9 -13 -10 17 -3 
-12 13 -13 3 2 18 -5 12 8 12 2 0 14 18 2 1 18 6 6 14 
1 -9 9 1 10 12 -10 5 14 -15 -14 10 14 7 10 5 6 9 17 8 
-16 17 8 10 17 3 10 9 6 -13 12 3 -3 0 15 13 -16 13 -6 5 
-7 -6 7 8 13 -7 -11 1 -16 17 2 12 -12 13 6 6 14 7 -15 18 
-16 -3 15 -12 18 2 17 -7 8 5 -17 -6 7 14 15 8 15 -8 -7 4 
30
1
9 7
10 12
0
0
