20 20
4 12 11 -13 5 -2 -6 -10 13 -11 -10 7 12 13 3 -4 13 8 9 0 
4 9 11 3 -8 14 2 1 10 6 -4 8 13 8 -7 -11 -1 13 3 12 
2 13 -10 3 10 10 -9 -5 11 -2 13 6 13 9 7 0 6 10 9 12 
5 5 10 10 8 -6 -3 -2 2 8 7 11 -14 -7 10 3 3 5 -6 13 
6 -9 4 8 7 -9 -11 -12 14 -7 -13 2 1 -2 -1 10 11 14 7 1 
7 8 -8 4 3 -1 11 14 1 0 11 8 5 6 8 0 3 -5 8 -1 
7 2 12 3 -11 1 9 12 5 7 5 9 12 13 14 10 -1 5 4 7 
1 9 6 1 -3 1 9 4 9 6 7 12 3 9 -4 8 -3 2 10 0 
8 2 12 -1 13 11 6 5 12 -11 6 -13 -9 1 10 4 -14 -13 13 14 
10 8 8 3 4 6 14 8 -6 -12 13 7 -9 4 14 9 4 5 -1 11 
11 -1 5 4 9 14 4 -9 7 13 -12 -6 8 14 6 4 3 8 8 10 
14 13 -13 -14 4 10 1 -9 -13 6 -11 12 5 6 11 13 -1 12 2 8 
0 10 2 -3 8 -4 9 3 12 7 6 9 4 9 1 -3 1 6 9 1 
7 4 5 -1 10 14 13 12 9 5 7 5 12 9 1 -11 3 12 2 7 
-1 8 -5 3 0 8 6 5 8 11 0 1 14 11 -1 3 4 -8 8 7 
1 7 14 11 10 -1 -2 1 2 -13 -7 14 -12 -11 -9 7 8 4 -9 6 
13 -6 5 3 3 10 -7 -14 11 7 8 2 -2 -3 -6 8 10 10 5 5 
12 9 10 6 0 7 9 13 6 13 -2 11 -5 -9 10 10 3 -10 13 2 
12 3 13 -1 -11 -7 8 13 8 -4 6 10 1 2 14 -8 3 11 9 4 
0 9 8 13 -4 3 13 12 7 -10 -11 13 -10 -6 -2 5 -13 11 12 4 
30
1
17 10
2 9
0
0
