20 20
-20 19 4 13 7 22 -5 4 -9 11 14 16 -8 8 20 4 -4 -21 -19 3 
4 11 -22 -5 -3 17 -21 -23 13 3 9 1 17 6 6 15 13 -18 14 -7 
1 16 3 12 -17 4 11 16 5 11 5 3 19 11 10 22 -3 -3 -18 1 
21 1 3 -1 15 8 19 -22 -7 20 14 5 -23 4 -1 -18 21 -20 -3 11 
0 12 4 10 16 13 11 15 1 -5 3 -2 5 -1 -13 -18 16 11 19 5 
-9 -6 0 2 23 21 6 18 22 -10 21 23 5 -9 12 23 20 -4 -17 7 
-3 22 7 16 6 23 -22 22 -1 0 -10 17 4 3 2 11 22 -15 12 14 
5 10 8 -16 14 14 -3 15 14 23 8 -22 5 -17 22 10 -14 14 21 -3 
6 7 0 19 -4 22 5 1 -1 12 18 19 -21 2 0 17 2 -8 5 16 
-18 -20 -10 10 3 5 14 20 22 21 21 9 7 17 18 -1 19 4 7 5 
5 7 4 19 -1 18 17 7 9 21 21 22 20 14 5 3 10 -10 -20 -18 
16 5 -8 2 17 0 2 -21 19 18 12 -1 1 5 22 -4 19 0 7 6 
-3 21 14 -14 10 22 -17 5 -22 8 23 14 15 -3 14 14 -16 8 10 5 
14 12 -15 22 11 2 3 4 17 -10 0 -1 22 -22 23 6 16 7 22 -3 
7 -17 -4 20 23 12 -9 5 23 21 -10 22 18 6 21 23 2 0 -6 -9 
5 19 11 16 -18 -13 -1 5 -2 3 -5 1 15 11 13 16 10 4 12 0 
11 -3 -20 21 -18 -1 4 -23 5 14 20 -7 -22 19 8 15 -1 3 1 21 
1 -18 -3 -3 22 10 11 19 3 5 11 5 16 11 4 -17 12 3 16 1 
-7 14 -18 13 15 6 6 17 1 9 3 13 -23 -21 17 -3 -5 -22 11 4 
3 -19 -21 -4 4 20 8 -8 16 14 11 -9 4 -5 22 7 13 4 19 -20 
30
1
17 0
2 19
0
0
