20 20
-6 -4 -5 11 -1 7 11 -1 -6 2 11 7 3 2 1 6 8 9 8 7 
3 -13 -8 5 6 8 6 9 6 -8 -3 -12 10 13 5 6 8 -4 11 -8 
2 0 11 -1 -13 5 10 11 11 2 6 -3 12 2 -5 9 4 1 6 7 
4 2 12 10 4 -12 0 8 9 8 2 4 5 9 -7 -10 12 -10 1 10 
6 1 8 1 -9 5 -12 7 10 5 4 -8 7 13 5 -4 13 -5 9 13 
8 -2 0 1 7 -6 12 8 8 3 1 4 1 -10 8 7 4 12 -13 2 
13 -9 7 -1 12 1 -13 2 -2 8 1 -6 4 11 13 8 2 6 9 9 
2 -1 1 2 2 10 8 8 -12 -4 3 -6 12 11 -3 -2 5 -3 -6 -10 
6 -3 -7 6 10 5 3 4 5 13 8 9 2 1 1 -6 13 2 -12 9 
-11 11 8 0 -12 5 8 6 3 -11 5 -8 -1 0 0 4 1 6 4 8 
8 4 6 1 4 0 0 -1 -8 5 -11 3 6 8 5 -12 0 8 11 -11 
9 -12 2 13 -6 1 1 2 9 8 13 5 4 3 5 10 6 -7 -3 6 
-10 -6 -3 5 -2 -3 11 12 -6 3 -4 -12 8 8 10 2 2 1 -1 2 
9 9 6 2 8 13 11 4 -6 1 8 -2 2 -13 1 12 -1 7 -9 13 
2 -13 12 4 7 8 -10 1 4 1 3 8 8 12 -6 7 1 0 -2 8 
13 9 -5 13 -4 5 13 7 -8 4 5 10 7 -12 5 -9 1 8 1 6 
10 1 -10 12 -10 -7 9 5 4 2 8 9 8 0 -12 4 10 12 2 4 
7 6 1 4 9 -5 2 12 -3 6 2 11 11 10 5 -13 -1 11 0 2 
-8 11 -4 8 6 5 13 10 -12 -3 -8 6 9 6 8 6 5 -8 -13 3 
7 8 9 8 6 1 2 3 7 11 2 -6 -1 11 7 -1 11 -5 -4 -6 
30
1
16 0
3 19
0
0
