20 20
1 6 7 -8 1 -6 1 8 3 1 4 -8 4 11 9 3 -7 2 8 5 
2 1 6 8 -2 1 5 -8 9 7 8 6 4 7 1 5 -8 -9 11 6 
1 5 8 -9 6 -4 -4 5 6 1 10 7 4 7 10 5 9 6 10 3 
1 4 1 -4 2 1 7 0 7 5 -8 2 9 8 3 11 5 6 -2 -2 
10 2 7 6 0 6 8 7 9 2 8 4 2 1 3 9 -10 4 8 11 
-11 9 8 3 11 0 5 11 1 -10 3 8 1 -3 4 2 4 6 8 -4 
10 7 7 8 4 9 -5 6 8 3 9 0 1 -6 1 11 1 10 3 -7 
4 11 2 6 -3 -10 0 -1 0 2 -11 11 10 10 5 2 -9 10 6 -4 
6 4 -2 11 -5 3 10 11 -5 11 0 5 8 3 -7 -8 -4 1 0 -3 
5 11 4 4 -11 9 7 6 5 10 8 4 7 -9 6 10 -9 8 10 7 
7 10 8 -9 10 6 -9 7 4 8 10 5 6 7 9 -11 4 4 11 5 
-3 0 1 -4 -8 -7 3 8 5 0 11 -5 11 10 3 -5 11 -2 4 6 
-4 6 10 -9 2 5 10 10 11 -11 2 0 -1 0 -10 -3 6 2 11 4 
-7 3 10 1 11 1 -6 1 0 9 3 8 6 -5 9 4 8 7 7 10 
-4 8 6 4 2 4 -3 1 8 3 -10 1 11 5 0 11 3 8 9 -11 
11 8 4 -10 9 3 1 2 4 8 2 9 7 8 6 0 6 7 2 10 
-2 -2 6 5 11 3 8 9 2 -8 5 7 0 7 1 2 -4 1 4 1 
3 10 6 9 5 10 7 4 7 10 1 6 5 -4 -4 6 -9 8 5 1 
6 11 -9 -8 5 1 7 4 6 8 7 9 -8 5 1 -2 8 6 1 2 
5 8 2 -7 3 9 11 4 -8 4 1 3 8 1 -6 1 -8 7 6 1 
30
1
4 13
15 6
0
0
