20 20
14 -15 15 22 6 21 13 -23 29 25 6 24 9 -22 0 6 -5 -18 10 27 
15 18 5 16 -11 1 3 -17 -28 19 25 -18 -24 15 21 18 -17 10 -3 28 
28 27 14 -15 8 23 3 28 -14 11 3 1 14 0 -13 21 2 13 15 11 
3 18 -8 3 -14 -28 -18 27 -23 10 29 1 -6 11 18 6 7 6 12 -11 
27 -10 -8 8 10 -27 17 -15 10 -17 -26 20 1 -5 6 -27 19 23 4 28 
8 26 7 -7 5 -11 21 -28 5 20 -3 9 16 -14 21 13 21 3 17 15 
8 20 25 12 22 -16 26 8 -29 -7 26 14 7 18 15 28 -12 2 -26 -29 
-28 14 -15 14 19 6 -22 0 24 -29 28 27 28 11 -16 18 -22 4 19 9 
24 -16 24 29 11 21 -27 -20 28 2 12 -2 24 -8 -1 26 18 -3 3 1 
-11 2 9 8 -7 16 4 20 -23 -8 13 26 7 8 29 8 12 3 3 -20 
-20 3 3 12 8 29 8 7 26 13 -8 -23 20 4 16 -7 8 9 2 -11 
1 3 -3 18 26 -1 -8 24 -2 12 2 28 -20 -27 21 11 29 24 -16 24 
9 19 4 -22 18 -16 11 28 27 28 -29 24 0 -22 6 19 14 -15 14 -28 
-29 -26 2 -12 28 15 18 7 14 26 -7 -29 8 26 -16 22 12 25 20 8 
15 17 3 21 13 21 -14 16 9 -3 20 5 -28 21 -11 5 -7 7 26 8 
28 4 23 19 -27 6 -5 1 20 -26 -17 10 -15 17 -27 10 8 -8 -10 27 
-11 12 6 7 6 18 11 -6 1 29 10 -23 27 -18 -28 -14 3 -8 18 3 
11 15 13 2 21 -13 0 14 1 3 11 -14 28 3 23 8 -15 14 27 28 
28 -3 10 -17 18 21 15 -24 -18 25 19 -28 -17 3 1 -11 16 5 18 15 
27 10 -18 -5 6 0 -22 9 24 6 25 29 -23 13 21 6 22 15 -15 14 
30
1
15 18
4 1
0
0
