20 20
0 12 8 -12 -4 13 14 10 -8 -6 2 6 13 1 -9 19 20 17 10 -13 
10 0 11 14 17 15 12 10 4 4 9 4 -4 9 17 -16 14 -10 2 -19 
4 17 -17 4 9 16 -22 12 6 1 0 -20 17 14 4 20 12 14 7 11 
-10 -20 6 -9 11 1 -12 1 -16 -21 11 18 13 -5 8 19 10 -17 14 17 
12 20 -20 -8 8 15 0 -13 20 20 0 21 7 19 9 21 12 6 -11 -22 
-21 21 18 14 5 22 14 11 18 11 -16 9 -12 -5 -15 5 10 -15 2 21 
6 1 -9 15 5 16 -18 7 9 18 -21 19 7 -19 15 6 8 -9 11 0 
20 21 9 22 6 3 9 10 3 -15 3 -14 19 -17 -3 6 10 18 8 5 
11 21 15 -20 -8 8 11 -8 -15 20 -20 -7 8 17 -15 11 20 7 7 6 
8 15 12 19 10 19 18 19 21 -13 -20 9 9 -16 15 14 6 6 7 21 
21 7 6 6 14 15 -16 9 9 -20 -13 21 19 18 19 10 19 12 15 8 
6 7 7 20 11 -15 17 8 -7 -20 20 -15 -8 11 8 -8 -20 15 21 11 
5 8 18 10 6 -3 -17 19 -14 3 -15 3 10 9 3 6 22 9 21 20 
0 11 -9 8 6 15 -19 7 19 -21 18 9 7 -18 16 5 15 -9 1 6 
21 2 -15 10 5 -15 -5 -12 9 -16 11 18 11 14 22 5 14 18 21 -21 
-22 -11 6 12 21 9 19 7 21 0 20 20 -13 0 15 8 -8 -20 20 12 
17 14 -17 10 19 8 -5 13 18 11 -21 -16 1 -12 1 11 -9 6 -20 -10 
11 7 14 12 20 4 14 17 -20 0 1 6 12 -22 16 9 4 -17 17 4 
-19 2 -10 14 -16 17 9 -4 4 9 4 4 10 12 15 17 14 11 0 10 
-13 10 17 20 19 -9 1 13 6 2 -6 -8 10 14 13 -4 -12 8 12 0 
30
1
18 1
1 18
0
0
