20 20
5 9 13 8 7 13 2 7 1 -5 2 0 -4 7 1 10 6 9 2 4 
-7 5 0 -10 14 -7 6 8 8 1 2 11 9 15 3 2 10 13 -5 12 
3 -7 -7 -15 -11 5 7 7 13 8 8 7 2 8 -15 7 9 -14 -4 5 
10 10 14 2 0 -11 -5 7 2 3 0 8 -3 7 6 0 6 1 12 8 
8 15 4 2 10 4 0 -10 1 14 -10 13 10 2 15 9 6 -3 0 7 
5 15 3 1 7 3 8 6 -14 0 8 1 -6 6 -4 10 5 3 -10 -4 
12 -5 5 1 4 1 -15 8 6 12 -6 1 -3 -7 8 11 2 10 12 8 
2 1 1 -11 7 6 4 12 2 6 9 2 10 1 13 10 10 11 12 -6 
8 12 -7 12 8 0 -1 5 6 7 -1 0 7 6 15 4 12 10 11 9 
14 12 3 3 12 3 1 8 2 -10 14 13 12 -8 10 8 11 12 -10 3 
3 -10 12 11 8 10 -8 12 13 14 -10 2 8 1 3 12 3 3 12 14 
9 11 10 12 4 15 6 7 0 -1 7 6 5 -1 0 8 12 -7 12 8 
-6 12 11 10 10 13 1 10 2 9 6 2 12 4 6 7 -11 1 1 2 
8 12 10 2 11 8 -7 -3 1 -6 12 6 8 -15 1 4 1 5 -5 12 
-4 -10 3 5 10 -4 6 -6 1 8 0 -14 6 8 3 7 1 3 15 5 
7 0 -3 6 9 15 2 10 13 -10 14 1 -10 0 4 10 2 4 15 8 
8 12 1 6 0 6 7 -3 8 0 3 2 7 -5 -11 0 2 14 10 10 
5 -4 -14 9 7 -15 8 2 7 8 8 13 7 7 5 -11 -15 -7 -7 3 
12 -5 13 10 2 3 15 9 11 2 1 8 8 6 -7 14 -10 0 5 -7 
4 2 9 6 10 1 7 -4 0 2 -5 1 7 2 13 7 8 13 9 5 
30
1
4 17
15 2
0
0
