20 20
6 6 1 6 0 1 -8 -2 2 9 10 0 -2 0 2 10 8 7 0 7 
9 -8 5 3 2 5 -11 10 1 8 6 -6 5 9 -7 4 -3 9 2 7 
6 -6 5 8 9 0 10 -10 6 -10 4 1 -10 11 6 -4 10 1 11 5 
4 8 3 7 10 -4 1 10 3 6 8 -1 9 11 4 6 3 4 11 5 
7 9 6 -6 3 11 3 1 -4 8 10 2 7 8 3 0 1 7 11 11 
3 11 10 6 6 10 8 -4 8 -7 11 3 -9 6 6 9 6 1 4 1 
5 -2 9 1 -8 10 1 -11 11 -4 8 1 -7 -4 11 5 10 11 7 5 
9 10 9 6 -2 2 -7 8 0 2 11 6 0 3 10 7 5 5 7 -7 
9 -4 1 6 4 4 0 5 4 6 3 4 -5 10 4 -3 6 4 3 8 
8 11 -2 8 4 2 1 1 -10 -7 0 3 -6 4 -2 -1 9 -10 -9 6 
6 -9 -10 9 -1 -2 4 -6 3 0 -7 -10 1 1 2 4 8 -2 11 8 
8 3 4 6 -3 4 10 -5 4 3 6 4 5 0 4 4 6 1 -4 9 
-7 7 5 5 7 10 3 0 6 11 2 0 8 -7 2 -2 6 9 10 9 
5 7 11 10 5 11 -4 -7 1 8 -4 11 -11 1 10 -8 1 9 -2 5 
1 4 1 6 9 6 6 -9 3 11 -7 8 -4 8 10 6 6 10 11 3 
11 11 7 1 0 3 8 7 2 10 8 -4 1 3 11 3 -6 6 9 7 
5 11 4 3 6 4 11 9 -1 8 6 3 10 1 -4 10 7 3 8 4 
5 11 1 10 -4 6 11 -10 1 4 -10 6 -10 10 0 9 8 5 -6 6 
7 2 9 -3 4 -7 9 5 -6 6 8 1 10 -11 5 2 3 5 -8 9 
7 0 7 8 10 2 0 -2 0 10 9 2 -2 -8 1 0 6 1 6 6 
30
1
8 5
11 14
0
0
