20 20
-5 6 11 14 14 -2 3 8 -11 -16 22 19 9 -2 6 17 9 13 -13 2 
-5 21 8 7 10 19 -8 22 -15 -22 -22 -23 -16 -8 4 4 0 -14 22 7 
-20 -21 15 8 21 -19 23 8 13 18 7 3 -18 0 7 16 4 -15 16 -12 
19 -11 11 0 6 -8 5 6 -14 9 7 5 1 16 -23 17 3 -13 -17 16 
13 8 20 -1 6 -16 10 19 10 18 7 -9 9 9 17 22 20 -23 -2 18 
-20 -23 -15 18 1 1 0 16 15 -16 21 -1 0 15 8 16 13 18 18 8 
5 -15 5 11 -20 3 13 -13 -8 -4 21 23 23 19 -12 2 -21 7 14 11 
-18 4 -14 -12 8 17 23 -8 20 -13 19 3 -14 4 7 19 10 4 23 17 
21 13 9 19 -6 16 6 -11 21 -1 -7 -1 21 23 8 19 -17 -9 4 21 
-8 22 -18 -17 -20 -4 7 20 15 3 4 20 13 21 6 9 -1 -12 16 5 
5 16 -12 -1 9 6 21 13 20 4 3 15 20 7 -4 -20 -17 -18 22 -8 
21 4 -9 -17 19 8 23 21 -1 -7 -1 21 -11 6 16 -6 19 9 13 21 
17 23 4 10 19 7 4 -14 3 19 -13 20 -8 23 17 8 -12 -14 4 -18 
11 14 7 -21 2 -12 19 23 23 21 -4 -8 -13 13 3 -20 11 5 -15 5 
8 18 18 13 16 8 15 0 -1 21 -16 15 16 0 1 1 18 -15 -23 -20 
18 -2 -23 20 22 17 9 9 -9 7 18 10 19 10 -16 6 -1 20 8 13 
16 -17 -13 3 17 -23 16 1 5 7 9 -14 6 5 -8 6 0 11 -11 19 
-12 16 -15 4 16 7 0 -18 3 7 18 13 8 23 -19 21 8 15 -21 -20 
7 22 -14 0 4 4 -8 -16 -23 -22 -22 -15 22 -8 19 10 7 8 21 -5 
2 -13 13 9 17 6 -2 9 19 22 -16 -11 8 3 -2 14 14 11 6 -5 
30
1
10 4
9 15
0
0
