20 20
5 8 13 9 -18 -7 5 -14 -5 -12 2 7 5 -16 6 13 -17 15 16 17 
13 12 14 -4 -11 7 1 -2 -14 17 15 -3 18 4 15 10 2 -5 -6 8 
16 13 18 13 5 14 14 2 5 6 5 14 -14 18 -13 18 15 15 -12 0 
-17 4 4 -7 15 1 -10 -10 6 -12 4 13 17 16 7 0 -3 14 0 -3 
-12 -2 -18 14 0 10 3 13 14 5 17 6 -1 13 0 -17 -6 2 11 16 
1 10 -17 4 0 16 -15 5 8 1 13 11 -11 -4 16 -2 16 6 11 -16 
3 5 10 14 2 6 3 14 17 -2 -5 9 9 -8 8 -10 11 8 4 7 
16 3 11 1 13 7 -17 18 2 11 12 4 3 18 5 -15 12 15 -16 6 
-8 1 8 -16 -5 14 10 -5 5 4 3 17 -7 5 10 14 6 10 5 2 
17 5 2 12 11 18 -13 3 15 16 15 12 1 8 6 -3 18 4 11 9 
9 11 4 18 -3 6 8 1 12 15 16 15 3 -13 18 11 12 2 5 17 
2 5 10 6 14 10 5 -7 17 3 4 5 -5 10 14 -5 -16 8 1 -8 
6 -16 15 12 -15 5 18 3 4 12 11 2 18 -17 7 13 1 11 3 16 
7 4 8 11 -10 8 -8 9 9 -5 -2 17 14 3 6 2 14 10 5 3 
-16 11 6 16 -2 16 -4 -11 11 13 1 8 5 -15 16 0 4 -17 10 1 
16 11 2 -6 -17 0 13 -1 6 17 5 14 13 3 10 0 14 -18 -2 -12 
-3 0 14 -3 0 7 16 17 13 4 -12 6 -10 -10 1 15 -7 4 4 -17 
0 -12 15 15 18 -13 18 -14 14 5 6 5 2 14 14 5 13 18 13 16 
8 -6 -5 2 10 15 4 18 -3 15 17 -14 -2 1 7 -11 -4 14 12 13 
17 16 15 -17 13 6 -16 5 7 2 -12 -5 -14 5 -7 -18 9 13 8 5 
30
1
1 4
18 15
0
0
