20 20
-8 -4 -2 3 -1 8 -5 10 1 5 7 2 8 8 9 -10 -9 9 7 -1 
9 2 7 2 -8 2 9 3 9 7 9 0 -5 9 2 10 2 -4 6 1 
1 -10 -10 1 -6 -10 4 3 2 9 7 -5 8 3 3 9 -10 7 10 5 
6 3 3 -9 -9 1 4 -10 8 -3 -10 5 9 7 4 3 6 0 -9 9 
3 7 -8 7 2 1 9 2 5 9 4 8 3 4 9 10 0 6 5 4 
3 1 6 10 3 -7 -1 3 -7 1 6 -4 9 -4 -8 3 9 7 3 1 
9 8 0 10 5 -7 4 -6 7 1 -5 3 9 8 -7 8 10 5 3 -2 
3 7 1 7 4 7 1 7 1 -4 0 10 6 10 3 -2 9 -7 8 9 
3 1 2 -1 8 0 -7 2 3 7 -8 1 0 10 0 10 -3 -5 0 10 
-1 6 7 6 1 -8 8 -6 -2 5 6 1 -6 6 9 1 -4 2 0 -3 
-3 0 2 -4 1 9 6 -6 1 6 5 -2 -6 8 -8 1 6 7 6 -1 
10 0 -5 -3 10 0 10 0 1 -8 7 3 2 -7 0 8 -1 2 1 3 
9 8 -7 9 -2 3 10 6 10 0 -4 1 7 1 7 4 7 1 7 3 
-2 3 5 10 8 -7 8 9 3 -5 1 7 -6 4 -7 5 10 0 8 9 
1 3 7 9 3 -8 -4 9 -4 6 1 -7 3 -1 -7 3 10 6 1 3 
4 5 6 0 10 9 4 3 8 4 9 5 2 9 1 2 7 -8 7 3 
9 -9 0 6 3 4 7 9 5 -10 -3 8 -10 4 1 -9 -9 3 3 6 
5 10 7 -10 9 3 3 8 -5 7 9 2 3 4 -10 -6 1 -10 -10 1 
1 6 -4 2 10 2 9 -5 0 9 7 9 3 9 2 -8 2 7 2 9 
-1 7 9 -9 -10 9 8 8 2 7 5 1 10 -5 8 -1 3 -2 -4 -8 
30
1
15 17
4 2
0
0
