20 20
18 -9 -10 23 20 9 9 10 11 -7 -9 13 12 20 0 16 21 20 10 -14 
-22 5 23 13 23 22 1 -9 9 15 -6 -13 -3 10 3 20 11 -3 5 12 
-10 -12 -5 23 14 5 22 19 22 12 12 9 5 10 2 20 14 3 6 6 
-17 -19 6 8 22 21 15 22 18 10 7 -6 2 -3 6 11 -10 7 -6 23 
6 21 14 -3 2 4 8 -8 -12 -3 -14 -4 -19 10 19 3 19 23 18 13 
-20 7 -20 15 13 18 -8 -21 17 7 23 5 5 -17 15 14 14 -6 6 21 
11 15 -5 13 15 1 -13 2 0 -17 16 16 -18 5 -19 2 18 8 15 21 
21 13 13 -12 22 0 13 19 22 23 -21 1 6 -17 2 4 -9 5 -14 18 
-21 -11 12 12 -2 5 7 5 10 -12 -14 4 7 4 14 -9 -12 1 -14 20 
13 17 2 -7 1 8 2 8 8 14 -11 -17 20 -9 10 13 22 -10 -9 3 
3 -9 -10 22 13 10 -9 20 -17 -11 14 8 8 2 8 1 -7 2 17 13 
20 -14 1 -12 -9 14 4 7 4 -14 -12 10 5 7 5 -2 12 12 -11 -21 
18 -14 5 -9 4 2 -17 6 1 -21 23 22 19 13 0 22 -12 13 13 21 
21 15 8 18 2 -19 5 -18 16 16 -17 0 2 -13 1 15 13 -5 15 11 
21 6 -6 14 14 15 -17 5 5 23 7 17 -21 -8 18 13 15 -20 7 -20 
13 18 23 19 3 19 10 -19 -4 -14 -3 -12 -8 8 4 2 -3 14 21 6 
23 -6 7 -10 11 6 -3 2 -6 7 10 18 22 15 21 22 8 6 -19 -17 
6 6 3 14 20 2 10 5 9 12 12 22 19 22 5 14 23 -5 -12 -10 
12 5 -3 11 20 3 10 -3 -13 -6 15 9 -9 1 22 23 13 23 5 -22 
-14 10 20 21 16 0 20 12 13 -9 -7 11 10 9 9 20 23 -10 -9 18 
30
1
13 17
6 2
0
0
