20 20
12 0 -5 13 15 11 15 12 5 -2 -9 5 -10 9 16 6 -17 13 10 -1 
18 14 -10 -2 10 13 10 18 12 18 6 10 10 1 17 17 18 2 7 1 
10 4 12 17 5 2 3 -8 3 6 7 2 17 8 -12 3 -11 17 -4 4 
17 0 5 16 11 7 11 -14 18 3 17 14 9 14 8 -8 -3 16 5 -2 
7 2 0 17 12 14 1 -15 6 13 11 -9 -12 -4 15 7 13 6 12 9 
18 -9 17 3 -8 15 1 7 13 -17 11 2 5 7 -4 15 -13 10 -8 0 
12 6 13 5 -16 -15 2 0 14 14 -11 -14 -8 -2 16 -10 8 14 16 7 
10 -5 17 13 -15 11 4 -10 12 13 -16 -10 14 5 8 2 2 -7 16 4 
8 6 5 1 -5 4 1 -5 8 7 10 16 -12 5 15 7 6 -3 3 5 
15 14 -7 16 18 5 0 8 18 9 -15 5 1 3 10 4 8 -5 17 18 
18 17 -5 8 4 10 3 1 5 -15 9 18 8 0 5 18 16 -7 14 15 
5 3 -3 6 7 15 5 -12 16 10 7 8 -5 1 4 -5 1 5 6 8 
4 16 -7 2 2 8 5 14 -10 -16 13 12 -10 4 11 -15 13 17 -5 10 
7 16 14 8 -10 16 -2 -8 -14 -11 14 14 0 2 -15 -16 5 13 6 12 
0 -8 10 -13 15 -4 7 5 2 11 -17 13 7 1 15 -8 3 17 -9 18 
9 12 6 13 7 15 -4 -12 -9 11 13 6 -15 1 14 12 17 0 2 7 
-2 5 16 -3 -8 8 14 9 14 17 3 18 -14 11 7 11 16 5 0 17 
4 -4 17 -11 3 -12 8 17 2 7 6 3 -8 3 2 5 17 12 4 10 
1 7 2 18 17 17 1 10 10 6 18 12 18 10 13 10 -2 -10 14 18 
-1 10 13 -17 6 16 9 -10 5 -9 -2 5 12 15 11 15 13 -5 0 12 
30
1
8 3
11 16
0
0
