20 20
3 7 6 -8 9 6 1 1 3 9 9 -5 9 -6 -12 -4 11 10 -2 3 
8 10 -7 -10 6 5 -4 -7 0 0 7 11 10 -4 2 -2 -11 8 5 10 
3 5 2 10 12 5 0 3 5 7 5 7 -6 11 6 5 0 7 9 0 
10 4 4 5 8 -9 5 9 -8 -4 9 12 11 -6 3 6 11 -7 9 5 
8 -11 11 7 6 6 3 7 -5 7 8 3 2 6 7 -4 1 -7 4 9 
3 7 1 -3 1 -11 -12 1 3 11 10 8 -9 4 -5 0 -9 3 -6 -12 
2 6 7 -6 9 -4 5 5 9 7 12 4 10 -6 4 5 -5 5 1 12 
6 1 4 3 7 2 12 10 6 -10 9 5 10 2 5 -10 6 7 10 8 
5 11 -6 12 2 3 7 11 10 9 1 12 0 11 12 8 -11 11 -12 4 
4 -7 -7 9 -7 3 2 5 9 6 12 -6 9 7 7 6 11 12 -3 11 
11 -3 12 11 6 7 7 9 -6 12 6 9 5 2 3 -7 9 -7 -7 4 
4 -12 11 -11 8 12 11 0 12 1 9 10 11 7 3 2 12 -6 11 5 
8 10 7 6 -10 5 2 10 5 9 -10 6 10 12 2 7 3 4 1 6 
12 1 5 -5 5 4 -6 10 4 12 7 9 5 5 -4 9 -6 7 6 2 
-12 -6 3 -9 0 -5 4 -9 8 10 11 3 1 -12 -11 1 -3 1 7 3 
9 4 -7 1 -4 7 6 2 3 8 7 -5 7 3 6 6 7 11 -11 8 
5 9 -7 11 6 3 -6 11 12 9 -4 -8 9 5 -9 8 5 4 4 10 
0 9 7 0 5 6 11 -6 7 5 7 5 3 0 5 12 10 2 5 3 
10 5 8 -11 -2 2 -4 10 11 7 0 0 -7 -4 5 6 -10 -7 10 8 
3 -2 10 11 -4 -12 -6 9 -5 9 9 3 1 1 6 9 -8 6 7 3 
30
1
19 6
0 13
0
0
