20 20
5 -8 6 3 4 -7 10 1 6 3 10 2 0 2 7 -6 9 9 1 5 
0 6 8 9 -8 -6 -4 -10 9 1 6 6 -5 2 9 1 2 -9 -8 6 
9 8 1 2 1 -4 1 -3 0 1 6 -3 3 5 1 7 -2 2 -8 5 
3 7 10 9 -4 8 7 1 10 6 8 7 4 1 6 7 7 2 3 -10 
-6 1 10 6 3 3 -7 3 2 1 -1 5 -8 10 9 -3 6 9 7 -2 
1 6 5 5 10 10 10 7 8 -2 4 8 5 7 -5 6 4 3 2 4 
7 2 5 5 4 -8 4 -10 7 8 -2 5 -5 0 1 10 4 -5 2 4 
4 2 1 4 7 4 10 0 3 -10 -10 5 -9 3 9 1 3 10 -8 6 
1 -8 10 2 6 -8 1 4 -7 6 3 7 9 9 4 9 7 4 0 -10 
4 3 4 7 8 2 4 -8 4 -3 4 -1 6 6 -5 1 9 -3 7 10 
10 7 -3 9 1 -5 6 6 -1 4 -3 4 -8 4 2 8 7 4 3 4 
-10 0 4 7 9 4 9 9 7 3 6 -7 4 1 -8 6 2 10 -8 1 
6 -8 10 3 1 9 3 -9 5 -10 -10 3 0 10 4 7 4 1 2 4 
4 2 -5 4 10 1 0 -5 5 -2 8 7 -10 4 -8 4 5 5 2 7 
4 2 3 4 6 -5 7 5 8 4 -2 8 7 10 10 10 5 5 6 1 
-2 7 9 6 -3 9 10 -8 5 -1 1 2 3 -7 3 3 6 10 1 -6 
-10 3 2 7 7 6 1 4 7 8 6 10 1 7 8 -4 9 10 7 3 
5 -8 2 -2 7 1 5 3 -3 6 1 0 -3 1 -4 1 2 1 8 9 
6 -8 -9 2 1 9 2 -5 6 6 1 9 -10 -4 -6 -8 9 8 6 0 
5 1 9 9 -6 7 2 0 2 10 3 6 1 10 -7 4 3 6 -8 5 
30
1
0 3
19 16
0
0
