20 20
20 22 2 17 22 3 3 -18 7 -22 6 -17 -25 3 11 12 20 11 17 27 
-17 -8 -7 1 2 -24 4 11 16 5 15 1 14 -7 24 7 -19 -20 22 -17 
-25 25 9 16 1 7 13 14 6 5 1 27 -20 15 15 12 0 6 1 7 
4 17 -10 1 27 -28 -3 3 -2 -18 -5 8 -23 26 -20 17 -3 23 25 22 
26 4 7 17 2 28 -8 19 16 -21 -8 24 16 9 3 2 18 -20 26 12 
16 22 6 -11 14 11 -25 13 28 -25 2 -4 -7 15 16 -11 20 13 22 20 
18 15 6 -15 23 -12 5 4 -1 -24 4 3 2 26 -17 20 20 23 13 16 
7 -4 -13 1 13 -20 0 18 3 2 13 15 -25 21 -25 -11 23 23 18 -20 
9 6 5 -24 23 12 23 -10 23 -7 13 -23 22 15 19 7 -21 25 19 23 
-20 5 22 14 14 -5 17 12 -4 10 -14 21 5 0 5 -15 -7 3 -16 26 
26 -16 3 -7 -15 5 0 5 21 -14 10 -4 12 17 -5 14 14 22 5 -20 
23 19 25 -21 7 19 15 22 -23 13 -7 23 -10 23 12 23 -24 5 6 9 
-20 18 23 23 -11 -25 21 -25 15 13 2 3 18 0 -20 13 1 -13 -4 7 
16 13 23 20 20 -17 26 2 3 4 -24 -1 4 5 -12 23 -15 6 15 18 
20 22 13 20 -11 16 15 -7 -4 2 -25 28 13 -25 11 14 -11 6 22 16 
12 26 -20 18 2 3 9 16 24 -8 -21 16 19 -8 28 2 17 7 4 26 
22 25 23 -3 17 -20 26 -23 8 -5 -18 -2 3 -3 -28 27 1 -10 17 4 
7 1 6 0 12 15 15 -20 27 1 5 6 14 13 7 1 16 9 25 -25 
-17 22 -20 -19 7 24 -7 14 1 15 5 16 11 4 -24 2 1 -7 -8 -17 
27 17 11 20 12 11 3 -25 -17 6 -22 7 -18 3 3 22 17 2 22 20 
30
1
9 16
10 3
0
0
