20 20
11 4 1 -9 11 1 10 4 4 7 8 9 6 11 -11 3 4 3 1 12 
10 8 7 12 12 2 0 1 9 -10 2 2 7 -4 7 10 -7 -7 2 13 
7 12 13 -3 -10 -7 0 5 7 -7 2 11 5 12 8 -11 12 13 2 10 
6 13 -6 3 11 7 -9 -6 2 -13 1 13 1 7 5 9 -10 -10 0 9 
3 7 -11 6 0 13 13 9 9 5 4 10 9 1 3 12 3 4 4 12 
-10 5 5 8 2 2 7 7 -9 12 4 6 4 4 1 -8 2 4 -13 8 
5 0 12 2 -13 8 7 10 1 12 2 4 5 12 -4 6 8 5 4 -11 
-9 3 8 8 8 9 1 8 -2 10 11 2 1 4 -13 12 8 5 2 11 
9 8 11 13 4 9 10 -6 -4 5 -9 -2 11 6 -4 10 -1 -4 13 -8 
3 12 0 11 -6 4 10 -6 -3 5 10 2 6 13 3 8 -10 1 10 1 
1 10 1 -10 8 3 13 6 2 10 5 -3 -6 10 4 -6 11 0 12 3 
-8 13 -4 -1 10 -4 6 11 -2 -9 5 -4 -6 10 9 4 13 11 8 9 
11 2 5 8 12 -13 4 1 2 11 10 -2 8 1 9 8 8 8 3 -9 
-11 4 5 8 6 -4 12 5 4 2 12 1 10 7 8 -13 2 12 0 5 
8 -13 4 2 -8 1 4 4 6 4 12 -9 7 7 2 2 8 5 5 -10 
12 4 4 3 12 3 1 9 10 4 5 9 9 13 13 0 6 -11 7 3 
9 0 -10 -10 9 5 7 1 13 1 -13 2 -6 -9 7 11 3 -6 13 6 
10 2 13 12 -11 8 12 5 11 2 -7 7 5 0 -7 -10 -3 13 12 7 
13 2 -7 -7 10 7 -4 7 2 2 -10 9 1 0 2 12 12 7 8 10 
12 1 3 4 3 -11 11 6 9 8 7 4 4 10 1 11 -9 1 4 11 
30
1
3 14
16 5
0
0
