20 20
-3 5 5 5 16 5 20 2 -18 11 -5 -6 1 -9 3 6 -3 17 8 17 
-10 9 1 -16 -13 0 1 8 15 17 -7 12 16 15 4 18 2 10 8 -12 
10 7 5 10 16 9 18 -16 14 7 -1 13 -19 13 12 2 -19 7 15 18 
16 11 -2 -6 11 2 11 -11 14 -2 9 18 -16 4 -13 1 9 -17 18 -3 
13 4 -5 -20 -10 17 6 -19 1 -7 3 10 12 -9 5 18 -16 3 -4 -18 
-10 3 7 0 9 12 -4 3 18 -19 -4 19 -19 1 0 -1 9 -7 -11 -10 
11 18 15 6 20 2 13 14 -18 0 1 18 -11 18 17 6 4 18 4 19 
13 1 19 -15 8 9 19 3 7 14 13 8 19 20 12 -1 11 12 11 8 
8 7 18 -10 14 1 20 -8 17 -7 1 -9 10 12 0 9 10 7 -12 19 
13 -16 14 9 8 11 3 10 15 14 11 8 15 3 20 10 19 7 0 17 
17 0 7 19 10 20 3 15 8 11 14 15 10 3 11 8 9 14 -16 13 
19 -12 7 10 9 0 12 10 -9 1 -7 17 -8 20 1 14 -10 18 7 8 
8 11 12 11 -1 12 20 19 8 13 14 7 3 19 9 8 -15 19 1 13 
19 4 18 4 6 17 18 -11 18 1 0 -18 14 13 2 20 6 15 18 11 
-10 -11 -7 9 -1 0 1 -19 19 -4 -19 18 3 -4 12 9 0 7 3 -10 
-18 -4 3 -16 18 5 -9 12 10 3 -7 1 -19 6 17 -10 -20 -5 4 13 
-3 18 -17 9 1 -13 4 -16 18 9 -2 14 -11 11 2 11 -6 -2 11 16 
18 15 7 -19 2 12 13 -19 13 -1 7 14 -16 18 9 16 10 5 7 10 
-12 8 10 2 18 4 15 16 12 -7 17 15 8 1 0 -13 -16 1 9 -10 
17 8 17 -3 6 3 -9 1 -6 -5 11 -18 2 20 5 16 5 5 5 -3 
30
1
10 3
9 16
0
0
