20 20
3 -13 -7 11 14 -15 11 14 8 -9 2 -4 -3 -8 2 1 4 3 11 -15 
4 6 9 8 4 2 10 5 -14 -5 8 14 8 7 7 10 5 11 12 -8 
2 12 3 11 6 14 10 11 7 1 14 1 0 3 10 8 3 15 1 13 
4 1 -7 -7 14 -13 3 12 -15 4 15 5 1 -15 -8 14 0 4 -9 11 
12 9 13 2 9 5 15 5 -5 4 12 -12 11 13 -9 14 6 9 4 4 
12 -8 6 -6 -15 7 -2 7 3 12 13 7 2 15 -5 5 4 9 -4 15 
11 10 8 2 0 14 -3 1 1 -15 12 10 11 -2 12 7 1 -15 -11 -15 
-7 -7 1 8 -15 -3 3 -13 13 5 13 13 6 -12 13 6 10 4 15 10 
1 -2 1 1 -15 13 10 7 11 11 15 12 8 4 -14 -2 10 2 4 -2 
0 0 14 -8 -4 13 -3 3 -9 -1 14 10 15 1 10 1 15 3 8 -9 
-9 8 3 15 1 10 1 15 10 14 -1 -9 3 -3 13 -4 -8 14 0 0 
-2 4 2 10 -2 -14 4 8 12 15 11 11 7 10 13 -15 1 1 -2 1 
10 15 4 10 6 13 -12 6 13 13 5 13 -13 3 -3 -15 8 1 -7 -7 
-15 -11 -15 1 7 12 -2 11 10 12 -15 1 1 -3 14 0 2 8 10 11 
15 -4 9 4 5 -5 15 2 7 13 12 3 7 -2 7 -15 -6 6 -8 12 
4 4 9 6 14 -9 13 11 -12 12 4 -5 5 15 5 9 2 13 9 12 
11 -9 4 0 14 -8 -15 1 5 15 4 -15 12 3 -13 14 -7 -7 1 4 
13 1 15 3 8 10 3 0 1 14 1 7 11 10 14 6 11 3 12 2 
-8 12 11 5 10 7 7 8 14 8 -5 -14 5 10 2 4 8 9 6 4 
-15 11 3 4 1 2 -8 -3 -4 2 -9 8 14 11 -15 14 11 -7 -13 3 
30
1
1 10
18 9
0
0
