20 20
7 2 2 0 2 7 6 0 4 9 -2 5 9 1 7 2 -6 -2 4 4 
2 2 2 2 9 3 4 2 3 5 1 3 6 3 -6 3 3 7 1 4 
4 -4 -3 6 2 2 5 -2 3 4 6 4 1 8 0 10 4 -8 2 -3 
8 6 10 5 0 9 6 5 10 9 3 -4 -6 0 6 7 10 8 -9 7 
-10 9 5 9 3 7 4 -5 6 2 5 10 8 -3 8 -7 1 -2 3 2 
7 8 5 10 5 10 2 -6 7 4 7 3 7 3 0 7 9 4 0 1 
8 9 -10 5 4 -6 6 8 5 4 6 10 6 -3 0 9 8 7 1 -8 
0 4 1 10 7 -9 7 -5 3 -10 9 6 8 -5 4 8 1 1 5 4 
-8 10 4 8 9 8 8 2 4 2 -10 5 1 -1 -9 0 -5 -9 5 4 
10 2 8 1 10 -3 10 6 -3 -6 4 7 -3 6 4 3 7 9 5 5 
5 5 9 7 3 4 6 -3 7 4 -6 -3 6 10 -3 10 1 8 2 10 
4 5 -9 -5 0 -9 -1 1 5 -10 2 4 2 8 8 9 8 4 10 -8 
4 5 1 1 8 4 -5 8 6 9 -10 3 -5 7 -9 7 10 1 4 0 
-8 1 7 8 9 0 -3 6 10 6 4 5 8 6 -6 4 5 -10 9 8 
1 0 4 9 7 0 3 7 3 7 4 7 -6 2 10 5 10 5 8 7 
2 3 -2 1 -7 8 -3 8 10 5 2 6 -5 4 7 3 9 5 9 -10 
7 -9 8 10 7 6 0 -6 -4 3 9 10 5 6 9 0 5 10 6 8 
-3 2 -8 4 10 0 8 1 4 6 4 3 -2 5 2 2 6 -3 -4 4 
4 1 7 3 3 -6 3 6 3 1 5 3 2 4 3 9 2 2 2 2 
4 4 -2 -6 2 7 1 9 5 -2 9 4 0 6 7 2 0 2 2 7 
30
1
15 10
4 9
0
0
