20 20
19 20 -4 7 7 4 15 1 -6 0 -17 7 22 -11 1 -8 9 -11 20 13 
5 -22 7 10 14 6 17 -3 3 18 15 8 21 1 3 15 1 -15 3 -16 
20 13 13 14 22 1 3 12 -7 17 -5 10 0 7 18 13 0 18 7 10 
0 19 11 -19 4 19 -18 -19 20 14 6 16 19 10 5 -16 -17 4 12 -21 
-21 16 6 12 7 21 17 9 7 14 9 21 10 11 15 10 2 21 11 3 
16 22 17 13 -15 -17 -18 7 -7 -13 16 20 -20 0 14 16 -1 -8 4 0 
-16 18 11 13 -2 3 21 11 -1 8 6 -3 8 18 0 12 12 -19 -3 21 
15 12 13 3 18 20 -13 -12 17 7 -22 -17 -11 -16 15 -16 -14 7 7 22 
20 21 10 11 -11 5 -8 9 -2 3 6 22 22 -16 -3 12 2 14 -3 20 
19 17 14 11 5 10 17 0 11 5 2 2 19 8 16 2 -11 -17 8 2 
2 8 -17 -11 2 16 8 19 2 2 5 11 0 17 10 5 11 14 17 19 
20 -3 14 2 12 -3 -16 22 22 6 3 -2 9 -8 5 -11 11 10 21 20 
22 7 7 -14 -16 15 -16 -11 -17 -22 7 17 -12 -13 20 18 3 13 12 15 
21 -3 -19 12 12 0 18 8 -3 6 8 -1 11 21 3 -2 13 11 18 -16 
0 4 -8 -1 16 14 0 -20 20 16 -13 -7 7 -18 -17 -15 13 17 22 16 
3 11 21 2 10 15 11 10 21 9 14 7 9 17 21 7 12 6 16 -21 
-21 12 4 -17 -16 5 10 19 16 6 14 20 -19 -18 19 4 -19 11 19 0 
10 7 18 0 13 18 7 0 10 -5 17 -7 12 3 1 22 14 13 13 20 
-16 3 -15 1 15 3 1 21 8 15 18 3 -3 17 6 14 10 7 -22 5 
13 20 -11 9 -8 1 -11 22 7 -17 0 -6 1 15 4 7 7 -4 20 19 
30
1
2 6
17 13
0
0
