20 20
3 16 6 13 14 3 21 17 3 12 3 4 21 7 12 18 5 14 20 1 
5 15 2 3 9 -17 16 -12 -25 8 11 21 19 -4 1 19 7 -25 24 -11 
5 -13 18 5 1 11 12 -1 12 -20 22 8 -9 5 18 22 10 5 -19 17 
-2 20 -21 -14 25 0 -18 10 21 9 0 9 11 -9 25 -7 -8 -24 12 -17 
17 16 12 1 18 18 18 22 11 22 -2 22 24 16 15 4 -16 20 19 5 
-4 22 -18 13 3 16 -2 23 0 6 15 -17 -8 16 17 2 7 4 13 20 
-10 21 10 11 4 16 -23 22 3 -1 19 10 11 13 20 19 12 20 15 -12 
21 8 11 22 15 24 24 20 6 19 22 -5 19 10 17 6 9 -4 -22 24 
6 -2 21 1 25 5 21 1 5 4 19 11 23 3 2 -3 18 6 18 3 
25 13 22 -7 5 -1 6 9 2 19 2 -9 23 -12 -6 20 19 24 22 24 
24 22 24 19 20 -6 -12 23 -9 2 19 2 9 6 -1 5 -7 22 13 25 
3 18 6 18 -3 2 3 23 11 19 4 5 1 21 5 25 1 21 -2 6 
24 -22 -4 9 6 17 10 19 -5 22 19 6 20 24 24 15 22 11 8 21 
-12 15 20 12 19 20 13 11 10 19 -1 3 22 -23 16 4 11 10 21 -10 
20 13 4 7 2 17 16 -8 -17 15 6 0 23 -2 16 3 13 -18 22 -4 
5 19 20 -16 4 15 16 24 22 -2 22 11 22 18 18 18 1 12 16 17 
-17 12 -24 -8 -7 25 -9 11 9 0 9 21 10 -18 0 25 -14 -21 20 -2 
17 -19 5 10 22 18 5 -9 8 22 -20 12 -1 12 11 1 5 18 -13 5 
-11 24 -25 7 19 1 -4 19 21 11 8 -25 -12 16 -17 9 3 2 15 5 
1 20 14 5 18 12 7 21 4 3 12 3 17 21 3 14 13 6 16 3 
30
1
8 17
11 2
0
0
