20 20
18 24 19 -2 23 -15 24 20 8 -24 4 19 -9 17 9 24 -15 16 24 -15 
26 1 -3 21 -7 0 25 3 5 4 20 -8 11 22 9 0 14 -1 24 23 
3 18 -24 -17 -4 6 17 21 -25 -24 25 9 -11 9 8 9 -10 -10 8 -2 
25 6 18 5 24 7 5 -20 17 14 -18 15 -15 0 24 13 10 22 22 12 
9 -8 3 23 5 -18 13 17 -22 2 22 -15 11 -18 -1 24 15 -4 6 14 
25 24 15 1 21 22 22 18 24 13 16 9 16 17 10 6 19 2 -8 15 
-17 24 9 -1 2 8 4 23 14 21 10 13 13 24 20 23 14 5 0 -5 
24 15 21 14 14 -4 -24 17 6 18 12 5 -14 19 0 22 5 6 -15 25 
-15 12 24 4 -26 26 25 11 4 12 9 -21 15 -4 6 18 -17 10 8 2 
16 3 26 -22 2 17 -8 26 3 1 -18 16 12 21 -5 -20 2 16 18 18 
18 18 16 2 -20 -5 21 12 16 -18 1 3 26 -8 17 2 -22 26 3 16 
2 8 10 -17 18 6 -4 15 -21 9 12 4 11 25 26 -26 4 24 12 -15 
25 -15 6 5 22 0 19 -14 5 12 18 6 17 -24 -4 14 14 21 15 24 
-5 0 5 14 23 20 24 13 13 10 21 14 23 4 8 2 -1 9 24 -17 
15 -8 2 19 6 10 17 16 9 16 13 24 18 22 22 21 1 15 24 25 
14 6 -4 15 24 -1 -18 11 -15 22 2 -22 17 13 -18 5 23 3 -8 9 
12 22 22 10 13 24 0 -15 15 -18 14 17 -20 5 7 24 5 18 6 25 
-2 8 -10 -10 9 8 9 -11 9 25 -24 -25 21 17 6 -4 -17 -24 18 3 
23 24 -1 14 0 9 22 11 -8 20 4 5 3 25 0 -7 21 -3 1 26 
-15 24 16 -15 24 9 17 -9 19 4 -24 8 20 24 -15 23 -2 19 24 18 
30
1
10 18
9 1
0
0
