20 20
9 8 10 5 9 4 12 14 -2 13 9 -19 4 0 7 9 -18 13 2 15 
1 3 2 11 15 18 8 1 16 2 -10 10 12 -19 17 2 18 6 7 6 
-15 -15 17 10 2 -4 17 9 -7 5 19 -19 -1 -9 7 3 19 -11 14 -8 
-3 0 9 19 -8 16 18 13 13 1 4 4 1 -5 -11 3 5 18 2 -8 
6 19 11 13 -6 16 12 19 14 5 7 17 1 -19 -3 -4 6 -13 -4 19 
1 15 13 -11 -17 2 -2 7 2 6 -5 5 12 5 2 5 -15 16 1 16 
-5 -12 9 -19 11 -16 -1 -2 6 17 -11 6 15 14 18 0 8 -10 1 12 
-3 -14 9 10 6 -6 12 1 18 -13 15 -3 1 17 14 7 -6 14 -1 -15 
3 -4 -12 9 11 4 7 19 17 -7 -8 0 4 3 2 17 1 12 12 5 
14 5 2 1 5 7 18 5 16 6 10 -11 -14 4 17 -6 8 8 -2 16 
16 -2 8 8 -6 17 4 -14 -11 10 6 16 5 18 7 5 1 2 5 14 
5 12 12 1 17 2 3 4 0 -8 -7 17 19 7 4 11 9 -12 -4 3 
-15 -1 14 -6 7 14 17 1 -3 15 -13 18 1 12 -6 6 10 9 -14 -3 
12 1 -10 8 0 18 14 15 6 -11 17 6 -2 -1 -16 11 -19 9 -12 -5 
16 1 16 -15 5 2 5 12 5 -5 6 2 7 -2 2 -17 -11 13 15 1 
19 -4 -13 6 -4 -3 -19 1 17 7 5 14 19 12 16 -6 13 11 19 6 
-8 2 18 5 3 -11 -5 1 4 4 1 13 13 18 16 -8 19 9 0 -3 
-8 14 -11 19 3 7 -9 -1 -19 19 5 -7 9 17 -4 2 10 17 -15 -15 
6 7 6 18 2 17 -19 12 10 -10 2 16 1 8 18 15 11 2 3 1 
15 2 13 -18 9 7 0 4 -19 9 13 -2 14 12 4 9 5 10 8 9 
30
1
4 17
15 2
0
0
