20 20
29 20 14 -23 16 -22 14 30 -28 10 28 21 -18 -11 30 18 -18 17 27 -11 
13 16 13 -24 -21 12 7 23 17 -19 20 16 -10 1 8 1 15 18 -16 14 
23 11 -2 27 -23 13 -7 29 13 3 23 4 -19 12 26 13 17 14 7 26 
-1 7 -21 9 23 -20 -14 -15 -10 5 -6 5 3 14 -9 15 29 16 3 17 
28 14 -2 4 13 26 -18 15 12 3 0 6 23 7 -1 19 -28 27 20 7 
26 23 3 -20 13 18 24 16 30 28 11 -19 25 0 17 20 -29 22 9 -27 
23 -9 22 4 -29 9 11 25 -10 6 3 6 26 30 6 -14 25 -18 16 19 
-27 28 -19 14 -14 24 10 12 20 2 23 16 -30 22 4 -22 -6 29 27 29 
19 11 -22 28 29 25 -4 -22 2 20 -22 2 22 28 18 24 27 -17 -22 14 
20 24 22 10 11 -17 6 14 18 12 -19 10 -9 28 22 17 8 -2 28 -29 
-29 28 -2 8 17 22 28 -9 10 -19 12 18 14 6 -17 11 10 22 24 20 
14 -22 -17 27 24 18 28 22 2 -22 20 2 -22 -4 25 29 28 -22 11 19 
29 27 29 -6 -22 4 22 -30 16 23 2 20 12 10 24 -14 14 -19 28 -27 
19 16 -18 25 -14 6 30 26 6 3 6 -10 25 11 9 -29 4 22 -9 23 
-27 9 22 -29 20 17 0 25 -19 11 28 30 16 24 18 13 -20 3 23 26 
7 20 27 -28 19 -1 7 23 6 0 3 12 15 -18 26 13 4 -2 14 28 
17 3 16 29 15 -9 14 3 5 -6 5 -10 -15 -14 -20 23 9 -21 7 -1 
26 7 14 17 13 26 12 -19 4 23 3 13 29 -7 13 -23 27 -2 11 23 
14 -16 18 15 1 8 1 -10 16 20 -19 17 23 7 12 -21 -24 13 16 13 
-11 27 17 -18 18 30 -11 -18 21 28 10 -28 30 14 -22 16 -23 14 20 29 
30
1
1 17
18 2
0
0
