20 20
15 -28 6 27 16 5 4 -28 13 26 15 20 19 -11 19 19 25 -28 23 8 
26 26 3 29 11 9 -25 8 1 8 16 12 14 20 3 -2 13 28 -4 5 
2 19 12 11 3 25 27 1 28 7 -22 4 21 -3 6 19 12 -25 -21 20 
22 -12 12 -16 -23 19 16 9 13 -20 23 9 18 -25 0 5 3 18 -17 10 
13 11 6 9 4 11 18 -17 -15 8 7 9 2 5 28 6 14 7 2 15 
-20 10 5 4 -14 21 10 24 -6 5 15 -5 16 2 -2 29 -16 9 3 24 
21 -16 26 4 -5 3 21 -14 -8 19 27 -24 22 -19 6 15 27 2 5 -12 
4 -20 -16 1 29 9 -9 -3 -2 27 17 15 13 5 15 -15 10 5 27 1 
24 -9 -25 9 -2 8 1 13 20 12 2 3 -23 -2 -14 -6 23 18 18 24 
22 22 -27 5 29 20 0 4 13 14 24 22 3 14 17 5 23 -13 0 11 
11 0 -13 23 5 17 14 3 22 24 14 13 4 0 20 29 5 -27 22 22 
24 18 18 23 -6 -14 -2 -23 3 2 12 20 13 1 8 -2 9 -25 -9 24 
1 27 5 10 -15 15 5 13 15 17 27 -2 -3 -9 9 29 1 -16 -20 4 
-12 5 2 27 15 6 -19 22 -24 27 19 -8 -14 21 3 -5 4 26 -16 21 
24 3 9 -16 29 -2 2 16 -5 15 5 -6 24 10 21 -14 4 5 10 -20 
15 2 7 14 6 28 5 2 9 7 8 -15 -17 18 11 4 9 6 11 13 
10 -17 18 3 5 0 -25 18 9 23 -20 13 9 16 19 -23 -16 12 -12 22 
20 -21 -25 12 19 6 -3 21 4 -22 7 28 1 27 25 3 11 12 19 2 
5 -4 28 13 -2 3 20 14 12 16 8 1 8 -25 9 11 29 3 26 26 
8 23 -28 25 19 19 -11 19 20 15 26 13 -28 4 5 16 27 6 -28 15 
30
1
13 18
6 1
0
0
