20 20
10 17 3 7 5 15 13 4 10 12 11 6 -14 16 -5 13 -2 -19 6 16 
8 8 0 -11 10 17 -5 6 1 -20 9 17 -18 7 7 5 7 19 1 -8 
1 5 16 4 -12 13 -5 -6 18 -3 19 7 -10 12 1 18 -6 2 8 7 
14 9 11 6 9 8 15 18 12 9 10 -13 14 5 7 17 10 9 2 3 
19 0 18 6 4 19 9 -19 18 -10 1 -16 14 -14 9 8 -12 -16 6 -18 
1 -5 13 -15 10 11 -14 14 18 13 17 16 8 3 5 16 3 14 4 12 
19 10 -17 6 -17 -7 7 15 16 -9 17 1 19 15 6 20 4 6 11 4 
11 15 19 16 10 4 18 5 8 -19 2 14 8 11 -8 9 15 -10 18 -16 
2 10 -8 13 12 5 -9 -15 1 17 8 -2 11 20 8 18 -6 -14 -3 -11 
14 16 2 6 3 1 6 19 13 3 -12 -6 -11 7 3 8 5 -19 -11 15 
15 -11 -19 5 8 3 7 -11 -6 -12 3 13 19 6 1 3 6 2 16 14 
-11 -3 -14 -6 18 8 20 11 -2 8 17 1 -15 -9 5 12 13 -8 10 2 
-16 18 -10 15 9 -8 11 8 14 2 -19 8 5 18 4 10 16 19 15 11 
4 11 6 4 20 6 15 19 1 17 -9 16 15 7 -7 -17 6 -17 10 19 
12 4 14 3 16 5 3 8 16 17 13 18 14 -14 11 10 -15 13 -5 1 
-18 6 -16 -12 8 9 -14 14 -16 1 -10 18 -19 9 19 4 6 18 0 19 
3 2 9 10 17 7 5 14 -13 10 9 12 18 15 8 9 6 11 9 14 
7 8 2 -6 18 1 12 -10 7 19 -3 18 -6 -5 13 -12 4 16 5 1 
-8 1 19 7 5 7 7 -18 17 9 -20 1 6 -5 17 10 -11 0 8 8 
16 6 -19 -2 13 -5 16 -14 6 11 12 10 4 13 15 5 7 3 17 10 
30
1
6 5
13 14
0
0
