20 20
6 -2 20 3 4 -22 17 -3 10 -9 -21 22 4 7 13 2 3 21 10 12 
8 1 -7 -11 20 16 14 12 18 -13 -16 -11 1 1 7 6 -12 8 -19 16 
-12 7 9 -5 9 10 16 1 18 11 11 23 -19 14 0 -4 18 19 -20 14 
5 -21 19 22 17 19 10 -15 -5 13 -19 3 6 3 21 11 -23 12 5 21 
5 -2 0 10 -21 -1 20 -20 -9 8 1 4 14 -12 21 15 20 1 -6 14 
6 2 12 19 0 -20 10 -14 4 6 16 14 -17 21 -14 -13 8 12 9 5 
21 5 4 22 -4 15 1 19 4 14 0 21 12 9 -17 15 3 -16 2 -22 
10 0 5 3 -13 19 12 9 11 3 12 -1 -17 -20 -14 0 -9 11 10 16 
13 10 21 16 -11 -9 -8 19 1 12 2 17 1 17 23 15 -12 8 2 23 
23 11 -14 13 15 22 -9 15 18 -23 -3 13 4 -9 -19 17 2 8 20 11 
11 20 8 2 17 -19 -9 4 13 -3 -23 18 15 -9 22 15 13 -14 11 23 
23 2 8 -12 15 23 17 1 17 2 12 1 19 -8 -9 -11 16 21 10 13 
16 10 11 -9 0 -14 -20 -17 -1 12 3 11 9 12 19 -13 3 5 0 10 
-22 2 -16 3 15 -17 9 12 21 0 14 4 19 1 15 -4 22 4 5 21 
5 9 12 8 -13 -14 21 -17 14 16 6 4 -14 10 -20 0 19 12 2 6 
14 -6 1 20 15 21 -12 14 4 1 8 -9 -20 20 -1 -21 10 0 -2 5 
21 5 12 -23 11 21 3 6 3 -19 13 -5 -15 10 19 17 22 19 -21 5 
14 -20 19 18 -4 0 14 -19 23 11 11 18 1 16 10 9 -5 9 7 -12 
16 -19 8 -12 6 7 1 1 -11 -16 -13 18 12 14 16 20 -11 -7 1 8 
12 10 21 3 2 13 7 4 22 -21 -9 10 -3 17 -22 4 3 20 -2 6 
30
1
12 18
7 1
0
0
