20 20
9 11 1 15 14 -1 15 12 2 13 5 2 -15 6 14 -9 -1 -5 -9 2 
6 8 11 10 4 8 13 11 15 -10 3 -3 -4 7 -7 4 11 9 7 7 
9 -6 4 9 11 -12 15 -10 7 4 15 15 12 3 10 -10 7 14 11 7 
-12 9 12 15 15 -4 5 7 9 -1 10 11 7 7 2 4 15 4 0 1 
15 11 13 5 -1 5 15 -3 -12 10 1 14 6 -11 0 7 14 7 4 -3 
14 -1 15 3 15 -1 12 2 13 12 5 14 -6 8 2 0 5 13 13 9 
-9 9 9 8 15 8 -15 5 11 2 11 -8 15 1 4 7 12 1 9 0 
13 10 5 2 9 7 9 -8 9 3 8 10 2 10 -10 3 -1 -14 -7 14 
14 -4 11 10 -15 7 -4 8 3 -13 15 -5 11 2 11 12 0 6 11 13 
4 2 -2 6 7 11 13 -8 -3 -6 12 -7 0 1 7 -10 -4 12 0 9 
9 0 12 -4 -10 7 1 0 -7 12 -6 -3 -8 13 11 7 6 -2 2 4 
13 11 6 0 12 11 2 11 -5 15 -13 3 8 -4 7 -15 10 11 -4 14 
14 -7 -14 -1 3 -10 10 2 10 8 3 9 -8 9 7 9 2 5 10 13 
0 9 1 12 7 4 1 15 -8 11 2 11 5 -15 8 15 8 9 9 -9 
9 13 13 5 0 2 8 -6 14 5 12 13 2 12 -1 15 3 15 -1 14 
-3 4 7 14 7 0 -11 6 14 1 10 -12 -3 15 5 -1 5 13 11 15 
1 0 4 15 4 2 7 7 11 10 -1 9 7 5 -4 15 15 12 9 -12 
7 11 14 7 -10 10 3 12 15 15 4 7 -10 15 -12 11 9 4 -6 9 
7 7 9 11 4 -7 7 -4 -3 3 -10 15 11 13 8 4 10 11 8 6 
2 -9 -5 -1 -9 14 6 -15 2 5 13 2 12 15 -1 14 15 1 11 9 
30
1
17 16
2 3
0
0
