20 20
-3 11 5 6 -2 4 9 10 6 3 4 10 13 10 6 11 -7 1 1 8 
4 11 10 -6 11 -11 -13 12 4 1 6 5 -5 2 1 -9 -10 4 7 12 
-9 13 4 9 -8 -7 7 12 3 -6 3 6 4 11 1 7 10 12 12 12 
-2 5 9 7 6 4 6 12 -5 2 13 7 11 5 10 4 -2 1 10 13 
0 -8 -13 -12 -12 0 9 7 9 12 4 5 -1 12 13 9 3 -12 8 9 
3 3 -2 11 8 3 6 11 -8 5 9 1 6 2 2 9 -8 -2 -13 5 
1 10 6 -4 10 -5 2 -3 10 -3 9 5 12 8 0 9 -8 12 -5 11 
13 4 7 -7 8 8 3 3 5 2 -10 5 10 5 -7 -6 7 6 12 10 
7 11 12 1 5 2 8 11 1 -10 2 -1 -8 2 -6 4 5 0 -6 12 
3 2 11 -12 12 -12 10 2 6 -4 -13 -3 8 6 8 11 8 5 7 11 
11 7 5 8 11 8 6 8 -3 -13 -4 6 2 10 -12 12 -12 11 2 3 
12 -6 0 5 4 -6 2 -8 -1 2 -10 1 11 8 2 5 1 12 11 7 
10 12 6 7 -6 -7 5 10 5 -10 2 5 3 3 8 8 -7 7 4 13 
11 -5 12 -8 9 0 8 12 5 9 -3 10 -3 2 -5 10 -4 6 10 1 
5 -13 -2 -8 9 2 2 6 1 9 5 -8 11 6 3 8 11 -2 3 3 
9 8 -12 3 9 13 12 -1 5 4 12 9 7 9 0 -12 -12 -13 -8 0 
13 10 1 -2 4 10 5 11 7 13 2 -5 12 6 4 6 7 9 5 -2 
12 12 12 10 7 1 11 4 6 3 -6 3 12 7 -7 -8 9 4 13 -9 
12 7 4 -10 -9 1 2 -5 5 6 1 4 12 -13 -11 11 -6 10 11 4 
8 1 1 -7 11 6 10 13 10 4 3 6 10 9 4 -2 6 5 11 -3 
30
1
13 19
6 0
0
0
