20 20
1 5 7 7 11 -5 -9 11 0 0 9 8 5 6 -6 0 4 9 7 -10 
-3 1 4 1 -2 11 -7 4 6 4 -4 10 8 7 -5 11 -3 4 -5 7 
1 4 -10 11 10 -2 6 6 2 3 -1 9 6 -11 5 -1 5 1 7 8 
-7 -8 -9 2 4 -7 0 -10 8 1 8 7 1 9 0 7 -10 2 0 4 
6 -10 0 -4 11 10 4 8 7 -7 6 11 -10 6 11 -11 7 10 -3 7 
8 7 -10 -3 7 3 4 4 -5 1 1 6 0 1 -8 7 -3 1 1 -10 
1 11 7 8 -5 5 1 11 -8 -10 7 9 4 -3 0 7 5 5 11 2 
6 -6 2 6 8 -5 7 4 4 5 5 0 11 -6 9 -3 5 -1 -4 9 
11 7 6 0 10 5 -11 -9 0 -5 -6 -4 9 11 4 -10 8 -1 3 9 
9 -11 2 1 2 6 1 4 8 5 -8 11 -7 2 6 -9 -5 -2 -1 2 
2 -1 -2 -5 -9 6 2 -7 11 -8 5 8 4 1 6 2 1 2 -11 9 
9 3 -1 8 -10 4 11 9 -4 -6 -5 0 -9 -11 5 10 0 6 7 11 
9 -4 -1 5 -3 9 -6 11 0 5 5 4 4 7 -5 8 6 2 -6 6 
2 11 5 5 7 0 -3 4 9 7 -10 -8 11 1 5 -5 8 7 11 1 
-10 1 1 -3 7 -8 1 0 6 1 1 -5 4 4 3 7 -3 -10 7 8 
7 -3 10 7 -11 11 6 -10 11 6 -7 7 8 4 10 11 -4 0 -10 6 
4 0 2 -10 7 0 9 1 7 8 1 8 -10 0 -7 4 2 -9 -8 -7 
8 7 1 5 -1 5 -11 6 9 -1 3 2 6 6 -2 10 11 -10 4 1 
7 -5 4 -3 11 -5 7 8 10 -4 4 6 4 -7 11 -2 1 4 1 -3 
-10 7 9 4 0 -6 6 5 8 9 0 0 11 -9 -5 11 7 7 5 1 
30
1
16 5
3 14
0
0
