20 20
6 8 14 7 -15 -7 2 14 15 2 15 14 17 8 16 -2 -17 -9 15 6 
15 3 -7 8 12 0 4 6 -4 7 -10 -9 4 13 1 4 7 15 13 14 
-13 7 5 2 -10 10 8 -11 10 -3 10 1 -3 -2 12 11 -16 11 4 6 
15 12 8 17 16 3 13 17 12 13 4 13 12 4 3 10 4 5 -1 6 
8 3 -16 4 -16 6 8 0 -9 -16 15 -9 16 5 -14 15 16 15 17 4 
-13 -10 9 -5 7 17 1 15 13 9 1 4 16 3 15 -17 7 12 9 17 
1 11 10 9 -7 9 -4 6 4 7 2 8 -16 -15 7 15 -4 10 -12 11 
11 1 -6 -17 9 1 4 4 15 10 10 3 10 1 6 -2 -11 12 14 17 
-11 14 -8 -3 3 13 0 16 -17 13 14 -14 2 5 8 5 3 9 2 4 
1 11 11 17 13 2 4 10 9 -1 -11 -8 9 17 4 2 11 11 4 10 
10 4 11 11 2 4 17 9 -8 -11 -1 9 10 4 2 13 17 11 11 1 
4 2 9 3 5 8 5 2 -14 14 13 -17 16 0 13 3 -3 -8 14 -11 
17 14 12 -11 -2 6 1 10 3 10 10 15 4 4 1 9 -17 -6 1 11 
11 -12 10 -4 15 7 -15 -16 8 2 7 4 6 -4 9 -7 9 10 11 1 
17 9 12 7 -17 15 3 16 4 1 9 13 15 1 17 7 -5 9 -10 -13 
4 17 15 16 15 -14 5 16 -9 15 -16 -9 0 8 6 -16 4 -16 3 8 
6 -1 5 4 10 3 4 12 13 4 13 12 17 13 3 16 17 8 12 15 
6 4 11 -16 11 12 -2 -3 1 10 -3 10 -11 8 10 -10 2 5 7 -13 
14 13 15 7 4 1 13 4 -9 -10 7 -4 6 4 0 12 8 -7 3 15 
6 15 -9 -17 -2 16 8 17 14 15 2 15 14 2 -7 -15 7 14 8 6 
30
1
14 6
5 13
0
0
