20 20
4 1 -19 -18 15 -13 14 1 7 7 13 -15 -11 5 1 1 -14 13 6 1 
5 -13 -3 4 -3 -19 16 17 5 4 -18 6 4 6 1 7 0 17 5 16 
11 13 7 -4 18 5 2 19 11 -7 -7 1 -8 14 13 17 -12 6 14 7 
4 18 -6 9 4 -14 0 -19 -15 -14 5 15 1 19 11 12 11 16 5 10 
0 14 19 18 6 5 18 8 -15 -12 5 1 10 3 18 1 -3 5 4 14 
7 17 11 -9 -1 1 11 12 18 17 5 17 7 10 4 -16 4 -1 -16 8 
19 16 18 10 2 6 19 16 19 17 -15 5 3 6 -18 -19 5 7 14 6 
15 12 -10 6 -4 8 5 -16 1 16 -7 -13 6 -16 1 -19 -5 16 8 10 
14 13 3 -1 7 17 13 11 -3 -18 15 15 -1 1 6 7 7 8 -10 6 
19 17 -12 -15 5 19 5 -13 19 19 2 5 11 -13 1 -8 3 10 14 11 
11 14 10 3 -8 1 -13 11 5 2 19 19 -13 5 19 5 -15 -12 17 19 
6 -10 8 7 7 6 1 -1 15 15 -18 -3 11 13 17 7 -1 3 13 14 
10 8 16 -5 -19 1 -16 6 -13 -7 16 1 -16 5 8 -4 6 -10 12 15 
6 14 7 5 -19 -18 6 3 5 -15 17 19 16 19 6 2 10 18 16 19 
8 -16 -1 4 -16 4 10 7 17 5 17 18 12 11 1 -1 -9 11 17 7 
14 4 5 -3 1 18 3 10 1 5 -12 -15 8 18 5 6 18 19 14 0 
10 5 16 11 12 11 19 1 15 5 -14 -15 -19 0 -14 4 9 -6 18 4 
7 14 6 -12 17 13 14 -8 1 -7 -7 11 19 2 5 18 -4 7 13 11 
16 5 17 0 7 1 6 4 6 -18 4 5 17 16 -19 -3 4 -3 -13 5 
1 6 13 -14 1 1 5 -11 -15 13 7 7 1 14 -13 15 -18 -19 1 4 
30
1
0 19
19 0
0
0
