20 20
17 -7 10 11 5 1 8 25 2 4 14 -12 -23 18 22 3 -21 23 3 10 
17 26 10 20 -10 -25 8 -7 11 -17 17 13 -17 -12 11 -17 21 8 11 -13 
12 14 -3 -3 -1 -19 18 -21 -11 7 2 6 -12 -6 16 -9 0 -6 16 -23 
7 23 18 23 -15 11 18 10 11 14 3 15 7 9 -16 -24 24 6 15 0 
9 11 24 -19 11 -5 13 13 -4 -6 10 -13 2 0 -25 3 -24 14 -5 -12 
24 4 21 4 -24 -17 15 -10 -24 18 16 20 2 13 1 -24 -17 22 -23 5 
9 25 2 19 2 -25 26 25 21 8 20 -16 26 6 -18 20 -7 -8 11 14 
19 13 -26 17 10 -9 13 -7 13 18 -7 20 7 24 5 15 4 10 23 -12 
25 26 19 1 5 15 -13 17 20 -18 14 8 1 5 -6 19 24 17 13 1 
-12 4 24 14 26 19 -1 9 24 4 -15 18 11 -2 -7 12 10 14 0 24 
24 0 14 10 12 -7 -2 11 18 -15 4 24 9 -1 19 26 14 24 4 -12 
1 13 17 24 19 -6 5 1 8 14 -18 20 17 -13 15 5 1 19 26 25 
-12 23 10 4 15 5 24 7 20 -7 18 13 -7 13 -9 10 17 -26 13 19 
14 11 -8 -7 20 -18 6 26 -16 20 8 21 25 26 -25 2 19 2 25 9 
5 -23 22 -17 -24 1 13 2 20 16 18 -24 -10 15 -17 -24 4 21 4 24 
-12 -5 14 -24 3 -25 0 2 -13 10 -6 -4 13 13 -5 11 -19 24 11 9 
0 15 6 24 -24 -16 9 7 15 3 14 11 10 18 11 -15 23 18 23 7 
-23 16 -6 0 -9 16 -6 -12 6 2 7 -11 -21 18 -19 -1 -3 -3 14 12 
-13 11 8 21 -17 11 -12 -17 13 17 -17 11 -7 8 -25 -10 20 10 26 17 
10 3 23 -21 3 22 18 -23 -12 14 4 2 25 8 1 5 11 10 -7 17 
30
1
0 11
19 8
0
0
