20 20
13 14 10 4 10 9 17 14 6 10 11 0 16 -2 2 -2 11 0 3 -10 
14 -12 7 2 6 1 13 2 2 6 7 -17 7 -8 4 3 17 0 -6 -14 
1 6 6 8 4 6 6 3 6 10 18 17 15 15 4 16 16 6 -17 7 
-7 -1 16 9 -10 8 11 14 15 -7 17 5 15 10 0 5 11 5 5 -2 
7 -5 -2 12 5 15 16 8 12 13 9 14 10 1 16 -1 -13 -3 -16 16 
4 1 -12 6 7 -12 -14 5 4 10 15 2 1 -11 -18 9 7 7 -18 3 
0 -4 6 5 4 2 7 -13 4 6 -8 17 -18 11 -9 12 1 5 -1 9 
18 12 -12 6 0 0 10 15 3 -5 11 11 12 10 16 -10 8 13 16 11 
9 18 9 10 0 11 -17 -2 -10 -7 6 13 9 1 9 11 -14 17 -13 16 
-18 17 14 -5 15 -15 15 13 -8 13 6 3 12 18 -18 -16 7 9 6 12 
12 6 9 7 -16 -18 18 12 3 6 13 -8 13 15 -15 15 -5 14 17 -18 
16 -13 17 -14 11 9 1 9 13 6 -7 -10 -2 -17 11 0 10 9 18 9 
11 16 13 8 -10 16 10 12 11 11 -5 3 15 10 0 0 6 -12 12 18 
9 -1 5 1 12 -9 11 -18 17 -8 6 4 -13 7 2 4 5 6 -4 0 
3 -18 7 7 9 -18 -11 1 2 15 10 4 5 -14 -12 7 6 -12 1 4 
16 -16 -3 -13 -1 16 1 10 14 9 13 12 8 16 15 5 12 -2 -5 7 
-2 5 5 11 5 0 10 15 5 17 -7 15 14 11 8 -10 9 16 -1 -7 
7 -17 6 16 16 4 15 15 17 18 10 6 3 6 6 4 8 6 6 1 
-14 -6 0 17 3 4 -8 7 -17 7 6 2 2 13 1 6 2 7 -12 14 
-10 3 0 11 -2 2 -2 16 0 11 10 6 14 17 9 10 4 10 14 13 
30
1
9 19
10 0
0
0
