20 20
10 -22 26 -1 20 -25 23 24 3 12 -17 6 0 28 3 -10 -25 13 13 17 
-20 1 2 21 6 11 24 -9 11 12 11 29 21 29 13 -25 6 28 16 -27 
-11 15 12 28 29 -9 13 8 1 23 11 17 12 2 -15 18 -24 -23 28 -10 
-25 19 5 14 21 16 28 29 25 17 19 -25 -18 -13 11 28 22 -20 -3 1 
-19 -22 23 18 10 22 17 1 1 12 11 27 4 22 16 -13 11 9 6 9 
22 0 15 -13 6 10 23 -29 9 26 5 25 13 11 -26 28 13 16 19 16 
19 13 -19 16 24 3 9 1 27 6 23 -26 -17 4 3 -17 -1 1 2 -26 
5 4 16 13 22 8 -29 1 5 -6 -9 12 21 19 2 7 18 28 13 15 
4 -16 7 -11 26 29 1 2 -4 24 21 11 15 20 20 -22 12 3 20 -13 
2 11 -16 -22 -9 25 25 -15 22 6 29 8 24 -13 23 19 1 4 -7 -1 
-1 -7 4 1 19 23 -13 24 8 29 6 22 -15 25 25 -9 -22 -16 11 2 
-13 20 3 12 -22 20 20 15 11 21 24 -4 2 1 29 26 -11 7 -16 4 
15 13 28 18 7 2 19 21 12 -9 -6 5 1 -29 8 22 13 16 4 5 
-26 2 1 -1 -17 3 4 -17 -26 23 6 27 1 9 3 24 16 -19 13 19 
16 19 16 13 28 -26 11 13 25 5 26 9 -29 23 10 6 -13 15 0 22 
9 6 9 11 -13 16 22 4 27 11 12 1 1 17 22 10 18 23 -22 -19 
1 -3 -20 22 28 11 -13 -18 -25 19 17 25 29 28 16 21 14 5 19 -25 
-10 28 -23 -24 18 -15 2 12 17 11 23 1 8 13 -9 29 28 12 15 -11 
-27 16 28 6 -25 13 29 21 29 11 12 11 -9 24 11 6 21 2 1 -20 
17 13 13 -25 -10 3 28 0 6 -17 12 3 24 23 -25 20 -1 26 -22 10 
30
1
19 11
0 8
0
0
