20 20
19 11 -12 7 4 2 13 21 -6 23 23 -14 20 11 2 26 11 -24 9 -27 
-5 27 21 -14 -10 21 3 2 -12 -6 7 18 24 -7 26 1 23 21 23 26 
-13 11 12 18 22 19 3 -4 6 2 -21 15 11 10 -8 15 -3 18 11 10 
22 -16 -22 10 4 11 -3 11 -12 8 -7 -2 24 10 6 11 24 13 16 -3 
-1 16 16 16 25 -14 -26 -8 16 10 7 0 -2 1 8 -26 6 13 21 22 
-1 24 9 -25 -16 9 -25 9 14 1 11 9 22 4 23 17 14 22 7 0 
23 -2 12 3 4 15 -10 11 -15 -11 18 4 17 -25 18 13 0 15 -25 11 
-17 -24 22 16 0 0 10 21 26 12 10 0 -13 15 -11 12 21 20 23 26 
21 4 21 26 -5 11 -10 27 13 9 11 -16 14 19 11 -15 26 9 21 23 
14 -24 5 15 10 14 8 24 16 2 23 -8 14 24 22 8 14 21 16 22 
22 16 21 14 8 22 24 14 -8 23 2 16 24 8 14 10 15 5 -24 14 
23 21 9 26 -15 11 19 14 -16 11 9 13 27 -10 11 -5 26 21 4 21 
26 23 20 21 12 -11 15 -13 0 10 12 26 21 10 0 0 16 22 -24 -17 
11 -25 15 0 13 18 -25 17 4 18 -11 -15 11 -10 15 4 3 12 -2 23 
0 7 22 14 17 23 4 22 9 11 1 14 9 -25 9 -16 -25 9 24 -1 
22 21 13 6 -26 8 1 -2 0 7 10 16 -8 -26 -14 25 16 16 16 -1 
-3 16 13 24 11 6 10 24 -2 -7 8 -12 11 -3 11 4 10 -22 -16 22 
10 11 18 -3 15 -8 10 11 15 -21 2 6 -4 3 19 22 18 12 11 -13 
26 23 21 23 1 26 -7 24 18 7 -6 -12 2 3 21 -10 -14 21 27 -5 
-27 9 -24 11 26 2 11 20 -14 23 23 -6 21 13 2 4 7 -12 11 19 
30
1
16 12
3 7
0
0
