20 20
5 10 1 -2 15 10 13 1 12 13 -6 5 3 2 13 -2 8 -12 9 5 
4 15 9 15 15 7 8 12 2 15 -3 13 4 -15 14 3 4 13 -7 -8 
13 -12 8 -11 2 7 14 7 13 1 -4 3 6 8 10 -1 15 4 5 14 
8 5 13 -13 15 0 3 -9 -6 11 14 2 15 0 9 0 -14 11 -2 2 
13 3 4 11 12 15 -10 10 8 5 6 7 1 -10 -7 9 14 6 6 13 
3 -10 5 7 1 13 7 6 15 6 -7 6 1 6 13 12 8 12 7 8 
-12 1 9 10 15 -14 7 14 12 -14 13 15 10 13 8 -1 -14 -1 5 -9 
2 9 3 5 13 10 -7 11 1 -14 -3 14 3 1 -1 14 6 11 11 15 
13 13 15 8 14 1 9 9 0 10 -3 2 7 -3 6 10 15 -15 5 7 
12 1 0 1 2 14 9 6 -11 11 1 14 6 -15 2 1 -11 0 9 13 
13 9 0 -11 1 2 -15 6 14 1 11 -11 6 9 14 2 1 0 1 12 
7 5 -15 15 10 6 -3 7 2 -3 10 0 9 9 1 14 8 15 13 13 
15 11 11 6 14 -1 1 3 14 -3 -14 1 11 -7 10 13 5 3 9 2 
-9 5 -1 -14 -1 8 13 10 15 13 -14 12 14 7 -14 15 10 9 1 -12 
8 7 12 8 12 13 6 1 6 -7 6 15 6 7 13 1 7 5 -10 3 
13 6 6 14 9 -7 -10 1 7 6 5 8 10 -10 15 12 11 4 3 13 
2 -2 11 -14 0 9 0 15 2 14 11 -6 -9 3 0 15 -13 13 5 8 
14 5 4 15 -1 10 8 6 3 -4 1 13 7 14 7 2 -11 8 -12 13 
-8 -7 13 4 3 14 -15 4 13 -3 15 2 12 8 7 15 15 9 15 4 
5 9 -12 8 -2 13 2 3 5 -6 13 12 1 13 10 15 -2 1 10 5 
30
1
0 2
19 17
0
0
