20 20
0 25 12 21 6 -17 20 -18 -15 16 2 13 11 13 25 21 -2 20 11 -16 
-10 10 -9 19 11 23 16 -4 9 21 24 14 -23 -12 13 18 23 -8 15 12 
4 11 3 20 -21 -9 -9 25 8 25 4 9 24 6 8 17 -12 24 -14 -5 
9 -15 -23 -6 24 0 19 14 2 9 3 21 14 25 -25 12 23 19 5 14 
-25 -7 10 12 6 24 6 -20 23 19 21 16 0 5 24 24 18 13 6 3 
20 14 1 8 5 14 6 2 24 15 5 5 -24 5 13 23 14 16 5 -2 
-8 6 6 13 -21 18 3 8 2 25 25 0 -18 -16 -7 1 9 20 10 4 
6 3 25 -12 11 24 9 18 19 25 14 20 12 -2 3 5 21 21 -14 3 
16 -8 13 16 22 -14 18 18 6 13 20 -21 14 5 14 12 5 13 25 1 
1 19 13 -11 6 12 24 15 14 20 -19 -14 17 -19 12 16 23 6 -5 1 
1 -5 6 23 16 12 -19 17 -14 -19 20 14 15 24 12 6 -11 13 19 1 
1 25 13 5 12 14 5 14 -21 20 13 6 18 18 -14 22 16 13 -8 16 
3 -14 21 21 5 3 -2 12 20 14 25 19 18 9 24 11 -12 25 3 6 
4 10 20 9 1 -7 -16 -18 0 25 25 2 8 3 18 -21 13 6 6 -8 
-2 5 16 14 23 13 5 -24 5 5 15 24 2 6 14 5 8 1 14 20 
3 6 13 18 24 24 5 0 16 21 19 23 -20 6 24 6 12 10 -7 -25 
14 5 19 23 12 -25 25 14 21 3 9 2 14 19 0 24 -6 -23 -15 9 
-5 -14 24 -12 17 8 6 24 9 4 25 8 25 -9 -9 -21 20 3 11 4 
12 15 -8 23 18 13 -12 -23 14 24 21 9 -4 16 23 11 19 -9 10 -10 
-16 11 20 -2 21 25 13 11 13 2 16 -15 -18 20 -17 6 21 12 25 0 
30
1
16 2
3 17
0
0
