20 20
26 -20 22 6 24 28 8 13 12 16 30 2 1 23 -6 8 28 27 11 2 
-25 24 0 9 28 0 -5 18 7 1 4 -10 -2 29 0 -29 1 17 -10 -25 
28 9 0 -25 15 3 4 -4 3 -29 5 7 8 -10 -29 20 5 30 13 12 
-7 -27 9 14 15 -24 28 22 -25 -11 9 12 -3 8 -7 16 14 20 19 4 
23 29 10 -9 -16 16 -2 -1 20 -4 8 -20 6 8 -26 13 5 -4 10 -12 
0 29 15 8 20 9 -28 -25 14 5 -18 24 3 9 6 24 20 5 2 -30 
-12 -24 -9 -18 -4 2 -1 14 10 27 19 -30 1 5 -16 -23 14 -3 11 22 
11 6 20 -10 1 29 2 15 5 16 -14 6 16 -5 23 18 15 -14 26 17 
2 0 21 8 8 13 -17 22 18 -13 26 30 17 30 11 21 -24 10 21 15 
26 -7 16 2 20 25 -16 -29 -3 9 17 -28 5 30 -14 20 21 -13 -23 7 
7 -23 -13 21 20 -14 30 5 -28 17 9 -3 -29 -16 25 20 2 16 -7 26 
15 21 10 -24 21 11 30 17 30 26 -13 18 22 -17 13 8 8 21 0 2 
17 26 -14 15 18 23 -5 16 6 -14 16 5 15 2 29 1 -10 20 6 11 
22 11 -3 14 -23 -16 5 1 -30 19 27 10 14 -1 2 -4 -18 -9 -24 -12 
-30 2 5 20 24 6 9 3 24 -18 5 14 -25 -28 9 20 8 15 29 0 
-12 10 -4 5 13 -26 8 6 -20 8 -4 20 -1 -2 16 -16 -9 10 29 23 
4 19 20 14 16 -7 8 -3 12 9 -11 -25 22 28 -24 15 14 9 -27 -7 
12 13 30 5 20 -29 -10 8 7 5 -29 3 -4 4 3 15 -25 0 9 28 
-25 -10 17 1 -29 0 29 -2 -10 4 1 7 18 -5 0 28 9 0 24 -25 
2 11 27 28 8 -6 23 1 2 30 16 12 13 8 28 24 6 22 -20 26 
30
1
2 9
17 10
0
0
