20 20
7 0 8 5 6 4 4 4 7 5 9 -5 4 -6 -11 -8 5 -1 -10 7 
11 6 8 8 -2 6 4 2 2 8 5 3 10 -2 -4 0 7 9 1 -10 
5 1 -5 8 10 -10 6 2 1 9 -9 10 5 6 11 1 11 4 8 11 
3 11 11 5 10 2 10 1 10 8 2 11 -4 2 0 3 0 1 -5 5 
10 4 -8 6 7 11 -9 0 4 2 4 1 4 -5 3 2 10 10 8 -8 
9 6 5 10 5 -6 -8 -11 4 6 2 9 11 11 -8 5 8 4 -9 -6 
6 10 3 10 9 2 0 -6 -2 5 -10 3 0 11 2 11 5 9 6 7 
1 7 8 5 0 4 -8 0 4 9 -11 6 9 10 -11 6 10 3 3 5 
1 8 4 10 8 10 3 7 11 7 2 11 1 7 0 1 -1 1 0 10 
-9 7 -5 2 -8 2 4 6 -7 8 8 9 8 5 6 0 3 7 7 11 
11 7 7 3 0 6 5 8 9 8 8 -7 6 4 2 -8 2 -5 7 -9 
10 0 1 -1 1 0 7 1 11 2 7 11 7 3 10 8 10 4 8 1 
5 3 3 10 6 -11 10 9 6 -11 9 4 0 -8 4 0 5 8 7 1 
7 6 9 5 11 2 11 0 3 -10 5 -2 -6 0 2 9 10 3 10 6 
-6 -9 4 8 5 -8 11 11 9 2 6 4 -11 -8 -6 5 10 5 6 9 
-8 8 10 10 2 3 -5 4 1 4 2 4 0 -9 11 7 6 -8 4 10 
5 -5 1 0 3 0 2 -4 11 2 8 10 1 10 2 10 5 11 11 3 
11 8 4 11 1 11 6 5 10 -9 9 1 2 6 -10 10 8 -5 1 5 
-10 1 9 7 0 -4 -2 10 3 5 8 2 2 4 6 -2 8 8 6 11 
7 -10 -1 5 -8 -11 -6 4 -5 9 5 7 4 4 4 6 5 8 0 7 
30
1
6 8
13 11
0
0
