20 20
1 9 14 -2 3 19 4 2 -13 -4 23 6 2 8 13 21 16 4 12 -5 
10 14 14 -3 -22 12 14 15 23 -12 4 0 17 18 22 -1 4 21 3 14 
22 23 -5 22 4 3 21 0 3 16 -4 20 -13 4 -18 16 6 -8 -11 14 
17 5 23 -11 -23 2 11 12 -23 9 18 12 4 12 22 21 -3 15 6 14 
20 9 -10 20 -1 -17 1 11 10 -23 2 -19 8 5 12 17 -9 4 17 18 
7 7 -3 16 -16 -15 10 11 1 15 19 11 17 19 19 -18 7 -18 -12 -22 
17 2 12 23 18 2 6 13 -10 20 -10 1 -5 5 4 0 17 16 7 21 
7 -20 9 20 -10 14 17 3 9 -3 10 22 13 22 -13 15 16 12 3 -15 
3 14 10 3 21 20 -18 15 11 21 12 0 11 -8 7 3 12 12 0 3 
23 15 14 4 22 -12 1 5 21 19 21 -11 7 6 17 3 -17 9 9 8 
8 9 9 -17 3 17 6 7 -11 21 19 21 5 1 -12 22 4 14 15 23 
3 0 12 12 3 7 -8 11 0 12 21 11 15 -18 20 21 3 10 14 3 
-15 3 12 16 15 -13 22 13 22 10 -3 9 3 17 14 -10 20 9 -20 7 
21 7 16 17 0 4 5 -5 1 -10 20 -10 13 6 2 18 23 12 2 17 
-22 -12 -18 7 -18 19 19 17 11 19 15 1 11 10 -15 -16 16 -3 7 7 
18 17 4 -9 17 12 5 8 -19 2 -23 10 11 1 -17 -1 20 -10 9 20 
14 6 15 -3 21 22 12 4 12 18 9 -23 12 11 2 -23 -11 23 5 17 
14 -11 -8 6 16 -18 4 -13 20 -4 16 3 0 21 3 4 22 -5 23 22 
14 3 21 4 -1 22 18 17 0 4 -12 23 15 14 12 -22 -3 14 14 10 
-5 12 4 16 21 13 8 2 6 23 -4 -13 2 4 19 3 -2 14 9 1 
30
1
17 11
2 8
0
0
