20 20
22 14 11 8 13 20 8 -2 -22 -23 12 9 -17 -10 24 11 1 20 20 -23 
12 24 10 -24 -5 -10 0 20 -3 26 -5 6 14 17 1 -12 19 23 20 3 
1 25 3 12 11 2 -16 -22 -8 2 14 -20 26 -13 14 1 14 16 14 9 
22 22 -11 10 12 5 19 5 -2 -25 12 11 2 -17 12 10 8 6 20 -24 
3 7 -16 10 -1 21 -9 -22 -2 14 24 13 8 2 15 18 26 24 13 14 
-2 -13 -11 5 15 12 -11 17 14 14 25 26 -24 10 4 -24 -23 19 -20 10 
22 18 21 -6 26 7 15 24 6 17 -10 24 10 11 -21 8 -9 5 -13 21 
11 17 -17 -17 8 14 19 13 17 9 18 15 10 13 -26 -21 2 25 16 -4 
-6 8 15 11 -12 -3 -23 23 4 17 15 4 20 -17 2 2 11 6 11 -3 
-7 9 19 8 20 17 17 5 19 0 25 8 -6 -7 5 -15 -1 10 1 3 
3 1 10 -1 -15 5 -7 -6 8 25 0 19 5 17 17 20 8 19 9 -7 
-3 11 6 11 2 2 -17 20 4 15 17 4 23 -23 -3 -12 11 15 8 -6 
-4 16 25 2 -21 -26 13 10 15 18 9 17 13 19 14 8 -17 -17 17 11 
21 -13 5 -9 8 -21 11 10 24 -10 17 6 24 15 7 26 -6 21 18 22 
10 -20 19 -23 -24 4 10 -24 26 25 14 14 17 -11 12 15 5 -11 -13 -2 
14 13 24 26 18 15 2 8 13 24 14 -2 -22 -9 21 -1 10 -16 7 3 
-24 20 6 8 10 12 -17 2 11 12 -25 -2 5 19 5 12 10 -11 22 22 
9 14 16 14 1 14 -13 26 -20 14 2 -8 -22 -16 2 11 12 3 25 1 
3 20 23 19 -12 1 17 14 6 -5 26 -3 20 0 -10 -5 -24 10 24 12 
-23 20 20 1 11 24 -10 -17 9 12 -23 -22 -2 8 20 13 8 11 14 22 
30
1
6 19
13 0
0
0
