20 20
1 7 -15 -6 9 9 -8 -7 2 6 9 4 10 -5 5 15 8 9 4 -2 
9 12 12 10 11 8 8 13 -8 11 6 -1 3 7 8 12 -7 -10 14 6 
12 -5 14 -9 7 10 7 15 13 -3 7 1 8 3 4 3 -15 14 5 12 
15 6 1 -8 12 10 9 7 6 12 -6 10 14 -7 7 0 7 4 11 -2 
14 7 3 14 8 15 6 10 -3 15 2 -9 11 4 1 8 -8 13 6 14 
14 6 -12 -6 15 12 -14 10 10 13 7 2 2 14 10 6 14 2 14 -2 
0 13 14 -15 14 9 12 4 14 8 10 -2 6 3 9 13 5 7 3 2 
8 7 11 -13 1 9 3 -2 9 -13 6 1 -12 15 1 8 3 8 4 8 
-4 14 -12 2 -7 1 14 7 6 4 3 6 -3 -8 -3 -10 15 -1 15 12 
-8 9 10 9 10 11 10 2 13 7 -3 10 3 1 5 10 7 13 12 11 
11 12 13 7 10 5 1 3 10 -3 7 13 2 10 11 10 9 10 9 -8 
12 15 -1 15 -10 -3 -8 -3 6 3 4 6 7 14 1 -7 2 -12 14 -4 
8 4 8 3 8 1 15 -12 1 6 -13 9 -2 3 9 1 -13 11 7 8 
2 3 7 5 13 9 3 6 -2 10 8 14 4 12 9 14 -15 14 13 0 
-2 14 2 14 6 10 14 2 2 7 13 10 10 -14 12 15 -6 -12 6 14 
14 6 13 -8 8 1 4 11 -9 2 15 -3 10 6 15 8 14 3 7 14 
-2 11 4 7 0 7 -7 14 10 -6 12 6 7 9 10 12 -8 1 6 15 
12 5 14 -15 3 4 3 8 1 7 -3 13 15 7 10 7 -9 14 -5 12 
6 14 -10 -7 12 8 7 3 -1 6 11 -8 13 8 8 11 10 12 12 9 
-2 4 9 8 15 5 -5 10 4 9 6 2 -7 -8 9 9 -6 -15 7 1 
30
1
8 6
11 13
0
0
