20 20
15 2 -5 -13 16 12 -11 -16 5 -9 2 -19 -16 -15 12 -11 19 10 -16 13 
14 -2 1 -5 0 20 8 14 5 8 -6 -6 4 3 4 -14 -14 -13 -16 15 
4 7 -15 12 -11 -5 12 3 13 15 11 4 3 18 16 10 18 5 8 6 
4 5 -18 -3 -18 -10 -15 18 18 -3 6 2 6 12 11 13 10 10 15 14 
6 15 20 20 11 2 -13 -6 17 14 0 12 -18 0 13 -20 0 19 1 12 
8 -19 11 20 6 14 8 -20 5 12 12 -1 -3 19 14 8 13 -8 -1 2 
-6 -14 17 16 11 3 -14 16 -8 9 9 16 10 1 -16 0 7 12 8 13 
7 15 3 11 5 -1 16 1 15 16 6 0 12 4 -13 10 20 12 19 9 
18 4 20 17 1 -15 9 9 -10 -12 1 -5 10 -10 -3 -16 8 6 2 15 
11 2 18 6 -17 4 -17 19 8 10 6 13 -18 14 -19 18 10 16 18 0 
0 18 16 10 18 -19 14 -18 13 6 10 8 19 -17 4 -17 6 18 2 11 
15 2 6 8 -16 -3 -10 10 -5 1 -12 -10 9 9 -15 1 17 20 4 18 
9 19 12 20 10 -13 4 12 0 6 16 15 1 16 -1 5 11 3 15 7 
13 8 12 7 0 -16 1 10 16 9 9 -8 16 -14 3 11 16 17 -14 -6 
2 -1 -8 13 8 14 19 -3 -1 12 12 5 -20 8 14 6 20 11 -19 8 
12 1 19 0 -20 13 0 -18 12 0 14 17 -6 -13 2 11 20 20 15 6 
14 15 10 10 13 11 12 6 2 6 -3 18 18 -15 -10 -18 -3 -18 5 4 
6 8 5 18 10 16 18 3 4 11 15 13 3 12 -5 -11 12 -15 7 4 
15 -16 -13 -14 -14 4 3 4 -6 -6 8 5 14 8 20 0 -5 1 -2 14 
13 -16 10 19 -11 12 -15 -16 -19 2 -9 5 -16 -11 12 16 -13 -5 2 15 
30
1
7 16
12 3
0
0
