20 20
1 14 4 -4 20 -14 -15 12 2 4 -19 -11 -22 3 -13 15 21 11 24 23 
14 21 24 -24 -22 16 23 24 15 6 7 3 -10 7 21 -12 -13 18 5 -4 
24 4 11 0 -21 11 -17 20 3 9 18 15 -19 14 5 17 1 0 18 6 
-21 24 10 24 8 7 16 -10 9 -13 -20 2 5 5 19 -8 3 13 13 -6 
21 8 2 18 20 13 -14 15 -6 -1 19 -15 17 24 11 21 16 11 9 8 
2 11 2 -3 9 12 6 5 22 5 8 -7 18 -15 7 1 15 4 19 -21 
-4 10 19 17 7 -9 0 2 19 -17 9 4 -11 1 10 11 13 3 -10 21 
5 2 15 6 2 22 -10 -6 5 14 18 4 9 13 24 -23 0 13 -1 4 
-7 4 12 22 -21 8 -13 14 14 19 2 2 5 -7 21 10 6 15 12 20 
-6 23 -18 -6 1 24 4 7 3 -4 7 8 -4 24 -13 19 18 23 -15 6 
6 -15 23 18 19 -13 24 -4 8 7 -4 3 7 4 24 1 -6 -18 23 -6 
20 12 15 6 10 21 -7 5 2 2 19 14 14 -13 8 -21 22 12 4 -7 
4 -1 13 0 -23 24 13 9 4 18 14 5 -6 -10 22 2 6 15 2 5 
21 -10 3 13 11 10 1 -11 4 9 -17 19 2 0 -9 7 17 19 10 -4 
-21 19 4 15 1 7 -15 18 -7 8 5 22 5 6 12 9 -3 2 11 2 
8 9 11 16 21 11 24 17 -15 19 -1 -6 15 -14 13 20 18 2 8 21 
-6 13 13 3 -8 19 5 5 2 -20 -13 9 -10 16 7 8 24 10 24 -21 
6 18 0 1 17 5 14 -19 15 18 9 3 20 -17 11 -21 0 11 4 24 
-4 5 18 -13 -12 21 7 -10 3 7 6 15 24 23 16 -22 -24 24 21 14 
23 24 11 21 15 -13 3 -22 -11 -19 4 2 12 -15 -14 20 -4 4 14 1 
30
1
14 12
5 7
0
0
