20 20
23 -14 11 9 13 -9 14 17 -21 17 -10 7 -18 23 11 16 -4 4 9 -17 
9 16 2 20 17 -1 -12 4 -24 13 6 22 -17 -6 9 -7 18 18 0 15 
17 18 -21 14 -10 -8 4 -7 -12 -17 4 0 4 10 8 21 15 20 -19 15 
24 -6 5 15 19 -23 24 4 13 12 22 12 10 22 -24 14 12 -19 -9 -22 
21 5 -17 2 4 -18 21 24 15 7 7 -9 8 1 1 23 21 -19 17 13 
7 17 14 -8 7 4 -17 19 -16 17 0 6 2 5 -7 16 -2 15 2 21 
-3 9 13 1 3 16 -2 24 11 21 1 11 6 -20 10 15 21 -17 20 2 
10 -8 14 -12 7 -23 15 15 13 -20 3 15 19 13 4 0 -13 4 -10 22 
-10 -1 -1 14 -10 22 1 6 -12 23 21 -16 1 14 21 -18 15 12 10 -17 
3 24 -17 12 23 2 9 4 16 4 -13 5 3 -12 20 14 23 7 15 -15 
-15 15 7 23 14 20 -12 3 5 -13 4 16 4 9 2 23 12 -17 24 3 
-17 10 12 15 -18 21 14 1 -16 21 23 -12 6 1 22 -10 14 -1 -1 -10 
22 -10 4 -13 0 4 13 19 15 3 -20 13 15 15 -23 7 -12 14 -8 10 
2 20 -17 21 15 10 -20 6 11 1 21 11 24 -2 16 3 1 13 9 -3 
21 2 15 -2 16 -7 5 2 6 0 17 -16 19 -17 4 7 -8 14 17 7 
13 17 -19 21 23 1 1 8 -9 7 7 15 24 21 -18 4 2 -17 5 21 
-22 -9 -19 12 14 -24 22 10 12 22 12 13 4 24 -23 19 15 5 -6 24 
15 -19 20 15 21 8 10 4 0 4 -17 -12 -7 4 -8 -10 14 -21 18 17 
15 0 18 18 -7 9 -6 -17 22 6 13 -24 4 -12 -1 17 20 2 16 9 
-17 9 4 -4 16 11 23 -18 7 -10 17 -21 17 14 -9 13 9 11 -14 23 
30
1
9 16
10 3
0
0
