20 20
-1 11 6 18 17 15 22 -15 6 8 15 3 24 0 -9 21 7 16 23 -18 
6 2 19 -12 5 19 -7 11 22 -6 3 16 0 13 -5 3 7 18 16 2 
17 -1 10 4 20 12 19 -7 13 16 11 15 -14 22 13 -2 3 -9 21 17 
3 -15 3 20 11 13 18 18 1 11 20 19 19 4 -22 13 -24 -14 16 5 
-1 13 8 22 2 16 -21 -8 20 -24 15 15 21 8 17 8 -10 2 8 10 
-21 4 19 8 -16 7 23 -14 11 -10 12 6 2 21 -18 -12 20 12 -9 -5 
3 -14 22 7 20 18 13 12 15 13 13 7 2 13 2 22 13 -8 20 20 
-3 16 16 24 10 19 14 24 -14 21 21 -6 -10 7 -14 -2 18 22 -8 23 
6 -20 20 8 -17 -19 13 8 3 10 2 16 -11 -5 21 22 14 -2 -6 15 
-5 0 23 -13 16 -20 -1 -22 23 20 1 -5 3 -24 -7 5 15 -18 14 -12 
-12 14 -18 15 5 -7 -24 3 -5 1 20 23 -22 -1 -20 16 -13 23 0 -5 
15 -6 -2 14 22 21 -5 -11 16 2 10 3 8 13 -19 -17 8 20 -20 6 
23 -8 22 18 -2 -14 7 -10 -6 21 21 -14 24 14 19 10 24 16 16 -3 
20 20 -8 13 22 2 13 2 7 13 13 15 12 13 18 20 7 22 -14 3 
-5 -9 12 20 -12 -18 21 2 6 12 -10 11 -14 23 7 -16 8 19 4 -21 
10 8 2 -10 8 17 8 21 15 15 -24 20 -8 -21 16 2 22 8 13 -1 
5 16 -14 -24 13 -22 4 19 19 20 11 1 18 18 13 11 20 3 -15 3 
17 21 -9 3 -2 13 22 -14 15 11 16 13 -7 19 12 20 4 10 -1 17 
2 16 18 7 3 -5 13 0 16 3 -6 22 11 -7 19 5 -12 19 2 6 
-18 23 16 7 21 -9 0 24 3 15 8 6 -15 22 15 17 18 6 11 -1 
30
1
1 8
18 11
0
0
