20 20
17 -19 16 0 -2 10 15 14 6 6 4 11 -4 6 -14 1 14 -7 6 6 
19 -11 15 -12 16 8 2 -15 7 -16 -12 11 18 13 5 10 14 10 19 15 
20 9 11 10 -12 8 6 -5 18 -16 12 5 20 12 2 14 17 15 12 7 
11 -5 10 -11 8 13 4 2 3 11 1 -12 -3 9 10 8 5 20 -5 -19 
-20 -20 19 -6 2 4 16 8 19 9 14 2 0 17 18 20 8 20 -14 8 
18 3 18 -17 13 20 -16 11 9 19 10 7 9 -11 -18 5 9 13 -7 12 
-2 -5 18 7 9 5 13 8 14 0 14 20 -6 5 14 1 2 4 20 12 
18 9 -20 -1 3 13 12 -16 4 2 12 7 19 -5 6 11 17 0 0 7 
-4 14 -18 2 -3 7 7 6 -3 7 1 12 18 7 -15 6 -18 18 -14 12 
-13 -20 6 -3 12 -17 10 6 6 14 13 -17 6 20 -12 -18 2 16 -8 16 
16 -8 16 2 -18 -12 20 6 -17 13 14 6 6 10 -17 12 -3 6 -20 -13 
12 -14 18 -18 6 -15 7 18 12 1 7 -3 6 7 7 -3 2 -18 14 -4 
7 0 0 17 11 6 -5 19 7 12 2 4 -16 12 13 3 -1 -20 9 18 
12 20 4 2 1 14 5 -6 20 14 0 14 8 13 5 9 7 18 -5 -2 
12 -7 13 9 5 -18 -11 9 7 10 19 9 11 -16 20 13 -17 18 3 18 
8 -14 20 8 20 18 17 0 2 14 9 19 8 16 4 2 -6 19 -20 -20 
-19 -5 20 5 8 10 9 -3 -12 1 11 3 2 4 13 8 -11 10 -5 11 
7 12 15 17 14 2 12 20 5 12 -16 18 -5 6 8 -12 10 11 9 20 
15 19 10 14 10 5 13 18 11 -12 -16 7 -15 2 8 16 -12 15 -11 19 
6 6 -7 14 1 -14 6 -4 11 4 6 6 14 15 10 -2 0 16 -19 17 
30
1
16 19
3 0
0
0
