20 20
4 -3 1 2 15 -15 3 -4 18 12 17 -8 14 -2 14 13 0 10 9 11 
9 14 -2 -18 17 -12 9 15 17 -11 -7 -14 12 5 5 -9 10 2 -9 17 
11 11 11 -13 18 13 6 15 14 15 14 -14 3 -14 -6 0 2 9 5 6 
2 6 18 -10 14 12 -12 7 7 9 9 4 15 4 -6 3 -6 -15 3 11 
15 13 -8 15 1 11 15 12 -6 6 -1 7 11 -7 -10 -1 7 -11 7 15 
5 -13 3 5 1 16 1 18 -13 8 17 8 16 15 -18 2 5 2 6 8 
17 17 17 -18 11 18 12 -2 -7 -18 12 13 8 -9 8 -18 3 -8 17 10 
3 15 -18 14 18 -18 4 -5 -14 5 5 17 -9 14 4 17 1 7 -9 17 
18 3 10 2 4 3 6 5 11 2 18 3 15 7 -6 0 2 -15 4 6 
11 5 16 9 4 3 2 1 6 5 -9 1 10 17 14 -15 7 5 15 11 
11 15 5 7 -15 14 17 10 1 -9 5 6 1 2 3 4 9 16 5 11 
6 4 -15 2 0 -6 7 15 3 18 2 11 5 6 3 4 2 10 3 18 
17 -9 7 1 17 4 14 -9 17 5 5 -14 -5 4 -18 18 14 -18 15 3 
10 17 -8 3 -18 8 -9 8 13 12 -18 -7 -2 12 18 11 -18 17 17 17 
8 6 2 5 2 -18 15 16 8 17 8 -13 18 1 16 1 5 3 -13 5 
15 7 -11 7 -1 -10 -7 11 7 -1 6 -6 12 15 11 1 15 -8 13 15 
11 3 -15 -6 3 -6 4 15 4 9 9 7 7 -12 12 14 -10 18 6 2 
6 5 9 2 0 -6 -14 3 -14 14 15 14 15 6 13 18 -13 11 11 11 
17 -9 2 10 -9 5 5 12 -14 -7 -11 17 15 9 -12 17 -18 -2 14 9 
11 9 10 0 13 14 -2 14 -8 17 12 18 -4 3 -15 15 2 1 -3 4 
30
1
17 11
2 8
0
0
