20 20
9 26 4 7 26 2 19 11 3 -7 -4 16 2 17 10 24 7 12 22 1 
-22 9 14 -25 9 14 20 -7 21 15 -17 4 -22 16 -6 11 -22 13 24 -3 
7 4 22 -1 6 16 17 -11 8 -20 5 25 -5 6 -15 19 -22 18 -16 5 
1 -26 10 3 -21 -20 19 0 19 21 -20 -8 9 20 -24 15 -16 -11 17 -11 
18 -15 10 1 16 14 -6 -26 1 3 24 24 13 13 8 -16 9 15 18 7 
5 17 2 24 -20 3 14 14 9 23 -7 17 6 5 4 23 19 -13 12 21 
0 9 0 11 24 10 13 22 -3 11 12 -13 18 20 -12 16 -12 1 24 12 
14 14 20 11 17 -23 6 3 8 24 16 21 22 26 17 -19 -15 20 14 13 
10 26 7 21 14 19 17 10 26 26 22 24 -17 9 -11 11 -9 25 19 24 
3 -13 26 14 26 13 5 11 4 -14 -4 7 25 21 4 6 10 10 10 -20 
-20 10 10 10 6 4 21 25 7 -4 -14 4 11 5 13 26 14 26 -13 3 
24 19 25 -9 11 -11 9 -17 24 22 26 26 10 17 19 14 21 7 26 10 
13 14 20 -15 -19 17 26 22 21 16 24 8 3 6 -23 17 11 20 14 14 
12 24 1 -12 16 -12 20 18 -13 12 11 -3 22 13 10 24 11 0 9 0 
21 12 -13 19 23 4 5 6 17 -7 23 9 14 14 3 -20 24 2 17 5 
7 18 15 9 -16 8 13 13 24 24 3 1 -26 -6 14 16 1 10 -15 18 
-11 17 -11 -16 15 -24 20 9 -8 -20 21 19 0 19 -20 -21 3 10 -26 1 
5 -16 18 -22 19 -15 6 -5 25 5 -20 8 -11 17 16 6 -1 22 4 7 
-3 24 13 -22 11 -6 16 -22 4 -17 15 21 -7 20 14 9 -25 14 9 -22 
1 22 12 7 24 10 17 2 16 -4 -7 3 11 19 2 26 7 4 26 9 
30
1
9 14
10 5
0
0
