20 20
12 -1 4 15 -14 13 2 10 0 15 -7 8 14 -9 20 -18 -1 5 -17 -6 
19 7 -1 18 7 7 3 7 14 12 -7 7 4 20 2 4 15 -1 11 12 
15 1 1 11 16 17 18 2 7 14 11 10 15 7 1 16 -1 19 -2 9 
11 6 19 11 -9 6 2 -9 20 20 14 14 19 0 2 -5 12 16 19 15 
6 20 18 20 2 -20 13 14 -7 3 12 13 -8 -12 7 15 15 16 12 16 
9 20 6 8 3 3 11 11 9 18 19 17 14 14 -2 19 -19 1 13 1 
0 20 -6 7 14 19 -5 15 -3 1 10 12 13 10 6 19 -20 1 19 0 
11 12 3 -5 19 17 7 6 -6 -9 13 13 -15 11 3 0 19 -9 2 3 
-13 1 13 2 13 7 18 15 19 0 -6 -7 -10 -12 2 19 9 6 4 8 
17 13 16 7 0 16 17 3 11 15 9 12 13 20 -15 -3 5 11 12 -12 
-12 12 11 5 -3 -15 20 13 12 9 15 11 3 17 16 0 7 16 13 17 
8 4 6 9 19 2 -12 -10 -7 -6 0 19 15 18 7 13 2 13 1 -13 
3 2 -9 19 0 3 11 -15 13 13 -9 -6 6 7 17 19 -5 3 12 11 
0 19 1 -20 19 6 10 13 12 10 1 -3 15 -5 19 14 7 -6 20 0 
1 13 1 -19 19 -2 14 14 17 19 18 9 11 11 3 3 8 6 20 9 
16 12 16 15 15 7 -12 -8 13 12 3 -7 14 13 -20 2 20 18 20 6 
15 19 16 12 -5 2 0 19 14 14 20 20 -9 2 6 -9 11 19 6 11 
9 -2 19 -1 16 1 7 15 10 11 14 7 2 18 17 16 11 1 1 15 
12 11 -1 15 4 2 20 4 7 -7 12 14 7 3 7 7 18 -1 7 19 
-6 -17 5 -1 -18 20 -9 14 8 -7 15 0 10 2 13 -14 15 4 -1 12 
30
1
6 14
13 5
0
0
