20 20
7 13 -2 7 3 3 4 4 14 1 10 4 -9 19 18 7 -11 0 -17 8 
-14 1 -15 -3 6 10 3 -19 13 15 9 14 8 8 1 9 11 -7 10 8 
-5 -9 -2 18 6 9 0 13 6 1 2 18 6 -2 5 12 18 -6 13 15 
2 -5 15 -9 1 13 0 -7 14 18 17 6 7 19 17 3 16 -16 2 -19 
-8 6 -1 9 15 15 -14 8 -5 9 -5 -16 19 13 4 -9 -2 2 9 -14 
2 -7 14 7 -7 0 2 17 18 6 13 -14 9 5 18 -18 -2 12 2 2 
3 15 7 7 16 -12 14 16 18 15 8 19 -16 17 1 4 -5 19 2 -14 
19 6 -14 -7 5 19 17 -8 18 -11 13 2 19 -3 -2 9 15 14 7 14 
16 -11 1 11 0 19 11 3 16 -7 18 2 15 -14 -9 15 1 17 14 11 
-1 10 17 4 4 12 17 7 4 4 18 -5 16 16 -7 5 -19 6 1 4 
4 1 6 -19 5 -7 16 16 -5 18 4 4 7 17 12 4 4 17 10 -1 
11 14 17 1 15 -9 -14 15 2 18 -7 16 3 11 19 0 11 1 -11 16 
14 7 14 15 9 -2 -3 19 2 13 -11 18 -8 17 19 5 -7 -14 6 19 
-14 2 19 -5 4 1 17 -16 19 8 15 18 16 14 -12 16 7 7 15 3 
2 2 12 -2 -18 18 5 9 -14 13 6 18 17 2 0 -7 7 14 -7 2 
-14 9 2 -2 -9 4 13 19 -16 -5 9 -5 8 -14 15 15 9 -1 6 -8 
-19 2 -16 16 3 17 19 7 6 17 18 14 -7 0 13 1 -9 15 -5 2 
15 13 -6 18 12 5 -2 6 18 2 1 6 13 0 9 6 18 -2 -9 -5 
8 10 -7 11 9 1 8 8 14 9 15 13 -19 3 10 6 -3 -15 1 -14 
8 -17 0 -11 7 18 19 -9 4 10 1 14 4 4 3 3 7 -2 13 7 
30
1
7 12
12 7
0
0
