20 20
7 -5 14 16 13 -17 13 9 15 7 17 -15 -9 -14 12 3 -13 -8 1 14 
-8 10 -14 15 9 5 15 6 4 4 13 3 15 15 14 7 11 13 10 6 
7 -5 -5 16 -2 -10 2 7 -11 9 8 -14 5 5 8 12 3 -15 0 -14 
11 12 7 16 5 -16 -10 3 3 -4 -11 12 6 16 2 13 10 17 14 4 
6 15 15 17 3 14 3 -2 6 14 16 5 5 0 -1 1 4 15 4 17 
3 1 17 4 -1 16 6 7 -14 -14 0 11 -17 14 -15 6 -4 2 1 11 
0 -6 7 8 8 10 10 6 9 13 6 6 7 12 -1 16 -2 15 10 -6 
0 8 7 -8 3 1 -9 0 11 6 -12 -3 8 12 10 16 15 3 1 3 
2 2 3 6 -10 -11 13 0 -2 7 7 0 1 8 17 12 2 5 12 -16 
17 15 8 3 13 2 8 15 6 15 0 -2 14 -3 7 16 -12 12 10 16 
16 10 12 -12 16 7 -3 14 -2 0 15 6 15 8 2 13 3 8 15 17 
-16 12 5 2 12 17 8 1 0 7 7 -2 0 13 -11 -10 6 3 2 2 
3 1 3 15 16 10 12 8 -3 -12 6 11 0 -9 1 3 -8 7 8 0 
-6 10 15 -2 16 -1 12 7 6 6 13 9 6 10 10 8 8 7 -6 0 
11 1 2 -4 6 -15 14 -17 11 0 -14 -14 7 6 16 -1 4 17 1 3 
17 4 15 4 1 -1 0 5 5 16 14 6 -2 3 14 3 17 15 15 6 
4 14 17 10 13 2 16 6 12 -11 -4 3 3 -10 -16 5 16 7 12 11 
-14 0 -15 3 12 8 5 5 -14 8 9 -11 7 2 -10 -2 16 -5 -5 7 
6 10 13 11 7 14 15 15 3 13 4 4 6 15 5 9 15 -14 10 -8 
14 1 -8 -13 3 12 -14 -9 -15 17 7 15 9 13 -17 13 16 14 -5 7 
30
1
14 13
5 6
0
0
