20 20
-20 -2 5 26 22 -20 15 22 15 -18 4 -21 15 22 9 13 12 5 14 16 
-24 10 16 21 13 -11 -16 3 4 12 19 -19 -7 2 6 6 6 5 14 7 
7 -13 -10 7 19 5 14 9 -25 12 20 4 -9 7 -26 -16 0 3 8 -5 
-10 -4 2 25 15 4 -1 14 9 13 5 -24 24 -6 -9 -1 10 1 4 24 
-7 3 24 2 11 6 2 19 9 6 25 2 11 12 16 4 5 24 25 11 
18 24 21 18 23 26 15 6 9 -7 5 -11 2 -21 -16 -23 11 15 22 20 
10 19 6 -6 2 16 15 1 -20 7 20 22 -26 8 -24 24 22 15 -24 -10 
0 26 -9 -7 -26 9 26 -22 -19 13 21 16 13 -4 5 -11 13 18 17 1 
6 9 9 21 10 18 22 1 3 0 16 20 8 10 18 -2 18 25 15 0 
-12 14 -5 12 -13 18 17 -6 -23 3 21 26 -16 23 17 -11 16 20 25 20 
20 25 20 16 -11 17 23 -16 26 21 3 -23 -6 17 18 -13 12 -5 14 -12 
0 15 25 18 -2 18 10 8 20 16 0 3 1 22 18 10 21 9 9 6 
1 17 18 13 -11 5 -4 13 16 21 13 -19 -22 26 9 -26 -7 -9 26 0 
-10 -24 15 22 24 -24 8 -26 22 20 7 -20 1 15 16 2 -6 6 19 10 
20 22 15 11 -23 -16 -21 2 -11 5 -7 9 6 15 26 23 18 21 24 18 
11 25 24 5 4 16 12 11 2 25 6 9 19 2 6 11 2 24 3 -7 
24 4 1 10 -1 -9 -6 24 -24 5 13 9 14 -1 4 15 25 2 -4 -10 
-5 8 3 0 -16 -26 7 -9 4 20 12 -25 9 14 5 19 7 -10 -13 7 
7 14 5 6 6 6 2 -7 -19 19 12 4 3 -16 -11 13 21 16 10 -24 
16 14 5 12 13 9 22 15 -21 4 -18 15 22 15 -20 22 26 5 -2 -20 
30
1
3 13
16 6
0
0
