20 20
18 -14 -8 -17 -12 8 2 16 9 11 -8 14 1 3 -7 -19 16 -4 -12 8 
2 10 12 8 3 -8 16 14 -14 5 12 5 8 1 -2 2 -3 13 -5 17 
5 17 14 -18 13 14 11 3 -18 -17 5 2 3 -9 6 12 4 14 12 13 
-9 2 -10 19 13 -10 0 3 0 -14 6 17 10 -19 8 12 -11 17 17 -9 
2 6 14 -9 6 14 1 3 15 12 4 -18 10 16 -1 -8 13 19 4 17 
2 4 13 17 -17 -6 -7 18 12 8 5 6 6 19 -10 8 9 -8 13 17 
11 -5 3 8 -9 0 7 19 3 16 6 12 0 8 17 9 9 9 5 15 
14 -9 -5 16 19 -15 19 0 -6 -17 -13 16 -7 -12 15 -14 19 16 -9 -6 
3 19 2 -18 -4 19 3 -3 16 4 -19 15 17 15 18 4 -13 0 2 8 
4 3 11 7 -15 -5 -17 -16 4 16 1 4 8 3 19 12 -15 -6 8 0 
0 8 -6 -15 12 19 3 8 4 1 16 4 -16 -17 -5 -15 7 11 3 4 
8 2 0 -13 4 18 15 17 15 -19 4 16 -3 3 19 -4 -18 2 19 3 
-6 -9 16 19 -14 15 -12 -7 16 -13 -17 -6 0 19 -15 19 16 -5 -9 14 
15 5 9 9 9 17 8 0 12 6 16 3 19 7 0 -9 8 3 -5 11 
17 13 -8 9 8 -10 19 6 6 5 8 12 18 -7 -6 -17 17 13 4 2 
17 4 19 13 -8 -1 16 10 -18 4 12 15 3 1 14 6 -9 14 6 2 
-9 17 17 -11 12 8 -19 10 17 6 -14 0 3 0 -10 13 19 -10 2 -9 
13 12 14 4 12 6 -9 3 2 5 -17 -18 3 11 14 13 -18 14 17 5 
17 -5 13 -3 2 -2 1 8 5 12 5 -14 14 16 -8 3 8 12 10 2 
8 -12 -4 16 -19 -7 3 1 14 -8 11 9 16 2 8 -12 -17 -8 -14 18 
30
1
10 13
9 6
0
0
