20 20
14 2 13 12 9 18 14 -10 5 -10 20 16 14 10 19 4 16 -1 8 8 
12 9 5 8 2 -7 18 18 14 -9 15 -13 -15 8 19 13 -10 18 -11 -9 
6 20 5 6 0 19 20 -8 -18 -5 18 11 14 4 14 18 11 -14 9 7 
5 4 13 16 19 16 14 1 2 7 0 -9 -17 -16 1 -15 6 2 -1 2 
-2 13 3 3 8 3 -13 0 13 -15 20 7 15 18 10 0 20 13 9 19 
5 11 18 9 -15 -6 10 19 20 4 -20 6 1 8 20 11 3 -17 9 10 
-17 15 1 2 19 13 19 15 12 -12 9 -8 1 -14 -13 -2 11 2 9 17 
-9 -18 2 16 9 4 -1 -20 14 0 0 -16 -8 5 4 13 -2 4 15 16 
11 11 1 13 5 7 -15 0 13 -11 11 18 18 -13 10 -11 10 8 8 13 
-6 6 8 16 20 -12 5 10 17 6 16 1 15 9 14 14 7 -12 13 16 
16 13 -12 7 14 14 9 15 1 16 6 17 10 5 -12 20 16 8 6 -6 
13 8 8 10 -11 10 -13 18 18 11 -11 13 0 -15 7 5 13 1 11 11 
16 15 4 -2 13 4 5 -8 -16 0 0 14 -20 -1 4 9 16 2 -18 -9 
17 9 2 11 -2 -13 -14 1 -8 9 -12 12 15 19 13 19 2 1 15 -17 
10 9 -17 3 11 20 8 1 6 -20 4 20 19 10 -6 -15 9 18 11 5 
19 9 13 20 0 10 18 15 7 20 -15 13 0 -13 3 8 3 3 13 -2 
2 -1 2 6 -15 1 -16 -17 -9 0 7 2 1 14 16 19 16 13 4 5 
7 9 -14 11 18 14 4 14 11 18 -5 -18 -8 20 19 0 6 5 20 6 
-9 -11 18 -10 13 19 8 -15 -13 15 -9 14 18 18 -7 2 8 5 9 12 
8 8 -1 16 4 19 10 14 16 20 -10 5 -10 14 18 9 12 13 2 14 
30
1
16 5
3 14
0
0
