20 20
6 5 18 18 23 -29 1 22 6 1 -27 -24 18 25 21 28 18 18 13 3 
9 15 7 24 20 28 29 26 20 11 27 10 -15 2 -7 1 5 27 18 -5 
1 19 16 16 2 15 -10 -25 7 27 -18 29 27 0 25 10 -5 14 26 1 
12 28 -5 23 20 17 27 23 7 11 -19 3 7 10 -17 20 5 29 4 -16 
22 4 14 28 3 -5 11 5 -28 29 18 4 -28 21 17 20 28 14 14 26 
26 24 10 24 13 -16 -27 2 14 11 15 1 0 11 -27 26 -23 10 -2 4 
3 22 20 9 29 6 2 -20 6 14 -8 5 11 -6 7 8 -26 9 -16 12 
4 9 -1 13 16 6 12 12 1 -6 15 5 -17 4 2 13 13 8 -17 21 
5 4 -5 11 -23 -28 28 11 28 12 8 6 9 -27 18 21 13 9 -28 12 
13 -29 18 25 2 -25 10 -5 -9 -12 20 26 -24 27 -10 16 -22 21 27 6 
6 27 21 -22 16 -10 27 -24 26 20 -12 -9 -5 10 -25 2 25 18 -29 13 
12 -28 9 13 21 18 -27 9 6 8 12 28 11 28 -28 -23 11 -5 4 5 
21 -17 8 13 13 2 4 -17 5 15 -6 1 12 12 6 16 13 -1 9 4 
12 -16 9 -26 8 7 -6 11 5 -8 14 6 -20 2 6 29 9 20 22 3 
4 -2 10 -23 26 -27 11 0 1 15 11 14 2 -27 -16 13 24 10 24 26 
26 14 14 28 20 17 21 -28 4 18 29 -28 5 11 -5 3 28 14 4 22 
-16 4 29 5 20 -17 10 7 3 -19 11 7 23 27 17 20 23 -5 28 12 
1 26 14 -5 10 25 0 27 29 -18 27 7 -25 -10 15 2 16 16 19 1 
-5 18 27 5 1 -7 2 -15 10 27 11 20 26 29 28 20 24 7 15 9 
3 13 18 18 28 21 25 18 -24 -27 1 6 22 1 -29 23 18 18 5 6 
30
1
11 4
8 15
0
0
