20 20
5 12 1 1 5 24 20 16 17 0 12 16 21 -16 20 20 -11 12 -27 2 
23 3 -18 -10 -23 14 -13 0 16 -20 -17 11 22 -15 13 -8 -4 -21 -6 -19 
-11 10 14 18 22 19 13 9 24 17 -13 21 5 3 6 12 2 15 5 -11 
17 5 6 7 16 24 26 19 -13 13 22 4 26 8 4 9 23 15 17 -7 
22 14 15 16 21 15 15 22 5 19 15 14 3 -22 10 14 0 11 4 14 
5 15 16 -13 10 6 -16 -12 7 17 15 -24 -24 23 5 20 -6 18 -8 27 
14 -26 -16 3 8 22 -5 4 23 19 16 -26 -16 -19 18 19 24 -7 5 24 
7 9 16 2 -18 18 20 8 -3 27 2 17 16 3 22 1 7 11 7 -14 
6 1 -5 12 10 6 -8 -14 18 2 0 18 11 17 25 -12 6 4 23 -17 
13 -17 12 -14 5 3 -16 15 19 21 19 6 19 3 18 7 14 21 3 21 
21 3 21 14 7 18 3 19 6 19 21 19 15 -16 3 5 -14 12 -17 13 
-17 23 4 6 -12 25 17 11 18 0 2 18 -14 -8 6 10 12 -5 1 6 
-14 7 11 7 1 22 3 16 17 2 27 -3 8 20 18 -18 2 16 9 7 
24 5 -7 24 19 18 -19 -16 -26 16 19 23 4 -5 22 8 3 -16 -26 14 
27 -8 18 -6 20 5 23 -24 -24 15 17 7 -12 -16 6 10 -13 16 15 5 
14 4 11 0 14 10 -22 3 14 15 19 5 22 15 15 21 16 15 14 22 
-7 17 15 23 9 4 8 26 4 22 13 -13 19 26 24 16 7 6 5 17 
-11 5 15 2 12 6 3 5 21 -13 17 24 9 13 19 22 18 14 10 -11 
-19 -6 -21 -4 -8 13 -15 22 11 -17 -20 16 0 -13 14 -23 -10 -18 3 23 
2 -27 12 -11 20 20 -16 21 16 12 0 17 16 20 24 5 1 1 12 5 
30
1
14 5
5 14
0
0
