20 20
15 5 4 1 -6 17 10 8 11 -4 9 9 -11 13 15 11 -8 3 4 9 
-8 6 13 -10 8 14 14 -15 3 -12 12 0 18 -1 -1 0 4 17 17 0 
15 -11 11 19 11 10 2 1 -3 -16 15 0 18 -7 4 9 7 -2 19 17 
-12 4 21 18 14 -21 6 20 -7 -21 -6 -2 21 13 21 7 15 -20 -18 21 
-18 4 6 19 21 3 -8 18 -18 11 17 13 -5 16 12 11 0 6 19 9 
4 16 20 -14 -18 0 8 9 2 -6 14 7 -18 -21 8 7 9 13 18 -11 
6 17 3 -9 4 5 4 11 20 -19 2 5 3 6 13 6 9 -7 14 5 
19 -6 21 4 16 -15 -10 18 -14 -14 15 11 0 -10 7 15 21 10 19 17 
-6 17 21 -2 19 -19 13 19 -14 3 -1 1 11 17 9 2 -4 14 14 4 
12 20 13 15 21 18 12 12 8 9 19 -21 -14 6 -16 -12 21 4 9 4 
4 9 4 21 -12 -16 6 -14 -21 19 9 8 12 12 18 21 15 13 20 12 
4 14 14 -4 2 9 17 11 1 -1 3 -14 19 13 -19 19 -2 21 17 -6 
17 19 10 21 15 7 -10 0 11 15 -14 -14 18 -10 -15 16 4 21 -6 19 
5 14 -7 9 6 13 6 3 5 2 -19 20 11 4 5 4 -9 3 17 6 
-11 18 13 9 7 8 -21 -18 7 14 -6 2 9 8 0 -18 -14 20 16 4 
9 19 6 0 11 12 16 -5 13 17 11 -18 18 -8 3 21 19 6 4 -18 
21 -18 -20 15 7 21 13 21 -2 -6 -21 -7 20 6 -21 14 18 21 4 -12 
17 19 -2 7 9 4 -7 18 0 15 -16 -3 1 2 10 11 19 11 -11 15 
0 17 17 4 0 -1 -1 18 0 12 -12 3 -15 14 14 8 -10 13 6 -8 
9 4 3 -8 11 15 13 -11 9 9 -4 11 8 10 17 -6 1 4 5 15 
30
1
4 7
15 12
0
0
