20 20
-9 5 -12 17 9 1 -20 17 5 23 21 6 -6 0 -18 22 24 4 14 -6 
7 12 9 24 1 -20 11 3 3 2 11 23 -1 13 25 17 12 10 4 6 
-1 -16 13 18 16 -15 11 -22 5 -6 12 10 25 4 -20 -20 -6 -2 25 16 
12 11 18 2 -2 21 1 14 14 17 10 10 12 -2 7 19 11 -17 -3 17 
12 20 22 10 5 3 -14 -21 15 13 18 9 24 8 21 -11 17 10 23 -22 
-13 15 20 -18 14 15 7 14 8 11 24 17 5 20 17 14 3 17 6 18 
4 19 12 6 5 12 18 8 6 4 23 9 -4 4 0 -6 -9 -12 12 14 
5 24 8 17 12 1 -3 8 12 11 11 19 24 22 22 6 7 -25 17 7 
10 9 -5 23 7 4 25 -14 20 25 23 -18 20 -19 13 16 23 24 4 -5 
3 5 8 4 7 19 6 0 20 -20 13 21 17 7 13 -17 12 -13 23 -6 
-6 23 -13 12 -17 13 7 17 21 13 -20 20 0 6 19 7 4 8 5 3 
-5 4 24 23 16 13 -19 20 -18 23 25 20 -14 25 4 7 23 -5 9 10 
7 17 -25 7 6 22 22 24 19 11 11 12 8 -3 1 12 17 8 24 5 
14 12 -12 -9 -6 0 4 -4 9 23 4 6 8 18 12 5 6 12 19 4 
18 6 17 3 14 17 20 5 17 24 11 8 14 7 15 14 -18 20 15 -13 
-22 23 10 17 -11 21 8 24 9 18 13 15 -21 -14 3 5 10 22 20 12 
17 -3 -17 11 19 7 -2 12 10 10 17 14 14 1 21 -2 2 18 11 12 
16 25 -2 -6 -20 -20 4 25 10 12 -6 5 -22 11 -15 16 18 13 -16 -1 
6 4 10 12 17 25 13 -1 23 11 2 3 3 11 -20 1 24 9 12 7 
-6 14 4 24 22 -18 0 -6 6 21 23 5 17 -20 1 9 17 -12 5 -9 
30
1
13 3
6 16
0
0
