20 20
4 16 2 16 17 -17 18 11 -1 9 -20 19 23 4 1 13 13 5 7 -22 
-13 -22 15 17 21 14 10 -13 5 20 2 16 9 16 -12 13 22 -19 9 3 
-21 9 6 7 2 21 -19 -22 -22 14 10 23 12 -7 5 10 7 3 -3 23 
-21 -8 6 13 -12 3 9 -5 16 14 -11 -3 20 6 -3 4 24 17 6 5 
24 17 15 2 -18 -18 -23 12 2 5 19 14 -15 23 -15 -6 7 10 13 -20 
7 17 4 20 8 17 21 9 16 3 12 23 12 8 17 2 2 17 8 20 
-8 20 -24 20 -24 7 24 19 -9 -16 11 21 7 -23 18 -13 -20 0 -3 23 
7 -20 5 7 -18 9 13 2 21 21 18 13 9 1 2 -24 -9 4 20 -11 
10 -11 19 17 17 11 9 9 3 -8 -14 22 -23 4 -13 1 0 5 -9 7 
1 24 -23 -24 12 19 10 -15 21 -23 -1 -19 2 2 -5 -14 -20 10 23 22 
22 23 10 -20 -14 -5 2 2 -19 -1 -23 21 -15 10 19 12 -24 -23 24 1 
7 -9 5 0 1 -13 4 -23 22 -14 -8 3 9 9 11 17 17 19 -11 10 
-11 20 4 -9 -24 2 1 9 13 18 21 21 2 13 9 -18 7 5 -20 7 
23 -3 0 -20 -13 18 -23 7 21 11 -16 -9 19 24 7 -24 20 -24 20 -8 
20 8 17 2 2 17 8 12 23 12 3 16 9 21 17 8 20 4 17 7 
-20 13 10 7 -6 -15 23 -15 14 19 5 2 12 -23 -18 -18 2 15 17 24 
5 6 17 24 4 -3 6 20 -3 -11 14 16 -5 9 3 -12 13 6 -8 -21 
23 -3 3 7 10 5 -7 12 23 10 14 -22 -22 -19 21 2 7 6 9 -21 
3 9 -19 22 13 -12 16 9 16 2 20 5 -13 10 14 21 17 15 -22 -13 
-22 7 5 13 13 1 4 23 19 -20 9 -1 11 18 -17 17 16 2 16 4 
30
1
15 4
4 15
0
0
