20 20
17 -24 -3 19 13 2 17 8 10 11 -9 20 15 -14 -23 3 19 -19 17 8 
-5 14 5 7 -3 3 -20 25 1 20 23 -6 4 11 11 -16 -6 -9 -5 -18 
3 -3 18 15 13 23 13 14 11 -24 -26 5 23 20 -5 14 19 8 21 24 
6 19 -25 10 14 -2 2 17 8 8 24 16 18 23 14 25 18 21 -23 2 
18 6 9 15 7 12 -21 -13 0 16 14 24 26 17 7 15 20 13 13 26 
2 6 -14 8 12 12 6 22 16 7 4 12 -5 1 26 -6 -16 7 3 13 
-3 9 -22 -19 23 10 19 11 15 -14 25 -2 26 19 13 7 0 -1 18 18 
13 9 25 2 5 8 21 19 17 2 -17 23 16 26 24 2 17 -20 11 12 
9 22 16 2 -22 19 11 -23 12 1 -21 5 18 12 2 26 6 -3 20 -6 
9 12 1 5 7 0 17 8 16 -6 3 2 0 26 2 -1 16 20 11 -14 
-14 11 20 16 -1 2 26 0 2 3 -6 16 8 17 0 7 5 1 12 9 
-6 20 -3 6 26 2 12 18 5 -21 1 12 -23 11 19 -22 2 16 22 9 
12 11 -20 17 2 24 26 16 23 -17 2 17 19 21 8 5 2 25 9 13 
18 18 -1 0 7 13 19 26 -2 25 -14 15 11 19 10 23 -19 -22 9 -3 
13 3 7 -16 -6 26 1 -5 12 4 7 16 22 6 12 12 8 -14 6 2 
26 13 13 20 15 7 17 26 24 14 16 0 -13 -21 12 7 15 9 6 18 
2 -23 21 18 25 14 23 18 16 24 8 8 17 2 -2 14 10 -25 19 6 
24 21 8 19 14 -5 20 23 5 -26 -24 11 14 13 23 13 15 18 -3 3 
-18 -5 -9 -6 -16 11 11 4 -6 23 20 1 25 -20 3 -3 7 5 14 -5 
8 17 -19 19 3 -23 -14 15 20 -9 11 10 8 17 2 13 19 -3 -24 17 
30
1
13 2
6 17
0
0
