20 20
-12 0 14 13 12 22 -1 5 10 14 20 8 12 1 16 21 12 -16 6 20 
2 3 -13 6 9 4 5 12 22 1 14 13 -2 17 -9 5 16 21 22 4 
14 4 11 16 19 2 21 -21 22 -19 -1 2 6 -21 7 7 3 14 10 14 
15 -2 2 14 21 21 7 3 2 13 1 13 18 22 8 14 -20 20 -1 -14 
11 6 20 7 18 6 9 10 2 4 7 9 7 11 13 17 17 -1 17 -5 
4 22 15 16 5 -2 17 14 17 14 2 -15 18 19 1 13 19 18 9 -2 
-1 16 -4 11 -4 -11 -6 15 -20 4 -2 7 -14 19 12 13 -9 9 18 11 
10 21 4 11 12 6 6 5 7 3 6 8 21 12 3 -16 14 13 15 6 
-13 16 -18 -14 1 22 20 10 -13 -17 15 18 21 20 10 6 10 9 15 3 
-21 19 13 -12 21 20 -6 18 -6 12 10 7 17 14 9 -12 11 -6 11 -22 
-22 11 -6 11 -12 9 14 17 7 10 12 -6 18 -6 20 21 -12 13 19 -21 
3 15 9 10 6 10 20 21 18 15 -17 -13 10 20 22 1 -14 -18 16 -13 
6 15 13 14 -16 3 12 21 8 6 3 7 5 6 6 12 11 4 21 10 
11 18 9 -9 13 12 19 -14 7 -2 4 -20 15 -6 -11 -4 11 -4 16 -1 
-2 9 18 19 13 1 19 18 -15 2 14 17 14 17 -2 5 16 15 22 4 
-5 17 -1 17 17 13 11 7 9 7 4 2 10 9 6 18 7 20 6 11 
-14 -1 20 -20 14 8 22 18 13 1 13 2 3 7 21 21 14 2 -2 15 
14 10 14 3 7 7 -21 6 2 -1 -19 22 -21 21 2 19 16 11 4 14 
4 22 21 16 5 -9 17 -2 13 14 1 22 12 5 4 9 6 -13 3 2 
20 6 -16 12 21 16 1 12 8 20 14 10 5 -1 22 12 13 14 0 -12 
30
1
1 5
18 14
0
0
