20 20
2 -2 4 3 13 5 -5 9 9 -1 0 -5 -4 4 11 8 4 14 6 9 
6 3 11 12 -2 3 -10 -9 7 -1 3 2 -5 -9 0 -10 9 11 -9 13 
3 13 3 8 13 1 0 5 -6 -11 7 -12 12 12 13 14 5 9 12 4 
10 -4 4 6 11 4 13 5 3 9 3 -8 -7 10 11 8 8 9 6 12 
10 14 -9 2 13 11 10 1 5 1 7 7 -6 11 -7 14 14 -10 0 -11 
5 10 4 -14 8 10 12 7 7 10 5 -14 3 13 1 8 14 9 -4 6 
11 14 4 5 8 14 5 11 8 12 5 6 -2 5 -5 -6 8 -14 0 1 
-5 -7 4 -8 6 7 -10 3 4 10 4 8 2 4 14 1 13 12 3 -2 
-8 -6 3 1 -7 0 11 9 -2 0 -7 13 3 1 3 -10 1 7 6 6 
-13 1 -9 8 2 1 9 -4 3 1 4 -5 5 9 7 13 -6 12 1 -11 
-11 1 12 -6 13 7 9 5 -5 4 1 3 -4 9 1 2 8 -9 1 -13 
6 6 7 1 -10 3 1 3 13 -7 0 -2 9 11 0 -7 1 3 -6 -8 
-2 3 12 13 1 14 4 2 8 4 10 4 3 -10 7 6 -8 4 -7 -5 
1 0 -14 8 -6 -5 5 -2 6 5 12 8 11 5 14 8 5 4 14 11 
6 -4 9 14 8 1 13 3 -14 5 10 7 7 12 10 8 -14 4 10 5 
-11 0 -10 14 14 -7 11 -6 7 7 1 5 1 10 11 13 2 -9 14 10 
12 6 9 8 8 11 10 -7 -8 3 9 3 5 13 4 11 6 4 -4 10 
4 12 9 5 14 13 12 12 -12 7 -11 -6 5 0 1 13 8 3 13 3 
13 -9 11 9 -10 0 -9 -5 2 3 -1 7 -9 -10 3 -2 12 11 3 6 
9 6 14 4 8 11 4 -4 -5 0 -1 9 9 -5 5 13 3 4 -2 2 
30
1
17 7
2 12
0
0
