20 20
5 13 19 15 9 8 5 16 5 5 11 -12 12 13 17 6 16 13 1 10 
20 -7 -14 -12 9 18 -7 14 -7 7 19 15 3 0 3 8 8 0 6 13 
-11 6 19 -20 5 -6 0 -10 -21 9 7 10 4 13 -8 1 2 10 -13 -13 
7 -14 16 5 3 0 1 -3 -15 8 7 8 12 1 11 17 1 11 -16 6 
-21 4 13 13 14 6 5 2 1 7 0 0 6 19 -13 3 -11 11 8 21 
20 12 14 -21 13 3 5 11 5 -8 4 -14 17 14 5 -6 20 7 21 7 
6 2 11 2 1 18 6 18 16 21 19 5 11 1 2 14 6 6 4 12 
3 17 14 16 -17 3 -20 21 1 8 13 9 15 18 -9 12 15 6 -9 -18 
21 -1 18 21 21 16 -17 17 -8 18 9 -13 12 16 6 5 20 14 -3 5 
14 -11 18 3 18 8 21 20 14 -17 -6 13 18 -7 10 -15 21 -6 14 12 
12 14 -6 21 -15 10 -7 18 13 -6 -17 14 20 21 8 18 3 18 -11 14 
5 -3 14 20 5 6 16 12 -13 9 18 -8 17 -17 16 21 21 18 -1 21 
-18 -9 6 15 12 -9 18 15 9 13 8 1 21 -20 3 -17 16 14 17 3 
12 4 6 6 14 2 1 11 5 19 21 16 18 6 18 1 2 11 2 6 
7 21 7 20 -6 5 14 17 -14 4 -8 5 11 5 3 13 -21 14 12 20 
21 8 11 -11 3 -13 19 6 0 0 7 1 2 5 6 14 13 13 4 -21 
6 -16 11 1 17 11 1 12 8 7 8 -15 -3 1 0 3 5 16 -14 7 
-13 -13 10 2 1 -8 13 4 10 7 9 -21 -10 0 -6 5 -20 19 6 -11 
13 6 0 8 8 3 0 3 15 19 7 -7 14 -7 18 9 -12 -14 -7 20 
10 1 13 16 6 17 13 12 -12 11 5 5 16 5 8 9 15 19 13 5 
30
1
18 12
1 7
0
0
