20 20
4 -2 8 1 11 -6 0 8 3 8 6 1 9 8 3 0 2 4 9 10 
0 7 10 5 -11 6 0 9 8 7 -4 5 -2 8 6 9 1 1 6 11 
-4 8 3 11 9 2 1 8 4 7 8 8 1 4 0 3 -3 1 7 -6 
-7 4 7 6 3 8 1 1 8 0 6 4 6 -9 6 -6 9 3 9 1 
2 -7 7 1 10 3 2 6 9 4 10 9 8 7 2 7 8 9 -4 -9 
11 10 8 0 3 4 7 11 -4 -4 -5 -6 2 6 10 2 10 4 3 -8 
-2 6 6 10 11 10 5 -6 5 9 2 1 1 3 7 -10 6 6 7 0 
8 3 -7 4 7 3 5 1 6 -3 10 7 0 2 10 0 11 6 9 -1 
4 2 -1 -11 -8 6 0 10 10 11 0 1 1 8 -7 -3 -6 4 2 -9 
11 -1 11 7 2 2 -5 5 6 10 9 11 5 8 5 -4 9 -1 3 -4 
-4 3 -1 9 -4 5 8 5 11 9 10 6 5 -5 2 2 7 11 -1 11 
-9 2 4 -6 -3 -7 8 1 1 0 11 10 10 0 6 -8 -11 -1 2 4 
-1 9 6 11 0 10 2 0 7 10 -3 6 1 5 3 7 4 -7 3 8 
0 7 6 6 -10 7 3 1 1 2 9 5 -6 5 10 11 10 6 6 -2 
-8 3 4 10 2 10 6 2 -6 -5 -4 -4 11 7 4 3 0 8 10 11 
-9 -4 9 8 7 2 7 8 9 10 4 9 6 2 3 10 1 7 -7 2 
1 9 3 9 -6 6 -9 6 4 6 0 8 1 1 8 3 6 7 4 -7 
-6 7 1 -3 3 0 4 1 8 8 7 4 8 1 2 9 11 3 8 -4 
11 6 1 1 9 6 8 -2 5 -4 7 8 9 0 6 -11 5 10 7 0 
10 9 4 2 0 3 8 9 1 6 8 3 8 0 -6 11 1 8 -2 4 
30
1
9 7
10 12
0
0
