20 20
3 8 5 3 -2 6 3 9 11 4 7 -7 -13 4 7 9 3 9 6 0 
12 -9 12 -3 9 9 3 9 3 6 -3 4 5 -6 2 -10 12 7 4 5 
6 -3 -3 7 8 -11 2 13 11 -3 10 -9 8 8 6 -7 1 -13 13 3 
-4 12 3 -6 -11 -1 3 -10 4 -6 4 10 -2 3 13 6 1 13 -6 12 
5 5 11 5 11 6 4 9 5 4 11 -5 9 -5 0 1 -4 4 3 0 
12 4 6 -3 10 3 7 11 11 0 0 4 7 1 -1 12 11 6 -11 7 
7 13 1 5 0 5 -11 10 5 -7 -4 5 6 3 -1 -10 2 6 -10 -8 
13 11 7 7 11 5 3 9 13 4 3 6 -3 -5 2 -10 7 8 9 9 
2 13 4 9 2 11 1 -11 10 1 7 -5 2 -13 2 2 2 -5 5 6 
9 10 -9 9 13 9 -2 -2 3 10 -6 8 -11 3 6 9 0 3 5 5 
5 5 3 0 9 6 3 -11 8 -6 10 3 -2 -2 9 13 9 -9 10 9 
6 5 -5 2 2 2 -13 2 -5 7 1 10 -11 1 11 2 9 4 13 2 
9 9 8 7 -10 2 -5 -3 6 3 4 13 9 3 5 11 7 7 11 13 
-8 -10 6 2 -10 -1 3 6 5 -4 -7 5 10 -11 5 0 5 1 13 7 
7 -11 6 11 12 -1 1 7 4 0 0 11 11 7 3 10 -3 6 4 12 
0 3 4 -4 1 0 -5 9 -5 11 4 5 9 4 6 11 5 11 5 5 
12 -6 13 1 6 13 3 -2 10 4 -6 4 -10 3 -1 -11 -6 3 12 -4 
3 13 -13 1 -7 6 8 8 -9 10 -3 11 13 2 -11 8 7 -3 -3 6 
5 4 7 12 -10 2 -6 5 4 -3 6 3 9 3 9 9 -3 12 -9 12 
0 6 9 3 9 7 4 -13 -7 7 4 11 9 3 6 -2 3 5 8 3 
30
1
6 4
13 15
0
0
