20 20
-1 13 -2 7 -13 0 5 8 7 -13 7 14 17 -16 9 -20 11 15 8 21 
21 9 16 17 -4 2 5 12 -19 -13 19 16 8 10 19 2 13 2 6 -4 
11 4 11 1 8 2 -17 4 16 7 0 18 3 -5 -21 8 19 8 10 16 
18 13 -21 -20 19 -13 11 18 0 15 3 -16 -14 -21 8 14 14 2 -21 -7 
8 -8 18 15 2 12 12 -8 17 19 16 -12 18 -18 6 19 21 19 -21 12 
3 6 -3 -11 -16 13 -14 9 1 13 11 2 18 12 14 12 -14 -13 5 2 
-7 -1 15 2 -21 17 -3 9 0 9 10 14 4 3 2 -1 21 -13 16 15 
3 21 1 10 21 14 -11 12 1 -16 -13 -10 7 8 -5 -15 17 19 6 16 
18 9 8 19 9 21 10 5 9 8 12 -1 -2 14 -3 12 11 -20 7 0 
17 -20 4 16 19 -21 15 11 -21 13 -2 13 16 5 19 11 12 15 12 18 
18 12 15 12 11 19 5 16 13 -2 13 -21 11 15 -21 19 16 4 -20 17 
0 7 -20 11 12 -3 14 -2 -1 12 8 9 5 10 21 9 19 8 9 18 
16 6 19 17 -15 -5 8 7 -10 -13 -16 1 12 -11 14 21 10 1 21 3 
15 16 -13 21 -1 2 3 4 14 10 9 0 9 -3 17 -21 2 15 -1 -7 
2 5 -13 -14 12 14 12 18 2 11 13 1 9 -14 13 -16 -11 -3 6 3 
12 -21 19 21 19 6 -18 18 -12 16 19 17 -8 12 12 2 15 18 -8 8 
-7 -21 2 14 14 8 -21 -14 -16 3 15 0 18 11 -13 19 -20 -21 13 18 
16 10 8 19 8 -21 -5 3 18 0 7 16 4 -17 2 8 1 11 4 11 
-4 6 2 13 2 19 10 8 16 19 -13 -19 12 5 2 -4 17 16 9 21 
21 8 15 11 -20 9 -16 17 14 7 -13 7 8 5 0 -13 7 -2 13 -1 
30
1
15 3
4 16
0
0
