20 20
13 16 10 3 10 14 13 11 8 6 11 17 13 12 12 14 11 4 -8 -17 
-4 -13 13 14 2 4 1 10 1 -9 -6 5 -18 -3 10 13 4 5 6 14 
-6 14 17 2 1 7 -16 12 4 10 18 9 2 11 -14 13 3 8 17 6 
4 2 8 -4 -8 13 -11 11 3 11 10 4 -3 16 17 17 10 4 13 12 
11 7 2 3 -4 10 5 3 -12 -13 3 8 10 2 5 6 14 5 -10 17 
14 12 8 16 5 12 13 -12 -17 1 -10 -11 -18 6 -18 10 17 9 -10 -7 
2 9 7 1 9 6 5 -11 16 8 12 14 9 11 16 -15 3 6 1 -2 
1 -1 10 5 12 7 -16 -6 14 -3 -1 -18 16 13 17 16 4 15 12 8 
15 5 -7 17 -5 5 -8 15 1 -3 13 5 13 3 5 -14 17 18 -8 -15 
1 -17 13 18 10 2 9 11 13 6 14 -9 8 -6 12 12 17 7 10 -15 
-15 10 7 17 12 12 -6 8 -9 14 6 13 11 9 2 10 18 13 -17 1 
-15 -8 18 17 -14 5 3 13 5 13 -3 1 15 -8 5 -5 17 -7 5 15 
8 12 15 4 16 17 13 16 -18 -1 -3 14 -6 -16 7 12 5 10 -1 1 
-2 1 6 3 -15 16 11 9 14 12 8 16 -11 5 6 9 1 7 9 2 
-7 -10 9 17 10 -18 6 -18 -11 -10 1 -17 -12 13 12 5 16 8 12 14 
17 -10 5 14 6 5 2 10 8 3 -13 -12 3 5 10 -4 3 2 7 11 
12 13 4 10 17 17 16 -3 4 10 11 3 11 -11 13 -8 -4 8 2 4 
6 17 8 3 13 -14 11 2 9 18 10 4 12 -16 7 1 2 17 14 -6 
14 6 5 4 13 10 -3 -18 5 -6 -9 1 10 1 4 2 14 13 -13 -4 
-17 -8 4 11 14 12 12 13 17 11 6 8 11 13 14 10 3 10 16 13 
30
1
11 4
8 15
0
0
