20 20
27 0 -3 19 -19 -16 22 -15 -19 -25 -20 -3 7 14 -20 23 6 3 -24 18 
22 26 -6 11 15 28 27 9 -15 10 -11 2 17 15 28 25 2 19 14 -22 
24 18 -9 2 10 20 26 13 -1 16 23 25 0 -17 -21 23 -25 -2 27 -22 
28 22 28 11 -14 17 24 -10 6 -21 5 8 4 -2 28 24 -28 1 4 21 
14 23 23 1 -20 26 19 25 -27 17 28 11 -27 17 -10 24 25 25 18 -15 
23 -4 28 -24 7 17 3 6 7 19 1 18 11 22 18 4 7 -10 9 15 
24 -3 8 -17 9 13 -21 22 2 27 17 22 16 7 -3 25 4 8 23 1 
-10 22 10 28 27 23 -6 11 26 26 1 -27 27 -3 8 3 17 28 19 7 
-7 27 2 11 7 3 15 6 27 13 20 17 20 8 24 15 25 -15 19 0 
22 24 22 10 14 18 15 -23 28 17 20 8 3 7 12 16 26 14 -19 11 
11 -19 14 26 16 12 7 3 8 20 17 28 -23 15 18 14 10 22 24 22 
0 19 -15 25 15 24 8 20 17 20 13 27 6 15 3 7 11 2 27 -7 
7 19 28 17 3 8 -3 27 -27 1 26 26 11 -6 23 27 28 10 22 -10 
1 23 8 4 25 -3 7 16 22 17 27 2 22 -21 13 9 -17 8 -3 24 
15 9 -10 7 4 18 22 11 18 1 19 7 6 3 17 7 -24 28 -4 23 
-15 18 25 25 24 -10 17 -27 11 28 17 -27 25 19 26 -20 1 23 23 14 
21 4 1 -28 24 28 -2 4 8 5 -21 6 -10 24 17 -14 11 28 22 28 
-22 27 -2 -25 23 -21 -17 0 25 23 16 -1 13 26 20 10 2 -9 18 24 
-22 14 19 2 25 28 15 17 2 -11 10 -15 9 27 28 15 11 -6 26 22 
18 -24 3 6 23 -20 14 7 -3 -20 -25 -19 -15 22 -16 -19 19 -3 0 27 
30
1
14 12
5 7
0
0
