20 20
16 21 -11 1 24 25 -7 -4 12 1 -1 16 5 7 25 13 25 -18 11 12 
21 1 7 -11 8 18 16 12 -18 -4 23 24 -7 23 17 5 8 10 -15 1 
18 20 4 10 -3 14 18 -14 -23 16 0 15 3 3 -9 1 -19 19 17 3 
-22 -19 13 20 -12 12 9 20 -6 3 11 23 12 16 -9 11 -5 -24 -13 -7 
8 1 10 16 -5 8 2 17 7 22 19 4 6 -11 7 4 -22 0 12 22 
-6 12 -8 18 15 3 -14 17 19 14 -2 0 25 5 22 20 22 11 -22 23 
8 18 23 -11 -12 -15 23 10 -9 6 -23 0 12 10 23 -1 3 -17 10 4 
19 -21 21 4 6 17 -13 9 -8 20 4 19 7 -11 -10 -6 24 -1 19 8 
19 12 2 -9 4 -2 11 12 10 20 9 22 13 12 10 23 10 24 -15 -12 
11 22 4 -12 13 8 1 7 22 7 0 -2 4 5 2 -25 -13 22 13 3 
3 13 22 -13 -25 2 5 4 -2 0 7 22 7 1 8 13 -12 4 22 11 
-12 -15 24 10 23 10 12 13 22 9 20 10 12 11 -2 4 -9 2 12 19 
8 19 -1 24 -6 -10 -11 7 19 4 20 -8 9 -13 17 6 4 21 -21 19 
4 10 -17 3 -1 23 10 12 0 -23 6 -9 10 23 -15 -12 -11 23 18 8 
23 -22 11 22 20 22 5 25 0 -2 14 19 17 -14 3 15 18 -8 12 -6 
22 12 0 -22 4 7 -11 6 4 19 22 7 17 2 8 -5 16 10 1 8 
-7 -13 -24 -5 11 -9 16 12 23 11 3 -6 20 9 12 -12 20 13 -19 -22 
3 17 19 -19 1 -9 3 3 15 0 16 -23 -14 18 14 -3 10 4 20 18 
1 -15 10 8 5 17 23 -7 24 23 -4 -18 12 16 18 8 -11 7 1 21 
12 11 -18 25 13 25 7 5 16 -1 1 12 -4 -7 25 24 1 -11 21 16 
30
1
18 14
1 5
0
0
