20 20
4 9 16 14 1 19 -19 11 -5 19 1 19 7 -10 2 -15 12 19 -13 16 
13 19 6 12 17 -14 7 15 12 2 -5 13 8 16 -17 12 4 8 6 -7 
4 -10 5 -13 17 18 16 -19 6 4 9 17 9 10 7 4 8 5 -10 1 
15 14 -10 6 -11 5 11 6 -12 9 18 -1 2 4 4 4 5 6 3 0 
2 19 4 2 16 14 14 16 9 6 2 7 -14 13 8 16 7 14 13 5 
-4 15 13 2 12 -13 -5 5 1 15 -12 19 14 8 8 6 10 13 13 -3 
6 2 -6 8 -2 18 3 -15 -11 -17 5 9 -4 17 14 13 15 12 0 2 
5 19 4 -17 8 3 7 -3 13 11 13 8 10 -19 14 -9 17 18 -8 18 
15 7 1 2 3 12 5 5 -4 19 12 -18 8 16 5 12 17 12 5 1 
10 14 16 13 15 6 8 -18 -7 -10 7 1 0 16 11 12 7 14 5 -18 
-18 5 14 7 12 11 16 0 1 7 -10 -7 -18 8 6 15 13 16 14 10 
1 5 12 17 12 5 16 8 -18 12 19 -4 5 5 12 3 2 1 7 15 
18 -8 18 17 -9 14 -19 10 8 13 11 13 -3 7 3 8 -17 4 19 5 
2 0 12 15 13 14 17 -4 9 5 -17 -11 -15 3 18 -2 8 -6 2 6 
-3 13 13 10 6 8 8 14 19 -12 15 1 5 -5 -13 12 2 13 15 -4 
5 13 14 7 16 8 13 -14 7 2 6 9 16 14 14 16 2 4 19 2 
0 3 6 5 4 4 4 2 -1 18 9 -12 6 11 5 -11 6 -10 14 15 
1 -10 5 8 4 7 10 9 17 9 4 6 -19 16 18 17 -13 5 -10 4 
-7 6 8 4 12 -17 16 8 13 -5 2 12 15 7 -14 17 12 6 19 13 
16 -13 19 12 -15 2 -10 7 19 1 19 -5 11 -19 19 1 14 16 9 4 
30
1
13 6
6 13
0
0
