20 20
17 9 3 7 18 -20 26 23 12 -22 -28 -12 -18 16 16 13 20 -12 21 4 
-4 -11 23 -11 2 21 -16 27 1 11 22 23 3 9 -22 20 0 27 10 -13 
-22 -12 25 -30 20 16 -27 18 25 -23 -13 9 9 8 19 3 13 26 22 22 
23 17 -24 25 13 21 7 -13 21 27 -16 -19 -20 -11 4 23 -2 6 14 -29 
14 2 12 9 6 19 9 9 15 5 30 5 18 28 2 6 6 11 -28 27 
2 -13 24 1 25 -2 6 6 -15 12 4 18 -23 10 26 9 -24 25 -24 11 
-10 -20 25 13 -30 3 -16 13 6 -27 7 -18 30 21 22 -28 27 22 12 11 
27 -6 23 3 -13 -22 7 13 1 -29 18 19 -15 4 28 16 6 18 2 -27 
11 19 26 7 11 20 18 10 16 2 30 14 -23 1 23 15 -2 -21 5 29 
-25 14 -9 24 -18 17 27 25 -29 7 9 29 2 18 -23 8 16 12 25 -21 
-21 25 12 16 8 -23 18 2 29 9 7 -29 25 27 17 -18 24 -9 14 -25 
29 5 -21 -2 15 23 1 -23 14 30 2 16 10 18 20 11 7 26 19 11 
-27 2 18 6 16 28 4 -15 19 18 -29 1 13 7 -22 -13 3 23 -6 27 
11 12 22 27 -28 22 21 30 -18 7 -27 6 13 -16 3 -30 13 25 -20 -10 
11 -24 25 -24 9 26 10 -23 18 4 12 -15 6 6 -2 25 1 24 -13 2 
27 -28 11 6 6 2 28 18 5 30 5 15 9 9 19 6 9 12 2 14 
-29 14 6 -2 23 4 -11 -20 -19 -16 27 21 -13 7 21 13 25 -24 17 23 
22 22 26 13 3 19 8 9 9 -13 -23 25 18 -27 16 20 -30 25 -12 -22 
-13 10 27 0 20 -22 9 3 23 22 11 1 27 -16 21 2 -11 23 -11 -4 
4 21 -12 20 13 16 16 -18 -12 -28 -22 12 23 26 -20 18 7 3 9 17 
30
1
13 6
6 13
0
0
