20 20
24 23 19 19 7 5 5 -22 11 0 17 7 5 -18 26 -16 11 10 18 22 
25 -11 -5 -4 -13 -9 -4 -1 25 7 19 13 -18 4 18 22 10 15 9 22 
23 -18 27 22 17 -4 11 25 12 21 2 -12 -15 10 0 10 10 0 -26 21 
-27 27 1 25 10 4 18 1 4 27 13 15 -7 1 24 16 15 1 -8 16 
21 -6 -4 19 14 -22 -14 0 9 9 15 10 27 -2 -8 7 5 -13 8 10 
15 -20 -2 -13 7 10 19 26 23 19 24 8 8 11 12 10 24 22 1 -4 
21 25 1 -8 10 7 23 4 -9 20 -16 -3 -9 -27 -12 18 -1 -8 9 23 
15 10 15 3 5 -23 18 17 -23 3 -18 23 23 3 -4 -1 -16 9 -19 25 
22 26 -6 10 -19 19 -8 -13 16 6 19 12 -6 21 15 3 12 -20 25 23 
14 9 4 6 -13 2 -9 18 18 2 14 4 14 -25 -26 27 12 -17 16 -2 
-2 16 -17 12 27 -26 -25 14 4 14 2 18 18 -9 2 -13 6 4 9 14 
23 25 -20 12 3 15 21 -6 12 19 6 16 -13 -8 19 -19 10 -6 26 22 
25 -19 9 -16 -1 -4 3 23 23 -18 3 -23 17 18 -23 5 3 15 10 15 
23 9 -8 -1 18 -12 -27 -9 -3 -16 20 -9 4 23 7 10 -8 1 25 21 
-4 1 22 24 10 12 11 8 8 24 19 23 26 19 10 7 -13 -2 -20 15 
10 8 -13 5 7 -8 -2 27 10 15 9 9 0 -14 -22 14 19 -4 -6 21 
16 -8 1 15 16 24 1 -7 15 13 27 4 1 18 4 10 25 1 27 -27 
21 -26 0 10 10 0 10 -15 -12 2 21 12 25 11 -4 17 22 27 -18 23 
22 9 15 10 22 18 4 -18 13 19 7 25 -1 -4 -9 -13 -4 -5 -11 25 
22 18 10 11 -16 26 -18 5 7 17 0 11 -22 5 5 7 19 19 23 24 
30
1
5 16
14 3
0
0
