20 20
15 -7 10 3 6 4 3 20 15 14 3 14 -14 16 6 -11 -2 8 16 19 
16 13 21 1 15 13 6 17 16 13 -17 4 5 14 6 13 7 4 20 -6 
11 -16 10 10 5 -9 6 11 -15 -11 5 -11 11 3 5 3 1 20 21 1 
17 21 7 -21 19 4 2 -11 13 19 5 -4 9 19 7 19 -7 -17 10 20 
13 8 7 4 3 13 14 -8 6 8 21 13 5 -12 16 5 -9 21 12 -14 
3 -8 19 21 2 -6 8 -18 20 -4 10 10 12 8 3 18 -21 12 18 11 
3 2 10 -21 14 9 16 14 -14 -3 13 1 17 -4 4 -18 8 -21 5 17 
0 4 15 10 -3 6 14 0 19 11 -16 21 15 -4 20 12 -1 3 2 -4 
-3 10 10 16 -10 3 19 4 14 10 12 17 14 0 14 -21 1 2 3 -3 
10 15 -6 -16 1 10 -11 4 -2 -7 16 -18 5 -1 -1 -7 11 13 15 17 
17 15 13 11 -7 -1 -1 5 -18 16 -7 -2 4 -11 10 1 -16 -6 15 10 
-3 3 2 1 -21 14 0 14 17 12 10 14 4 19 3 -10 16 10 10 -3 
-4 2 3 -1 12 20 -4 15 21 -16 11 19 0 14 6 -3 10 15 4 0 
17 5 -21 8 -18 4 -4 17 1 13 -3 -14 14 16 9 14 -21 10 2 3 
11 18 12 -21 18 3 8 12 10 10 -4 20 -18 8 -6 2 21 19 -8 3 
-14 12 21 -9 5 16 -12 5 13 21 8 6 -8 14 13 3 4 7 8 13 
20 10 -17 -7 19 7 19 9 -4 5 19 13 -11 2 4 19 -21 7 21 17 
1 21 20 1 3 5 3 11 -11 5 -11 -15 11 6 -9 5 10 10 -16 11 
-6 20 4 7 13 6 14 5 4 -17 13 16 17 6 13 15 1 21 13 16 
19 16 8 -2 -11 6 16 -14 14 3 14 15 20 3 4 6 3 10 -7 15 
30
1
7 14
12 5
0
0
