20 20
20 5 -1 1 7 13 5 5 -1 16 -21 10 -8 22 2 9 -5 12 20 -12 
8 11 10 5 5 -20 6 17 5 14 17 17 3 2 -2 8 1 4 2 13 
-5 16 -5 13 21 -4 -16 15 -11 10 9 19 21 13 22 6 -6 17 20 6 
13 -17 8 -14 15 -8 7 15 21 9 -10 -21 4 0 -11 -8 15 4 10 16 
19 10 11 -20 9 10 -1 3 13 8 18 -13 -5 21 5 -8 -15 -5 -15 -16 
6 8 0 13 6 13 22 4 18 13 18 18 17 -4 8 21 2 20 9 0 
9 3 3 16 15 -6 15 2 -17 -17 -18 -5 -3 -15 1 7 11 12 -14 11 
14 16 22 2 3 -2 18 5 16 -17 5 13 -14 5 17 17 17 1 20 19 
17 4 -3 2 8 1 -22 1 12 8 22 -2 19 15 5 21 -11 14 12 14 
-4 14 9 22 3 17 13 18 21 10 10 5 3 9 -16 3 -18 16 10 -17 
-17 10 16 -18 3 -16 9 3 5 10 10 21 18 13 17 3 22 9 14 -4 
14 12 14 -11 21 5 15 19 -2 22 8 12 1 -22 1 8 2 -3 4 17 
19 20 1 17 17 17 5 -14 13 5 -17 16 5 18 -2 3 2 22 16 14 
11 -14 12 11 7 1 -15 -3 -5 -18 -17 -17 2 15 -6 15 16 3 3 9 
0 9 20 2 21 8 -4 17 18 18 13 18 4 22 13 6 13 0 8 6 
-16 -15 -5 -15 -8 5 21 -5 -13 18 8 13 3 -1 10 9 -20 11 10 19 
16 10 4 15 -8 -11 0 4 -21 -10 9 21 15 7 -8 15 -14 8 -17 13 
6 20 17 -6 6 22 13 21 19 9 10 -11 15 -16 -4 21 13 -5 16 -5 
13 2 4 1 8 -2 2 3 17 17 14 5 17 6 -20 5 5 10 11 8 
-12 20 12 -5 9 2 22 -8 10 -21 16 -1 5 5 13 7 1 -1 5 20 
30
1
9 14
10 5
0
0
