20 20
-22 26 2 -11 2 4 24 8 7 19 19 3 24 16 26 23 9 18 -16 -13 
24 -9 -27 -12 11 -5 15 -1 -17 15 -14 2 15 9 13 0 3 27 14 -22 
14 14 26 16 25 15 -4 2 24 2 6 17 -3 15 23 12 9 17 -5 15 
11 20 19 -1 1 -23 5 3 21 3 7 12 4 -8 19 2 13 24 -16 21 
-21 2 13 7 7 22 -18 16 20 22 12 -20 22 21 22 -10 17 10 6 8 
5 19 16 26 14 7 12 8 3 15 19 19 1 24 23 5 8 4 2 17 
2 20 22 15 19 24 -3 4 -1 8 7 -13 25 17 14 7 27 -7 12 -21 
27 -25 10 11 1 22 -12 20 -11 7 6 -1 -24 -18 16 -24 -9 23 6 3 
23 6 -16 18 -10 16 4 -6 4 -17 10 -17 7 -20 -12 4 17 26 14 11 
17 13 15 8 13 -15 6 -26 -9 12 6 -12 15 18 4 -4 0 7 23 -9 
-9 23 7 0 -4 4 18 15 -12 6 12 -9 -26 6 -15 13 8 15 13 17 
11 14 26 17 4 -12 -20 7 -17 10 -17 4 -6 4 16 -10 18 -16 6 23 
3 6 23 -9 -24 16 -18 -24 -1 6 7 -11 20 -12 22 1 11 10 -25 27 
-21 12 -7 27 7 14 17 25 -13 7 8 -1 4 -3 24 19 15 22 20 2 
17 2 4 8 5 23 24 1 19 19 15 3 8 12 7 14 26 16 19 5 
8 6 10 17 -10 22 21 22 -20 12 22 20 16 -18 22 7 7 13 2 -21 
21 -16 24 13 2 19 -8 4 12 7 3 21 3 5 -23 1 -1 19 20 11 
15 -5 17 9 12 23 15 -3 17 6 2 24 2 -4 15 25 16 26 14 14 
-22 14 27 3 0 13 9 15 2 -14 15 -17 -1 15 -5 11 -12 -27 -9 24 
-13 -16 18 9 23 26 16 24 3 19 19 7 8 24 4 2 -11 2 26 -22 
30
1
3 6
16 13
0
0
