20 20
7 23 23 22 7 0 5 -9 9 19 5 9 -8 4 3 15 21 -1 19 21 
14 15 11 15 -7 21 -16 13 7 11 2 6 23 23 -22 13 17 -9 13 -15 
7 -24 12 13 8 15 24 4 13 13 -22 7 13 3 18 21 15 -10 1 -6 
18 12 4 22 -13 4 22 14 -2 -2 14 -11 14 9 9 -13 17 -14 15 3 
17 -3 11 15 21 -18 3 18 6 1 3 8 11 3 10 3 18 14 23 8 
17 14 -24 -10 13 20 1 -24 -14 -11 24 3 24 -3 3 22 13 -7 15 21 
-7 9 14 21 20 11 -1 3 10 5 24 4 -23 15 1 5 7 16 21 19 
11 4 -20 7 16 19 -17 18 2 7 23 11 19 21 1 13 18 13 10 20 
3 19 7 10 22 -1 8 13 20 14 14 0 22 0 20 23 11 8 10 6 
5 1 21 9 -10 2 15 5 9 22 24 12 18 -8 7 -13 10 2 -18 23 
23 -18 2 10 -13 7 -8 18 12 24 22 9 5 15 2 -10 9 21 1 5 
6 10 8 11 23 20 0 22 0 14 14 20 13 8 -1 22 10 7 19 3 
20 10 13 18 13 1 21 19 11 23 7 2 18 -17 19 16 7 -20 4 11 
19 21 16 7 5 1 15 -23 4 24 5 10 3 -1 11 20 21 14 9 -7 
21 15 -7 13 22 3 -3 24 3 24 -11 -14 -24 1 20 13 -10 -24 14 17 
8 23 14 18 3 10 3 11 8 3 1 6 18 3 -18 21 15 11 -3 17 
3 15 -14 17 -13 9 9 14 -11 14 -2 -2 14 22 4 -13 22 4 12 18 
-6 1 -10 15 21 18 3 13 7 -22 13 13 4 24 15 8 13 12 -24 7 
-15 13 -9 17 13 -22 23 23 6 2 11 7 13 -16 21 -7 15 11 15 14 
21 19 -1 21 15 3 4 -8 9 5 19 9 -9 5 0 7 22 23 23 7 
30
1
5 3
14 16
0
0
