20 20
11 12 8 -8 14 -10 13 -8 14 6 5 8 9 6 -6 8 4 11 -14 9 
-9 6 2 -8 11 -10 9 -14 -6 -4 1 -6 4 13 10 12 11 12 -12 -14 
3 4 14 11 2 9 6 6 2 12 10 2 5 5 10 -7 -8 10 -13 11 
9 -7 -14 -7 -1 7 10 8 3 12 11 -1 7 6 -2 1 -13 -7 5 14 
14 12 -4 3 12 7 8 -11 -8 0 10 -8 4 8 -13 6 0 13 5 5 
12 11 10 8 4 -7 0 6 9 -12 12 1 10 13 9 -8 9 6 10 7 
8 13 -5 10 4 4 6 12 2 9 -2 6 -5 -10 12 4 1 2 12 -7 
6 14 12 4 0 -4 3 9 7 10 14 7 5 1 -3 -7 12 -10 13 2 
10 6 -4 12 11 6 9 3 4 11 8 6 7 14 -10 1 13 5 10 14 
-12 -1 1 1 3 4 11 2 6 -1 12 13 -2 -7 14 0 0 14 10 -14 
-14 10 14 0 0 14 -7 -2 13 12 -1 6 2 11 4 3 1 1 -1 -12 
14 10 5 13 1 -10 14 7 6 8 11 4 3 9 6 11 12 -4 6 10 
2 13 -10 12 -7 -3 1 5 7 14 10 7 9 3 -4 0 4 12 14 6 
-7 12 2 1 4 12 -10 -5 6 -2 9 2 12 6 4 4 10 -5 13 8 
7 10 6 9 -8 9 13 10 1 12 -12 9 6 0 -7 4 8 10 11 12 
5 5 13 0 6 -13 8 4 -8 10 0 -8 -11 8 7 12 3 -4 12 14 
14 5 -7 -13 1 -2 6 7 -1 11 12 3 8 10 7 -1 -7 -14 -7 9 
11 -13 10 -8 -7 10 5 5 2 10 12 2 6 6 9 2 11 14 4 3 
-14 -12 12 11 12 10 13 4 -6 1 -4 -6 -14 9 -10 11 -8 2 6 -9 
9 -14 11 4 8 -6 6 9 8 5 6 14 -8 13 -10 14 -8 8 12 11 
30
1
12 15
7 4
0
0
