20 20
-13 11 -7 3 4 -17 -17 -6 0 1 15 16 7 -6 -7 13 17 20 18 11 
0 -10 -20 -18 9 -6 -11 2 15 -15 8 15 -5 12 5 12 5 20 -16 7 
-6 11 12 -14 13 19 18 16 18 13 3 16 10 18 5 1 2 19 3 12 
3 15 7 0 3 0 18 8 -20 14 -17 14 3 -8 -9 17 11 19 15 14 
0 -15 1 11 5 -3 2 1 -13 11 -19 20 0 11 4 14 15 -9 13 10 
5 4 15 13 4 7 2 2 -6 19 11 -8 -11 -8 -3 12 8 -4 -8 10 
18 5 14 18 20 -16 7 14 6 15 12 0 6 4 2 14 7 18 19 12 
8 16 5 10 -16 -19 6 11 20 6 15 3 0 12 10 -3 9 13 1 -3 
14 3 4 10 6 16 -3 -16 -6 -11 -7 9 -18 16 12 9 11 5 4 19 
-6 17 20 20 0 -5 8 7 10 -8 0 2 4 12 10 9 -14 13 -5 1 
1 -5 13 -14 9 10 12 4 2 0 -8 10 7 8 -5 0 20 20 17 -6 
19 4 5 11 9 12 16 -18 9 -7 -11 -6 -16 -3 16 6 10 4 3 14 
-3 1 13 9 -3 10 12 0 3 15 6 20 11 6 -19 -16 10 5 16 8 
12 19 18 7 14 2 4 6 0 12 15 6 14 7 -16 20 18 14 5 18 
10 -8 -4 8 12 -3 -8 -11 -8 11 19 -6 2 2 7 4 13 15 4 5 
10 13 -9 15 14 4 11 0 20 -19 11 -13 1 2 -3 5 11 1 -15 0 
14 15 19 11 17 -9 -8 3 14 -17 14 -20 8 18 0 3 0 7 15 3 
12 3 19 2 1 5 18 10 16 3 13 18 16 18 19 13 -14 12 11 -6 
7 -16 20 5 12 5 12 -5 15 8 -15 15 2 -11 -6 9 -18 -20 -10 0 
11 18 20 17 13 -7 -6 7 16 15 1 0 -6 -17 -17 4 3 -7 11 -13 
30
1
18 11
1 8
0
0
