20 20
6 -14 -10 10 5 7 -11 -5 -10 -4 -2 7 6 11 12 11 11 -6 5 10 
-5 0 9 11 0 12 3 -7 -14 14 -7 10 -12 14 1 3 11 3 -2 8 
-12 -5 -10 2 4 -2 10 2 13 12 14 12 13 -2 8 -1 -13 13 11 7 
11 10 9 5 12 -3 2 10 7 14 4 5 11 10 13 6 11 8 6 -10 
10 9 2 11 8 2 7 10 7 2 -14 2 9 -5 2 2 4 -1 -4 9 
8 4 5 6 12 -1 14 8 -6 6 14 10 -8 -7 14 1 -4 -2 -10 -3 
-5 -9 -14 11 12 5 1 4 11 11 -11 10 10 -14 4 1 4 6 -10 10 
-14 -11 -8 14 7 9 14 12 -12 9 -8 14 5 11 10 1 0 1 1 7 
11 1 0 11 6 11 -11 14 11 -12 11 0 13 14 9 8 5 12 13 4 
1 4 14 14 5 7 12 1 8 11 -7 6 10 13 9 12 8 1 10 -11 
-11 10 1 8 12 9 13 10 6 -7 11 8 1 12 7 5 14 14 4 1 
4 13 12 5 8 9 14 13 0 11 -12 11 14 -11 11 6 11 0 1 11 
7 1 1 0 1 10 11 5 14 -8 9 -12 12 14 9 7 14 -8 -11 -14 
10 -10 6 4 1 4 -14 10 10 -11 11 11 4 1 5 12 11 -14 -9 -5 
-3 -10 -2 -4 1 14 -7 -8 10 14 6 -6 8 14 -1 12 6 5 4 8 
9 -4 -1 4 2 2 -5 9 2 -14 2 7 10 7 2 8 11 2 9 10 
-10 6 8 11 6 13 10 11 5 4 14 7 10 2 -3 12 5 9 10 11 
7 11 13 -13 -1 8 -2 13 12 14 12 13 2 10 -2 4 2 -10 -5 -12 
8 -2 3 11 3 1 14 -12 10 -7 14 -14 -7 3 12 0 11 9 0 -5 
10 5 -6 11 11 12 11 6 7 -2 -4 -10 -5 -11 7 5 10 -10 -14 6 
30
1
5 18
14 1
0
0
