20 20
0 9 -1 -14 6 11 -11 17 -10 -1 4 10 2 6 10 11 0 1 11 10 
-13 10 4 2 4 -17 14 11 -1 -17 14 13 11 11 7 16 9 -6 -12 2 
4 -15 12 5 -13 10 6 12 -12 9 -14 -1 14 3 16 9 8 15 -6 0 
16 14 -2 -16 0 4 3 0 3 11 -1 9 16 -9 9 13 4 16 17 -15 
-17 7 14 -12 7 6 13 12 6 -2 13 9 8 13 8 -6 13 4 5 -14 
2 5 13 -1 -9 8 1 15 8 6 -16 7 17 12 9 6 9 -14 15 13 
3 17 8 13 15 15 -7 3 2 14 -11 -14 12 -12 9 11 14 2 11 13 
16 15 13 3 -1 5 6 8 0 14 10 13 14 -1 11 16 4 -15 15 1 
15 17 0 11 -5 13 -12 6 5 7 7 11 6 -12 -6 9 5 10 -6 7 
2 7 6 0 0 5 14 17 6 9 16 6 -11 7 6 -3 1 -17 4 11 
11 4 -17 1 -3 6 7 -11 6 16 9 6 17 14 5 0 0 6 7 2 
7 -6 10 5 9 -6 -12 6 11 7 7 5 6 -12 13 -5 11 0 17 15 
1 15 -15 4 16 11 -1 14 13 10 14 0 8 6 5 -1 3 13 15 16 
13 11 2 14 11 9 -12 12 -14 -11 14 2 3 -7 15 15 13 8 17 3 
13 15 -14 9 6 9 12 17 7 -16 6 8 15 1 8 -9 -1 13 5 2 
-14 5 4 13 -6 8 13 8 9 13 -2 6 12 13 6 7 -12 14 7 -17 
-15 17 16 4 13 9 -9 16 9 -1 11 3 0 3 4 0 -16 -2 14 16 
0 -6 15 8 9 16 3 14 -1 -14 9 -12 12 6 10 -13 5 12 -15 4 
2 -12 -6 9 16 7 11 11 13 14 -17 -1 11 14 -17 4 2 4 10 -13 
10 11 1 0 11 10 6 2 10 4 -1 -10 17 -11 11 6 -14 -1 9 0 
30
1
12 8
7 11
0
0
