20 20
5 -13 12 8 1 5 -13 7 2 5 10 -1 12 2 1 1 -11 -12 5 2 
9 -9 -2 9 -2 9 1 -4 -13 10 0 6 11 8 5 -4 14 14 -3 14 
-9 7 5 9 7 8 -8 8 4 6 12 1 14 9 -13 10 1 13 -13 5 
8 13 1 1 7 -7 6 3 1 -14 2 -8 12 5 -2 2 6 10 11 1 
13 9 -9 9 7 13 6 12 9 10 4 12 14 8 -8 5 9 4 1 -9 
1 -14 11 2 5 8 9 2 11 13 8 9 -2 -13 11 6 9 9 4 0 
-11 -1 12 2 -12 -4 5 0 9 -8 -10 6 5 13 14 9 7 6 11 5 
-2 8 8 14 11 -7 -13 7 1 -2 10 2 4 2 -1 10 6 13 2 4 
9 6 14 3 12 6 2 12 7 11 6 6 3 -12 10 12 10 -14 0 -11 
10 -14 10 12 -14 2 10 7 -3 7 6 14 6 8 12 7 14 12 1 13 
13 1 12 14 7 12 8 6 14 6 7 -3 7 10 2 -14 12 10 -14 10 
-11 0 -14 10 12 10 -12 3 6 6 11 7 12 2 6 12 3 14 6 9 
4 2 13 6 10 -1 2 4 2 10 -2 1 7 -13 -7 11 14 8 8 -2 
5 11 6 7 9 14 13 5 6 -10 -8 9 0 5 -4 -12 2 12 -1 -11 
0 4 9 9 6 11 -13 -2 9 8 13 11 2 9 8 5 2 11 -14 1 
-9 1 4 9 5 -8 8 14 12 4 10 9 12 6 13 7 9 -9 9 13 
1 11 10 6 2 -2 5 12 -8 2 -14 1 3 6 -7 7 1 1 13 8 
5 -13 13 1 10 -13 9 14 1 12 6 4 8 -8 8 7 9 5 7 -9 
14 -3 14 14 -4 5 8 11 6 0 10 -13 -4 1 9 -2 9 -2 -9 9 
2 5 -12 -11 1 1 2 12 -1 10 5 2 7 -13 5 1 8 12 -13 5 
30
1
6 4
13 15
0
0
