20 20
13 8 7 10 -5 6 12 -4 10 1 -9 -14 -15 -11 2 10 12 8 -10 15 
7 15 11 6 14 2 9 11 7 -1 1 -1 -4 14 -9 10 15 1 8 -9 
4 6 9 15 9 9 -7 2 14 4 11 5 0 10 -2 8 12 4 14 15 
15 6 8 13 9 -2 2 15 8 1 10 -11 1 3 5 7 11 -13 10 1 
15 5 3 12 6 10 12 15 14 -9 9 7 8 1 13 -7 -7 -3 6 -5 
7 10 7 14 6 4 8 -3 -13 10 -5 3 5 15 10 3 5 3 2 -3 
11 10 -13 1 7 3 2 13 7 -7 2 5 13 1 7 11 11 8 -11 11 
-10 13 2 1 2 7 9 4 2 13 10 -1 10 7 -10 -3 11 5 11 2 
9 14 9 5 -8 8 4 8 9 -1 5 11 10 5 7 1 3 13 12 6 
7 11 4 6 1 15 1 2 7 0 10 10 10 -3 14 8 5 7 12 4 
4 12 7 5 8 14 -3 10 10 10 0 7 2 1 15 1 6 4 11 7 
6 12 13 3 1 7 5 10 11 5 -1 9 8 4 8 -8 5 9 14 9 
2 11 5 11 -3 -10 7 10 -1 10 13 2 4 9 7 2 1 2 13 -10 
11 -11 8 11 11 7 1 13 5 2 -7 7 13 2 3 7 1 -13 10 11 
-3 2 3 5 3 10 15 5 3 -5 10 -13 -3 8 4 6 14 7 10 7 
-5 6 -3 -7 -7 13 1 8 7 9 -9 14 15 12 10 6 12 3 5 15 
1 10 -13 11 7 5 3 1 -11 10 1 8 15 2 -2 9 13 8 6 15 
15 14 4 12 8 -2 10 0 5 11 4 14 2 -7 9 9 15 9 6 4 
-9 8 1 15 10 -9 14 -4 -1 1 -1 7 11 9 2 14 6 11 15 7 
15 -10 8 12 10 2 -11 -15 -14 -9 1 10 -4 12 6 -5 10 7 8 13 
30
1
16 14
3 5
0
0
