20 20
18 22 22 4 0 -2 11 16 25 5 5 19 14 -14 -14 11 24 12 -8 17 
-22 17 -11 22 3 5 8 8 16 19 12 -23 25 17 15 -16 5 -4 -6 24 
8 16 -14 17 4 8 -8 1 24 -18 -7 0 13 13 18 10 -17 -17 -13 15 
2 -12 -20 19 0 6 22 16 16 6 13 -11 19 -9 24 -13 10 12 14 3 
1 3 17 12 -4 1 20 8 -12 2 25 11 21 -9 8 6 8 16 21 12 
10 -20 9 21 7 21 -18 0 17 18 12 -20 18 -12 6 1 16 24 18 -23 
23 -18 -3 16 13 -21 8 -19 24 12 21 12 17 -20 25 -20 14 9 -14 12 
19 15 3 22 18 22 21 22 22 15 16 -3 -11 16 -14 2 11 7 24 1 
16 19 10 -1 -20 -16 -9 -6 8 -9 12 14 8 0 7 2 5 23 -18 12 
6 3 11 17 6 -22 5 -20 23 -24 -12 9 20 -1 17 1 23 -22 0 13 
13 0 -22 23 1 17 -1 20 9 -12 -24 23 -20 5 -22 6 17 11 3 6 
12 -18 23 5 2 7 0 8 14 12 -9 8 -6 -9 -16 -20 -1 10 19 16 
1 24 7 11 2 -14 16 -11 -3 16 15 22 22 21 22 18 22 3 15 19 
12 -14 9 14 -20 25 -20 17 12 21 12 24 -19 8 -21 13 16 -3 -18 23 
-23 18 24 16 1 6 -12 18 -20 12 18 17 0 -18 21 7 21 9 -20 10 
12 21 16 8 6 8 -9 21 11 25 2 -12 8 20 1 -4 12 17 3 1 
3 14 12 10 -13 24 -9 19 -11 13 6 16 16 22 6 0 19 -20 -12 2 
15 -13 -17 -17 10 18 13 13 0 -7 -18 24 1 -8 8 4 17 -14 16 8 
24 -6 -4 5 -16 15 17 25 -23 12 19 16 8 8 5 3 22 -11 17 -22 
17 -8 12 24 11 -14 -14 14 19 5 5 25 16 11 -2 0 4 22 22 18 
30
1
14 12
5 7
0
0
