20 20
9 -15 0 7 14 -3 11 5 4 1 5 16 10 15 8 -1 2 15 1 -9 
5 9 -8 -11 12 15 0 -2 12 -4 7 7 9 -16 3 7 2 4 1 8 
14 16 10 10 16 -11 -16 5 9 15 -6 1 7 4 -4 2 16 -9 8 15 
0 9 9 14 16 3 12 15 8 1 3 4 14 -4 -4 4 11 -3 -16 3 
0 -1 5 5 6 5 5 13 9 14 13 6 9 11 1 2 6 -2 6 5 
-10 10 10 4 -9 0 5 7 6 -13 6 2 12 0 3 -5 -15 2 16 -13 
13 9 3 -9 11 7 -13 5 9 1 13 16 -7 14 1 9 14 -16 13 2 
0 8 15 0 -11 -10 12 2 -14 7 13 10 14 8 11 3 -16 2 9 9 
8 2 3 -11 16 14 8 4 15 2 16 6 5 7 14 16 -6 -14 -7 2 
13 -6 3 -9 1 11 4 4 -2 3 10 2 -3 11 7 7 13 2 16 15 
15 16 2 13 7 7 11 -3 2 10 3 -2 4 4 11 1 -9 3 -6 13 
2 -7 -14 -6 16 14 7 5 6 16 2 15 4 8 14 16 -11 3 2 8 
9 9 2 -16 3 11 8 14 10 13 7 -14 2 12 -10 -11 0 15 8 0 
2 13 -16 14 9 1 14 -7 16 13 1 9 5 -13 7 11 -9 3 9 13 
-13 16 2 -15 -5 3 0 12 2 6 -13 6 7 5 0 -9 4 10 10 -10 
5 6 -2 6 2 1 11 9 6 13 14 9 13 5 5 6 5 5 -1 0 
3 -16 -3 11 4 -4 -4 14 4 3 1 8 15 12 3 16 14 9 9 0 
15 8 -9 16 2 -4 4 7 1 -6 15 9 5 -16 -11 16 10 10 16 14 
8 1 4 2 7 3 -16 9 7 7 -4 12 -2 0 15 12 -11 -8 9 5 
-9 1 15 2 -1 8 15 10 16 5 1 4 5 11 -3 14 7 0 -15 9 
30
1
16 5
3 14
0
0
