20 20
8 5 17 3 0 -1 14 5 4 -17 7 7 -4 5 -4 -7 5 6 0 -11 
15 4 0 3 6 9 11 6 -11 -11 3 6 7 2 6 -11 0 13 8 8 
9 16 11 0 4 17 5 9 15 17 3 15 4 17 -11 15 5 6 5 2 
-13 16 -10 2 10 15 -3 -7 6 9 -1 12 6 6 7 9 8 2 1 9 
16 -10 3 13 11 11 9 -7 6 6 16 13 3 10 -16 0 15 1 -14 1 
-3 -4 1 14 -8 2 11 -16 -17 4 13 16 1 12 7 -17 9 13 10 14 
-15 -10 16 6 13 5 15 16 12 16 12 9 4 8 -13 15 4 -9 13 6 
2 11 2 17 -14 -2 17 10 7 5 14 8 -13 -4 12 4 -9 17 2 13 
12 8 1 -15 15 6 11 8 -2 3 7 16 6 -15 6 12 15 -10 8 16 
10 0 -3 3 9 2 10 7 -16 -7 13 -10 5 -11 15 -15 15 0 8 -2 
-2 8 0 15 -15 15 -11 5 -10 13 -7 -16 7 10 2 9 3 -3 0 10 
16 8 -10 15 12 6 -15 6 16 7 3 -2 8 11 6 15 -15 1 8 12 
13 2 17 -9 4 12 -4 -13 8 14 5 7 10 17 -2 -14 17 2 11 2 
6 13 -9 4 15 -13 8 4 9 12 16 12 16 15 5 13 6 16 -10 -15 
14 10 13 9 -17 7 12 1 16 13 4 -17 -16 11 2 -8 14 1 -4 -3 
1 -14 1 15 0 -16 10 3 13 16 6 6 -7 9 11 11 13 3 -10 16 
9 1 2 8 9 7 6 6 12 -1 9 6 -7 -3 15 10 2 -10 16 -13 
2 5 6 5 15 -11 17 4 15 3 17 15 9 5 17 4 0 11 16 9 
8 8 13 0 -11 6 2 7 6 3 -11 -11 6 11 9 6 3 0 4 15 
-11 0 6 5 -7 -4 5 -4 7 7 -17 4 5 14 -1 0 3 17 5 8 
30
1
5 10
14 9
0
0
