20 20
9 16 -4 7 13 13 4 13 7 5 12 -16 -16 2 -1 5 -17 9 -17 17 
-3 -9 -11 0 17 8 4 13 -9 3 13 -13 -13 0 -8 15 3 -13 -12 1 
1 -7 8 -5 9 -9 13 13 12 -5 -6 3 1 -10 -4 16 4 8 2 -6 
9 17 9 3 16 13 7 15 -14 -16 7 6 -2 2 11 6 16 -14 -17 -6 
13 0 12 3 5 16 13 -2 11 -5 -13 16 7 16 16 17 13 10 6 9 
-3 9 -3 -13 3 10 4 0 6 1 15 1 6 13 17 14 14 12 16 4 
2 3 -15 11 12 4 9 -13 4 11 13 5 11 10 8 -3 2 3 16 4 
2 -2 15 10 11 10 9 10 9 17 -9 17 14 11 -12 7 -13 14 7 14 
6 4 3 14 2 17 3 7 9 12 14 17 -14 8 -3 15 -9 6 6 -11 
0 0 1 6 10 4 2 1 17 11 11 0 -10 10 13 -6 11 4 3 15 
15 3 4 11 -6 13 10 -10 0 11 11 17 1 2 4 10 6 1 0 0 
-11 6 6 -9 15 -3 8 -14 17 14 12 9 7 3 17 2 14 3 4 6 
14 7 14 -13 7 -12 11 14 17 -9 17 9 10 9 10 11 10 15 -2 2 
4 16 3 2 -3 8 10 11 5 13 11 4 -13 9 4 12 11 -15 3 2 
4 16 12 14 14 17 13 6 1 15 1 6 0 4 10 3 -13 -3 9 -3 
9 6 10 13 17 16 16 7 16 -13 -5 11 -2 13 16 5 3 12 0 13 
-6 -17 -14 16 6 11 2 -2 6 7 -16 -14 15 7 13 16 3 9 17 9 
-6 2 8 4 16 -4 -10 1 3 -6 -5 12 13 13 -9 9 -5 8 -7 1 
1 -12 -13 3 15 -8 0 -13 -13 13 3 -9 13 4 8 17 0 -11 -9 -3 
17 -17 9 -17 5 -1 2 -16 -16 12 5 7 13 4 13 13 7 -4 16 9 
30
1
4 5
15 14
0
0
