20 20
6 -4 9 7 11 13 16 8 9 8 7 -1 6 2 19 -14 2 -10 3 10 
-3 -6 5 8 16 -16 -9 -8 2 -13 4 10 6 -13 -11 -2 0 -4 -9 5 
9 19 13 13 7 15 15 15 9 9 17 -2 -4 -16 0 7 11 -8 16 15 
-13 5 -13 -14 7 14 4 5 2 -3 -8 11 6 5 0 10 -4 -2 8 12 
18 1 4 5 15 14 -17 -12 12 6 -12 11 -4 2 16 6 10 7 15 5 
11 -8 9 3 15 2 15 -7 -14 -4 17 3 2 -7 -7 19 19 14 7 8 
4 11 -3 9 10 4 1 15 14 0 -18 1 -5 2 14 10 4 2 4 -14 
-11 -2 18 13 -9 18 18 0 -15 2 2 4 0 7 10 11 0 -13 -5 7 
9 6 3 5 3 -11 18 2 7 -17 13 1 5 14 -11 8 -14 16 8 -9 
5 8 12 14 7 18 15 -10 -8 4 -19 -15 18 16 12 -13 12 14 8 -13 
-13 8 14 12 -13 12 16 18 -15 -19 4 -8 -10 15 18 7 14 12 8 5 
-9 8 16 -14 8 -11 14 5 1 13 -17 7 2 18 -11 3 5 3 6 9 
7 -5 -13 0 11 10 7 0 4 2 2 -15 0 18 18 -9 13 18 -2 -11 
-14 4 2 4 10 14 2 -5 1 -18 0 14 15 1 4 10 9 -3 11 4 
8 7 14 19 19 -7 -7 2 3 17 -4 -14 -7 15 2 15 3 9 -8 11 
5 15 7 10 6 16 2 -4 11 -12 6 12 -12 -17 14 15 5 4 1 18 
12 8 -2 -4 10 0 5 6 11 -8 -3 2 5 4 14 7 -14 -13 5 -13 
15 16 -8 11 7 0 -16 -4 -2 17 9 9 15 15 15 7 13 13 19 9 
5 -9 -4 0 -2 -11 -13 6 10 4 -13 2 -8 -9 -16 16 8 5 -6 -3 
10 3 -10 2 -14 19 2 6 -1 7 8 9 8 16 13 11 7 9 -4 6 
30
1
2 13
17 6
0
0
