20 20
7 -29 7 -29 22 -10 -12 16 22 -26 17 22 -14 15 15 -17 1 1 -8 -17 
10 22 30 2 4 1 -1 19 -28 -26 5 1 -2 18 -26 24 5 16 6 15 
-20 6 5 6 7 1 17 6 15 -4 -12 30 3 2 24 20 27 17 8 14 
12 -24 9 15 10 8 0 10 -6 11 11 24 23 6 -30 -13 14 17 7 16 
12 29 -4 19 10 30 16 14 28 13 29 28 30 7 16 18 -12 -11 2 -29 
25 -12 7 13 3 11 12 6 26 -17 12 2 18 23 4 16 21 24 16 7 
28 6 21 -3 7 14 13 11 7 26 28 0 3 28 24 -13 16 12 -21 11 
15 1 -26 2 -11 23 3 28 13 25 24 -24 14 7 8 6 15 5 -27 29 
24 10 5 11 -6 -6 29 3 11 -3 10 -14 -6 23 -2 4 4 13 -5 -13 
3 22 -3 27 13 25 30 15 23 0 7 27 17 3 -23 3 7 2 10 -4 
-4 10 2 7 3 -23 3 17 27 7 0 23 15 30 25 13 27 -3 22 3 
-13 -5 13 4 4 -2 23 -6 -14 10 -3 11 3 29 -6 -6 11 5 10 24 
29 -27 5 15 6 8 7 14 -24 24 25 13 28 3 23 -11 2 -26 1 15 
11 -21 12 16 -13 24 28 3 0 28 26 7 11 13 14 7 -3 21 6 28 
7 16 24 21 16 4 23 18 2 12 -17 26 6 12 11 3 13 7 -12 25 
-29 2 -11 -12 18 16 7 30 28 29 13 28 14 16 30 10 19 -4 29 12 
16 7 17 14 -13 -30 6 23 24 11 11 -6 10 0 8 10 15 9 -24 12 
14 8 17 27 20 24 2 3 30 -12 -4 15 6 17 1 7 6 5 6 -20 
15 6 16 5 24 -26 18 -2 1 5 -26 -28 19 -1 1 4 2 30 22 10 
-17 -8 1 1 -17 15 15 -14 22 17 -26 22 16 -12 -10 22 -29 7 -29 7 
30
1
10 12
9 7
0
0
