20 20
10 -1 9 -8 -2 6 5 -10 10 7 -7 1 -10 9 -7 11 -10 11 1 10 
5 7 6 7 1 4 -11 -3 -9 3 3 6 9 2 9 0 -7 -10 11 7 
11 4 2 11 10 11 -11 8 4 10 4 1 3 8 10 -10 3 -8 1 5 
7 6 4 -6 1 -9 1 0 -10 8 3 2 9 10 -11 11 8 10 8 -10 
-10 2 6 -5 -7 8 0 6 9 6 -11 2 5 -8 9 10 4 5 2 2 
0 7 -3 1 6 11 -3 2 5 6 2 6 11 9 3 6 7 5 -8 -7 
-5 7 -3 -11 11 -5 0 -6 11 -7 0 6 -5 8 -2 9 10 -1 -7 5 
4 1 0 3 8 5 -11 2 10 5 6 6 -9 8 0 -10 0 8 1 3 
5 4 4 4 1 6 1 0 -3 -4 6 6 -6 5 3 8 -10 7 -5 -1 
10 5 4 -11 7 7 3 -4 6 9 -10 3 11 1 3 11 3 -1 0 10 
10 0 -1 3 11 3 1 11 3 -10 9 6 -4 3 7 7 -11 4 5 10 
-1 -5 7 -10 8 3 5 -6 6 6 -4 -3 0 1 6 1 4 4 4 5 
3 1 8 0 -10 0 8 -9 6 6 5 10 2 -11 5 8 3 0 1 4 
5 -7 -1 10 9 -2 8 -5 6 0 -7 11 -6 0 -5 11 -11 -3 7 -5 
-7 -8 5 7 6 3 9 11 6 2 6 5 2 -3 11 6 1 -3 7 0 
2 2 5 4 10 9 -8 5 2 -11 6 9 6 0 8 -7 -5 6 2 -10 
-10 8 10 8 11 -11 10 9 2 3 8 -10 0 1 -9 1 -6 4 6 7 
5 1 -8 3 -10 10 8 3 1 4 10 4 8 -11 11 10 11 2 4 11 
7 11 -10 -7 0 9 2 9 6 3 3 -9 -3 -11 4 1 7 6 7 5 
10 1 11 -10 11 -7 9 -10 1 -7 7 10 -10 5 6 -2 -8 9 -1 10 
30
1
0 2
19 17
0
0
