20 20
17 24 -20 21 -6 19 -26 -3 5 3 23 18 -11 12 20 16 -20 26 -19 25 
1 -28 21 5 -20 12 -18 8 23 1 16 13 24 -7 -15 -10 29 28 11 -24 
4 19 17 27 23 -8 22 19 -14 21 15 29 -9 14 21 -18 26 7 15 -24 
6 8 17 -17 9 7 -9 17 -13 3 23 1 -16 27 -10 -5 12 25 11 27 
-22 5 29 10 7 5 -27 -3 16 21 4 21 29 -22 23 0 -25 19 3 12 
10 21 7 -6 12 13 -20 15 -19 13 28 22 26 24 14 16 -5 -18 -12 10 
23 17 -19 21 -12 4 29 24 28 10 11 22 11 22 -26 -3 -9 1 -10 7 
17 26 22 18 13 11 -12 -13 -23 13 13 18 13 15 2 27 -15 26 -22 1 
2 24 -4 19 19 20 18 3 15 4 -16 11 15 14 1 7 11 -19 16 -26 
0 -27 -3 -2 -17 -19 17 1 -15 15 -6 2 -19 12 13 11 28 -22 -13 -16 
-16 -13 -22 28 11 13 12 -19 2 -6 15 -15 1 17 -19 -17 -2 -3 -27 0 
-26 16 -19 11 7 1 14 15 11 -16 4 15 3 18 20 19 19 -4 24 2 
1 -22 26 -15 27 2 15 13 18 13 13 -23 -13 -12 11 13 18 22 26 17 
7 -10 1 -9 -3 -26 22 11 22 11 10 28 24 29 4 -12 21 -19 17 23 
10 -12 -18 -5 16 14 24 26 22 28 13 -19 15 -20 13 12 -6 7 21 10 
12 3 19 -25 0 23 -22 29 21 4 21 16 -3 -27 5 7 10 29 5 -22 
27 11 25 12 -5 -10 27 -16 1 23 3 -13 17 -9 7 9 -17 17 8 6 
-24 15 7 26 -18 21 14 -9 29 15 21 -14 19 22 -8 23 27 17 19 4 
-24 11 28 29 -10 -15 -7 24 13 16 1 23 8 -18 12 -20 5 21 -28 1 
25 -19 26 -20 16 20 12 -11 18 23 3 5 -3 -26 19 -6 21 -20 24 17 
30
1
7 0
12 19
0
0
