20 20
7 27 12 -9 20 19 8 25 -24 13 -8 21 16 12 0 -20 -21 22 19 11 
9 17 23 13 8 14 22 16 3 16 22 14 21 -13 -4 3 17 3 -9 -23 
15 20 7 7 16 4 11 10 7 4 25 26 -10 26 -11 -18 4 10 -17 19 
-21 21 17 19 22 21 -2 25 8 -25 14 -21 2 26 -1 10 -13 -1 14 13 
27 21 14 -21 -24 -21 20 1 6 -23 -24 0 0 18 1 10 17 22 7 24 
25 14 13 27 -10 4 -1 18 -13 5 3 14 -21 19 9 12 12 1 25 5 
17 19 26 15 3 6 5 -10 4 25 -17 -16 18 1 5 27 -24 22 0 -11 
-18 2 9 16 22 2 -18 -7 18 -26 12 14 4 19 21 13 13 19 5 -21 
11 17 27 8 17 6 15 16 25 -21 -21 24 5 -13 26 18 5 24 7 -27 
-18 23 9 -11 19 -21 8 -13 24 25 7 -4 23 7 19 8 22 7 19 15 
15 19 7 22 8 19 7 23 -4 7 25 24 -13 8 -21 19 -11 9 23 -18 
-27 7 24 5 18 26 -13 5 24 -21 -21 25 16 15 6 17 8 27 17 11 
-21 5 19 13 13 21 19 4 14 12 -26 18 -7 -18 2 22 16 9 2 -18 
-11 0 22 -24 27 5 1 18 -16 -17 25 4 -10 5 6 3 15 26 19 17 
5 25 1 12 12 9 19 -21 14 3 5 -13 18 -1 4 -10 27 13 14 25 
24 7 22 17 10 1 18 0 0 -24 -23 6 1 20 -21 -24 -21 14 21 27 
13 14 -1 -13 10 -1 26 2 -21 14 -25 8 25 -2 21 22 19 17 21 -21 
19 -17 10 4 -18 -11 26 -10 26 25 4 7 10 11 4 16 7 7 20 15 
-23 -9 3 17 3 -4 -13 21 14 22 16 3 16 22 14 8 13 23 17 9 
11 19 22 -21 -20 0 12 16 21 -8 13 -24 25 8 19 20 -9 12 27 7 
30
1
11 5
8 14
0
0
