20 20
11 10 19 -11 -7 1 -2 -9 7 -6 26 20 18 11 4 12 24 15 2 -6 
19 -3 15 6 26 2 -26 25 14 -4 10 24 17 20 7 -6 -22 9 2 -23 
20 13 1 -21 7 2 17 0 17 -2 10 2 -24 9 8 -14 1 16 -9 11 
25 23 8 -16 6 15 -8 26 -23 14 12 -1 25 -13 1 0 3 10 16 24 
9 12 8 1 17 -7 12 -21 16 -18 9 8 6 19 12 13 7 8 25 8 
11 21 13 10 -16 -17 21 9 19 2 17 8 21 2 18 -18 8 4 3 25 
3 7 1 13 11 14 18 -16 10 -3 -19 -15 -2 21 15 1 7 7 3 12 
2 12 13 25 9 11 24 23 12 -19 12 7 8 2 8 12 1 23 -5 12 
-24 -16 7 17 12 21 21 13 8 -9 15 10 12 3 8 18 20 8 8 25 
14 19 19 6 17 -13 10 20 6 26 17 2 -17 -11 20 22 26 23 -24 6 
6 -24 23 26 22 20 -11 -17 2 17 26 6 20 10 -13 17 6 19 19 14 
25 8 8 20 18 8 3 12 10 15 -9 8 13 21 21 12 17 7 -16 -24 
12 -5 23 1 12 8 2 8 7 12 -19 12 23 24 11 9 25 13 12 2 
12 3 7 7 1 15 21 -2 -15 -19 -3 10 -16 18 14 11 13 1 7 3 
25 3 4 8 -18 18 2 21 8 17 2 19 9 21 -17 -16 10 13 21 11 
8 25 8 7 13 12 19 6 8 9 -18 16 -21 12 -7 17 1 8 12 9 
24 16 10 3 0 1 -13 25 -1 12 14 -23 26 -8 15 6 -16 8 23 25 
11 -9 16 1 -14 8 9 -24 2 10 -2 17 0 17 2 7 -21 1 13 20 
-23 2 9 -22 -6 7 20 17 24 10 -4 14 25 -26 2 26 6 15 -3 19 
-6 2 15 24 12 4 11 18 20 26 -6 7 -9 -2 1 -7 -11 19 10 11 
30
1
5 16
14 3
0
0
