20 20
0 2 4 -2 8 -5 0 2 7 5 -8 -5 1 -2 10 4 -3 5 -6 -2 
-5 9 7 -10 7 1 7 7 2 5 -1 4 5 7 -1 4 7 -4 4 3 
1 8 -10 7 10 4 -1 1 10 -7 -5 1 8 1 -7 -3 -5 -8 1 -7 
-5 4 5 1 -8 -5 8 -9 5 8 -4 8 5 7 7 4 6 7 8 -1 
-4 -3 1 0 -10 2 8 -7 2 -4 1 -9 3 8 -5 1 10 2 5 0 
5 -9 9 -8 10 6 -5 4 7 -3 0 -10 -6 -2 10 3 8 -2 1 8 
7 2 2 9 -7 5 1 0 -5 0 10 10 9 3 4 4 1 -4 6 -9 
6 1 -10 6 9 9 4 6 -8 9 5 -5 9 2 6 6 0 10 -5 -3 
4 0 -9 -10 7 -2 6 10 -3 5 6 7 10 1 9 6 8 -1 6 -2 
-3 -5 8 9 -2 -5 -9 9 3 3 0 -10 2 2 9 9 9 8 -1 8 
8 -1 8 9 9 9 2 2 -10 0 3 3 9 -9 -5 -2 9 8 -5 -3 
-2 6 -1 8 6 9 1 10 7 6 5 -3 10 6 -2 7 -10 -9 0 4 
-3 -5 10 0 6 6 2 9 -5 5 9 -8 6 4 9 9 6 -10 1 6 
-9 6 -4 1 4 4 3 9 10 10 0 -5 0 1 5 -7 9 2 2 7 
8 1 -2 8 3 10 -2 -6 -10 0 -3 7 4 -5 6 10 -8 9 -9 5 
0 5 2 10 1 -5 8 3 -9 1 -4 2 -7 8 2 -10 0 1 -3 -4 
-1 8 7 6 4 7 7 5 8 -4 8 5 -9 8 -5 -8 1 5 4 -5 
-7 1 -8 -5 -3 -7 1 8 1 -5 -7 10 1 -1 4 10 7 -10 8 1 
3 4 -4 7 4 -1 7 5 4 -1 5 2 7 7 1 7 -10 7 9 -5 
-2 -6 5 -3 4 10 -2 1 -5 -8 5 7 2 0 -5 8 -2 4 2 0 
30
1
5 9
14 10
0
0
