20 20
-4 -18 -10 11 -12 13 10 4 -14 -6 4 13 -9 6 1 -14 9 8 -13 -10 
13 3 14 3 -9 15 -12 -4 12 7 13 -15 9 13 10 4 9 -13 18 -17 
-16 14 15 3 18 13 14 17 -5 11 10 -11 18 17 12 11 9 15 16 -15 
10 -15 5 13 5 2 13 5 8 12 -10 5 5 -10 6 -14 16 9 13 14 
13 4 8 -7 -1 2 14 10 -13 7 5 3 1 14 12 16 17 -14 9 17 
10 3 4 2 12 14 2 -10 17 6 2 -13 -15 15 17 -17 6 16 -15 10 
18 6 -8 -2 16 18 17 14 3 10 4 3 2 11 -6 1 2 14 7 -9 
12 -9 10 17 13 15 11 -2 -12 2 11 14 -18 16 7 4 -16 8 5 0 
13 9 18 17 7 -8 17 -9 7 13 -7 -5 -3 2 6 -16 -7 -4 13 5 
5 18 6 11 4 13 -5 -12 -10 14 3 -12 2 -12 -16 1 0 -11 15 17 
17 15 -11 0 1 -16 -12 2 -12 3 14 -10 -12 -5 13 4 11 6 18 5 
5 13 -4 -7 -16 6 2 -3 -5 -7 13 7 -9 17 -8 7 17 18 9 13 
0 5 8 -16 4 7 16 -18 14 11 2 -12 -2 11 15 13 17 10 -9 12 
-9 7 14 2 1 -6 11 2 3 4 10 3 14 17 18 16 -2 -8 6 18 
10 -15 16 6 -17 17 15 -15 -13 2 6 17 -10 2 14 12 2 4 3 10 
17 9 -14 17 16 12 14 1 3 5 7 -13 10 14 2 -1 -7 8 4 13 
14 13 9 16 -14 6 -10 5 5 -10 12 8 5 13 2 5 13 5 -15 10 
-15 16 15 9 11 12 17 18 -11 10 11 -5 17 14 13 18 3 15 14 -16 
-17 18 -13 9 4 10 13 9 -15 13 7 12 -4 -12 15 -9 3 14 3 13 
-10 -13 8 9 -14 1 6 -9 13 4 -6 -14 4 10 13 -12 11 -10 -18 -4 
30
1
0 4
19 15
0
0
