20 20
1 -11 -10 1 -3 8 6 3 2 10 11 11 -7 5 12 5 8 6 12 3 
11 5 2 0 -12 -8 -8 3 0 -6 2 -7 0 7 5 1 3 2 11 -4 
-9 12 11 5 12 -9 11 12 12 8 1 1 0 5 12 5 9 8 4 11 
12 6 -3 12 4 10 2 -5 -4 5 4 5 4 3 -3 2 3 9 3 3 
0 5 -4 5 -7 4 4 8 4 12 -8 3 8 2 7 6 -12 -6 1 -1 
12 8 -11 -9 4 8 7 -2 4 2 -12 -7 10 11 7 9 -4 1 6 12 
4 9 11 -5 12 10 7 5 -6 8 7 -8 11 6 -8 9 5 7 7 12 
11 10 -12 7 2 2 3 0 1 8 3 5 9 1 12 11 -1 7 -7 6 
2 5 1 -4 5 12 0 1 0 12 5 5 1 12 4 6 9 -4 1 3 
8 7 0 1 -3 1 3 6 7 -12 7 -12 8 11 0 2 9 8 -10 10 
10 -10 8 9 2 0 11 8 -12 7 -12 7 6 3 1 -3 1 0 7 8 
3 1 -4 9 6 4 12 1 5 5 12 0 1 0 12 5 -4 1 5 2 
6 -7 7 -1 11 12 1 9 5 3 8 1 0 3 2 2 7 -12 10 11 
12 7 7 5 9 -8 6 11 -8 7 8 -6 5 7 10 12 -5 11 9 4 
12 6 1 -4 9 7 11 10 -7 -12 2 4 -2 7 8 4 -9 -11 8 12 
-1 1 -6 -12 6 7 2 8 3 -8 12 4 8 4 4 -7 5 -4 5 0 
3 3 9 3 2 -3 3 4 5 4 5 -4 -5 2 10 4 12 -3 6 12 
11 4 8 9 5 12 5 0 1 1 8 12 12 11 -9 12 5 11 12 -9 
-4 11 2 3 1 5 7 0 -7 2 -6 0 3 -8 -8 -12 0 2 5 11 
3 12 6 8 5 12 5 -7 11 11 10 2 3 6 8 -3 1 -10 -11 1 
30
1
0 2
19 17
0
0
