20 20
0 8 8 17 -22 -3 16 7 -19 -25 12 3 -12 28 6 14 23 25 13 21 
19 5 -16 -18 6 19 -3 13 -17 9 1 -27 23 24 8 -18 13 19 -7 5 
23 10 16 18 -10 18 27 7 11 20 18 14 28 17 22 0 -14 26 27 -15 
-21 21 -5 22 -22 4 -17 11 18 21 -21 3 27 8 17 27 -12 11 -3 15 
2 14 8 22 28 26 15 -5 -9 8 16 -8 11 12 0 17 14 12 4 25 
25 23 11 21 9 -7 13 17 2 9 17 -10 21 -28 -5 3 18 22 28 22 
21 22 -28 18 19 1 -12 28 1 14 13 -14 28 -6 3 20 1 13 11 -25 
24 -22 6 15 20 12 -4 -23 6 17 15 25 27 0 -7 13 12 10 19 10 
-24 -26 23 10 -5 -22 24 10 -4 16 21 20 16 18 10 -15 -24 -24 -25 27 
-25 -5 23 2 19 23 14 22 -2 23 -13 -26 4 9 -7 10 27 18 14 25 
25 14 18 27 10 -7 9 4 -26 -13 23 -2 22 14 23 19 2 23 -5 -25 
27 -25 -24 -24 -15 10 18 16 20 21 16 -4 10 24 -22 -5 10 23 -26 -24 
10 19 10 12 13 -7 0 27 25 15 17 6 -23 -4 12 20 15 6 -22 24 
-25 11 13 1 20 3 -6 28 -14 13 14 1 28 -12 1 19 18 -28 22 21 
22 28 22 18 3 -5 -28 21 -10 17 9 2 17 13 -7 9 21 11 23 25 
25 4 12 14 17 0 12 11 -8 16 8 -9 -5 15 26 28 22 8 14 2 
15 -3 11 -12 27 17 8 27 3 -21 21 18 11 -17 4 -22 22 -5 21 -21 
-15 27 26 -14 0 22 17 28 14 18 20 11 7 27 18 -10 18 16 10 23 
5 -7 19 13 -18 8 24 23 -27 1 9 -17 13 -3 19 6 -18 -16 5 19 
21 13 25 23 14 6 28 -12 3 12 -25 -19 7 16 -3 -22 17 8 8 0 
30
1
6 5
13 14
0
0
