20 20
10 11 -4 20 8 7 8 16 9 -10 14 3 13 8 14 -15 8 -2 -17 12 
15 -6 -14 14 17 8 -12 20 1 3 12 -20 12 -3 14 1 20 3 2 14 
14 9 10 -13 12 11 16 2 16 18 4 18 0 11 -20 13 8 16 13 -13 
6 -10 9 -15 2 17 -12 12 3 13 -19 17 -3 20 2 1 5 -2 -2 -12 
3 6 2 14 20 0 13 17 7 17 -9 17 16 20 13 4 9 12 -15 11 
4 18 20 20 1 -18 6 -12 1 10 1 1 16 -15 17 -16 14 -4 17 14 
-5 16 -16 14 5 11 3 19 4 11 6 11 -2 16 12 17 14 1 5 20 
10 -10 12 12 8 4 19 11 -9 20 -20 -1 4 10 10 9 13 11 9 -4 
10 -14 -8 1 20 -15 10 8 17 5 -9 1 1 16 5 -4 9 12 11 -2 
11 19 15 7 6 5 -9 16 3 3 6 16 6 -14 12 16 2 12 -18 7 
7 -18 12 2 16 12 -14 6 16 6 3 3 16 -9 5 6 7 15 19 11 
-2 11 12 9 -4 5 16 1 1 -9 5 17 8 10 -15 20 1 -8 -14 10 
-4 9 11 13 9 10 10 4 -1 -20 20 -9 11 19 4 8 12 12 -10 10 
20 5 1 14 17 12 16 -2 11 6 11 4 19 3 11 5 14 -16 16 -5 
14 17 -4 14 -16 17 -15 16 1 1 10 1 -12 6 -18 1 20 20 18 4 
11 -15 12 9 4 13 20 16 17 -9 17 7 17 13 0 20 14 2 6 3 
-12 -2 -2 5 1 2 20 -3 17 -19 13 3 12 -12 17 2 -15 9 -10 6 
-13 13 16 8 13 -20 11 0 18 4 18 16 2 16 11 12 -13 10 9 14 
14 2 3 20 1 14 -3 12 -20 12 3 1 20 -12 8 17 14 -14 -6 15 
12 -17 -2 8 -15 14 8 13 3 14 -10 9 16 8 7 8 20 -4 11 10 
30
1
13 9
6 10
0
0
