20 20
2 -7 11 -11 5 -6 -3 6 -11 -12 11 -7 0 3 11 12 9 -5 6 2 
2 -10 -5 7 8 5 10 11 12 8 2 -3 -6 -10 5 3 -11 3 2 -9 
10 -5 -6 -3 5 4 5 7 7 -7 -8 2 -5 0 -12 4 11 11 8 4 
3 1 -4 0 -8 1 9 5 4 5 7 11 6 0 4 10 -11 9 4 1 
-3 11 7 -10 4 5 8 0 2 -1 3 3 11 1 12 7 -2 12 7 7 
-5 -3 5 12 2 6 7 3 -10 -3 4 4 12 -9 5 12 9 10 -2 8 
12 5 7 -6 4 -5 -4 2 -1 0 -2 10 9 3 4 9 12 6 8 9 
10 10 7 -12 11 0 9 -5 9 0 2 7 10 0 4 -10 10 11 1 11 
-6 5 11 12 10 3 1 10 -2 10 -6 11 3 4 8 3 -9 8 3 4 
-4 8 11 12 -8 8 8 -4 1 0 11 6 5 9 12 12 11 6 4 8 
8 4 6 11 12 12 9 5 6 11 0 1 -4 8 8 -8 12 11 8 -4 
4 3 8 -9 3 8 4 3 11 -6 10 -2 10 1 3 10 12 11 5 -6 
11 1 11 10 -10 4 0 10 7 2 0 9 -5 9 0 11 -12 7 10 10 
9 8 6 12 9 4 3 9 10 -2 0 -1 2 -4 -5 4 -6 7 5 12 
8 -2 10 9 12 5 -9 12 4 4 -3 -10 3 7 6 2 12 5 -3 -5 
7 7 12 -2 7 12 1 11 3 3 -1 2 0 8 5 4 -10 7 11 -3 
1 4 9 -11 10 4 0 6 11 7 5 4 5 9 1 -8 0 -4 1 3 
4 8 11 11 4 -12 0 -5 2 -8 -7 7 7 5 4 5 -3 -6 -5 10 
-9 2 3 -11 3 5 -10 -6 -3 2 8 12 11 10 5 8 7 -5 -10 2 
2 6 -5 9 12 11 3 0 -7 11 -12 -11 6 -3 -6 5 -11 11 -7 2 
30
1
17 5
2 14
0
0
