20 20
9 10 19 11 -17 -1 6 -6 16 -17 15 3 -1 0 14 -12 -13 6 20 9 
20 3 15 0 6 -3 17 17 -18 4 4 -15 18 -9 14 -13 4 14 8 7 
18 17 -20 17 18 3 -5 15 6 -7 -16 10 11 9 12 1 -3 1 20 16 
16 12 -18 17 7 8 -9 16 -8 17 0 9 -12 19 10 -14 11 12 8 13 
5 -7 -4 1 -1 15 0 7 9 18 5 6 -4 16 -17 1 -1 -15 8 4 
-1 7 19 1 4 2 11 7 10 11 6 -10 5 6 15 18 11 3 17 6 
-15 19 11 0 17 11 -16 17 -6 -2 6 20 17 -3 3 19 -20 19 16 8 
16 5 1 18 19 4 12 5 9 15 -20 -17 -19 9 -18 -15 6 -15 -5 -1 
-14 9 4 7 5 5 13 9 13 -13 -20 19 -6 8 -8 11 -20 -18 15 5 
6 15 -4 14 13 -14 -3 14 15 15 -8 -1 14 13 17 20 -9 19 -8 -15 
-15 -8 19 -9 20 17 13 14 -1 -8 15 15 14 -3 -14 13 14 -4 15 6 
5 15 -18 -20 11 -8 8 -6 19 -20 -13 13 9 13 5 5 7 4 9 -14 
-1 -5 -15 6 -15 -18 9 -19 -17 -20 15 9 5 12 4 19 18 1 5 16 
8 16 19 -20 19 3 -3 17 20 6 -2 -6 17 -16 11 17 0 11 19 -15 
6 17 3 11 18 15 6 5 -10 6 11 10 7 11 2 4 1 19 7 -1 
4 8 -15 -1 1 -17 16 -4 6 5 18 9 7 0 15 -1 1 -4 -7 5 
13 8 12 11 -14 10 19 -12 9 0 17 -8 16 -9 8 7 17 -18 12 16 
16 20 1 -3 1 12 9 11 10 -16 -7 6 15 -5 3 18 17 -20 17 18 
7 8 14 4 -13 14 -9 18 -15 4 4 -18 17 17 -3 6 0 15 3 20 
9 20 6 -13 -12 14 0 -1 3 15 -17 16 -6 6 -1 -17 11 19 10 9 
30
1
4 15
15 4
0
0
