20 20
13 1 -11 12 -4 1 4 1 -2 -6 5 2 9 2 -10 7 4 -13 3 8 
12 6 7 13 4 -6 9 -1 -7 11 10 15 3 11 4 -12 0 0 9 10 
1 15 0 15 15 3 3 0 4 7 4 -13 6 6 13 9 4 4 -3 11 
1 3 11 11 -2 11 4 13 9 7 -5 7 9 -13 7 -2 -1 10 -4 3 
14 14 -7 12 11 10 -1 5 9 8 9 7 6 -13 -12 6 7 10 10 -8 
4 13 13 15 11 -7 -1 10 13 -5 12 9 10 -4 6 -14 0 1 7 5 
14 14 1 0 -12 6 10 -4 11 11 8 -15 12 11 0 8 9 8 -9 -1 
6 15 6 -11 5 10 1 2 1 13 14 10 2 11 1 8 -15 15 2 2 
10 5 -12 11 9 7 -1 -7 6 -7 4 13 2 15 3 13 2 -7 11 8 
14 14 4 10 -1 4 -5 15 9 -7 9 3 10 2 -13 2 12 -2 10 13 
13 10 -2 12 2 -13 2 10 3 9 -7 9 15 -5 4 -1 10 4 14 14 
8 11 -7 2 13 3 15 2 13 4 -7 6 -7 -1 7 9 11 -12 5 10 
2 2 15 -15 8 1 11 2 10 14 13 1 2 1 10 5 -11 6 15 6 
-1 -9 8 9 8 0 11 12 -15 8 11 11 -4 10 6 -12 0 1 14 14 
5 7 1 0 -14 6 -4 10 9 12 -5 13 10 -1 -7 11 15 13 13 4 
-8 10 10 7 6 -12 -13 6 7 9 8 9 5 -1 10 11 12 -7 14 14 
3 -4 10 -1 -2 7 -13 9 7 -5 7 9 13 4 11 -2 11 11 3 1 
11 -3 4 4 9 13 6 6 -13 4 7 4 0 3 3 15 15 0 15 1 
10 9 0 0 -12 4 11 3 15 10 11 -7 -1 9 -6 4 13 7 6 12 
8 3 -13 4 7 -10 2 9 2 5 -6 -2 1 4 1 -4 12 -11 1 13 
30
1
3 9
16 10
0
0
