20 20
-1 20 19 -5 -3 17 21 8 -20 -12 3 13 12 17 -13 2 18 -13 -19 -7 
0 4 -4 7 0 17 -5 -19 20 5 10 -16 3 -1 8 20 18 5 13 -19 
6 7 6 10 14 4 7 21 17 -19 20 22 15 4 -16 17 21 22 12 0 
14 9 11 17 21 -18 -14 -21 11 15 21 1 14 -15 18 21 21 20 21 3 
14 12 14 -15 6 16 20 4 -19 3 5 7 14 -3 17 6 16 6 2 -6 
-14 -12 19 8 17 11 1 -1 4 11 0 12 -2 15 -16 0 2 -16 1 1 
12 -9 12 17 3 15 5 17 20 -12 -1 -15 3 -22 -5 6 16 0 2 -20 
-11 12 19 -4 0 -4 22 -12 10 15 16 7 19 14 -11 17 22 12 19 11 
17 6 20 -8 15 19 20 7 18 22 3 -7 17 -2 -21 20 12 12 6 8 
-17 10 19 -8 8 17 2 2 11 18 11 19 14 2 3 11 -11 15 10 22 
22 10 15 -11 11 3 2 14 19 11 18 11 2 2 17 8 -8 19 10 -17 
8 6 12 12 20 -21 -2 17 -7 3 22 18 7 20 19 15 -8 20 6 17 
11 19 12 22 17 -11 14 19 7 16 15 10 -12 22 -4 0 -4 19 12 -11 
-20 2 0 16 6 -5 -22 3 -15 -1 -12 20 17 5 15 3 17 12 -9 12 
1 1 -16 2 0 -16 15 -2 12 0 11 4 -1 1 11 17 8 19 -12 -14 
-6 2 6 16 6 17 -3 14 7 5 3 -19 4 20 16 6 -15 14 12 14 
3 21 20 21 21 18 -15 14 1 21 15 11 -21 -14 -18 21 17 11 9 14 
0 12 22 21 17 -16 4 15 22 20 -19 17 21 7 4 14 10 6 7 6 
-19 13 5 18 20 8 -1 3 -16 10 5 20 -19 -5 17 0 7 -4 4 0 
-7 -19 -13 18 2 -13 17 12 13 3 -12 -20 8 21 17 -3 -5 19 20 -1 
30
1
8 14
11 5
0
0
