20 20
-13 11 21 24 -22 8 23 24 -17 -10 3 2 20 2 9 1 23 -23 1 23 
16 -17 3 21 2 23 23 23 -20 -8 24 5 12 -20 13 16 16 6 24 16 
-21 11 2 6 13 6 6 1 0 -24 22 17 14 8 14 13 26 23 14 1 
-20 25 24 12 11 -7 10 1 4 24 19 -14 13 17 3 24 25 5 13 -22 
26 -19 0 7 4 -6 -2 -5 -9 23 14 10 19 4 26 23 1 18 -5 17 
-19 -9 21 23 -8 26 10 18 14 24 17 1 26 12 -13 10 14 21 4 14 
-2 26 21 2 25 22 1 -12 21 -6 18 18 15 14 18 2 -12 0 20 19 
5 8 11 19 5 17 17 22 20 2 9 13 21 16 -2 5 18 23 3 -3 
-20 4 21 3 16 15 -13 -16 18 -19 3 7 21 -3 1 6 -15 12 20 6 
12 0 9 -14 3 9 14 1 26 19 8 7 18 1 9 -7 12 0 -15 10 
10 -15 0 12 -7 9 1 18 7 8 19 26 1 14 9 3 -14 9 0 12 
6 20 12 -15 6 1 -3 21 7 3 -19 18 -16 -13 15 16 3 21 4 -20 
-3 3 23 18 5 -2 16 21 13 9 2 20 22 17 17 5 19 11 8 5 
19 20 0 -12 2 18 14 15 18 18 -6 21 -12 1 22 25 2 21 26 -2 
14 4 21 14 10 -13 12 26 1 17 24 14 18 10 26 -8 23 21 -9 -19 
17 -5 18 1 23 26 4 19 10 14 23 -9 -5 -2 -6 4 7 0 -19 26 
-22 13 5 25 24 3 17 13 -14 19 24 4 1 10 -7 11 12 24 25 -20 
1 14 23 26 13 14 8 14 17 22 -24 0 1 6 6 13 6 2 11 -21 
16 24 6 16 16 13 -20 12 5 24 -8 -20 23 23 23 2 21 3 -17 16 
23 1 -23 23 1 9 2 20 2 3 -10 -17 24 23 8 -22 24 21 11 -13 
30
1
12 6
7 13
0
0
