20 20
12 -13 -7 4 13 7 1 7 11 6 10 5 7 -2 5 -11 1 7 8 -5 
1 5 3 4 1 5 -6 13 -8 0 7 2 8 0 1 4 3 3 0 12 
1 -5 7 3 -13 0 0 2 -12 0 8 5 -13 -7 -6 4 -7 11 4 10 
3 5 4 2 3 -12 12 11 5 11 -1 13 7 10 -5 0 3 1 -2 9 
4 1 3 -7 0 4 7 7 5 5 3 4 0 6 5 12 9 1 -1 -5 
-8 12 2 2 -4 6 13 -6 5 1 -5 -11 12 -6 12 5 0 6 -1 0 
4 7 3 12 2 9 13 3 7 11 1 9 6 -7 -9 -13 3 11 -12 3 
7 2 -6 12 -11 6 2 3 -10 12 10 8 3 1 9 12 4 13 4 10 
11 13 -2 -4 3 -5 5 4 13 -2 11 -5 -8 10 -6 3 -3 11 8 5 
12 1 6 11 -5 10 7 7 6 5 9 0 1 7 4 5 4 1 4 -2 
-2 4 1 4 5 4 7 1 0 9 5 6 7 7 10 -5 11 6 1 12 
5 8 11 -3 3 -6 10 -8 -5 11 -2 13 4 5 -5 3 -4 -2 13 11 
10 4 13 4 12 9 1 3 8 10 12 -10 3 2 6 -11 12 -6 2 7 
3 -12 11 3 -13 -9 -7 6 9 1 11 7 3 13 9 2 12 3 7 4 
0 -1 6 0 5 12 -6 12 -11 -5 1 5 -6 13 6 -4 2 2 12 -8 
-5 -1 1 9 12 5 6 0 4 3 5 5 7 7 4 0 -7 3 1 4 
9 -2 1 3 0 -5 10 7 13 -1 11 5 11 12 -12 3 2 4 5 3 
10 4 11 -7 4 -6 -7 -13 5 8 0 -12 2 0 0 -13 3 7 -5 1 
12 0 3 3 4 1 0 8 2 7 0 -8 13 -6 5 1 4 3 5 1 
-5 8 7 1 -11 5 -2 7 5 10 6 11 7 1 7 13 4 -7 -13 12 
30
1
11 16
8 3
0
0
