20 20
8 10 15 1 15 2 6 -14 1 16 -16 4 -7 16 1 -10 17 -10 7 20 
-6 19 -20 3 -8 8 -11 17 -14 -1 19 -10 -20 -12 0 18 -17 -2 -20 -18 
5 17 19 -4 -19 -2 3 -18 17 2 3 -13 2 13 -15 6 4 -19 -19 11 
-16 12 -19 11 3 19 16 -5 16 -18 -11 15 5 8 4 1 17 14 -4 -15 
9 2 -6 -7 9 -10 8 8 17 15 11 5 16 15 20 20 5 -12 10 14 
16 0 10 17 8 8 19 -5 3 10 12 9 19 -3 10 9 9 1 11 7 
11 -9 3 0 13 -1 -19 17 -19 -8 17 18 15 18 4 13 -6 0 1 -2 
9 -3 1 20 9 8 16 11 -6 -8 13 9 3 12 2 0 -1 18 11 18 
-13 -2 14 16 -11 0 20 10 3 -10 -16 -15 0 4 19 -13 4 -5 -9 18 
-12 11 2 10 4 -19 0 -9 -14 -2 2 17 17 -15 19 6 8 -15 8 20 
20 8 -15 8 6 19 -15 17 17 2 -2 -14 -9 0 -19 4 10 2 11 -12 
18 -9 -5 4 -13 19 4 0 -15 -16 -10 3 10 20 0 -11 16 14 -2 -13 
18 11 18 -1 0 2 12 3 9 13 -8 -6 11 16 8 9 20 1 -3 9 
-2 1 0 -6 13 4 18 15 18 17 -8 -19 17 -19 -1 13 0 3 -9 11 
7 11 1 9 9 10 -3 19 9 12 10 3 -5 19 8 8 17 10 0 16 
14 10 -12 5 20 20 15 16 5 11 15 17 8 8 -10 9 -7 -6 2 9 
-15 -4 14 17 1 4 8 5 15 -11 -18 16 -5 16 19 3 11 -19 12 -16 
11 -19 -19 4 6 -15 13 2 -13 3 2 17 -18 3 -2 -19 -4 19 17 5 
-18 -20 -2 -17 18 0 -12 -20 -10 19 -1 -14 17 -11 8 -8 3 -20 19 -6 
20 7 -10 17 -10 1 16 -7 4 -16 16 1 -14 6 2 15 1 15 10 8 
30
1
16 6
3 13
0
0
