20 20
0 17 -16 7 -2 14 8 0 7 4 3 15 -13 4 -15 4 -9 3 4 -8 
-9 18 -16 5 1 2 0 0 5 -18 13 -6 9 -10 -1 10 12 18 2 10 
12 -14 -10 -15 3 -6 -2 8 18 16 8 9 13 18 16 -3 -3 1 -9 2 
10 15 2 9 5 -18 14 14 6 5 -8 -14 -14 11 -15 17 -5 13 17 5 
-11 12 3 12 8 14 0 -1 -9 6 7 3 12 -6 11 -15 -6 12 15 1 
-17 8 16 2 9 15 0 -14 -5 -11 15 -3 9 18 15 4 12 2 0 12 
3 11 -4 0 2 -12 14 -15 -5 10 12 -3 12 12 18 5 12 11 13 14 
7 3 13 18 -13 -14 -7 17 18 -12 14 16 3 1 -4 2 18 6 11 3 
18 -13 3 7 7 6 6 -17 14 -18 10 11 -5 3 -12 -8 10 1 16 16 
3 -14 15 6 12 -15 -16 -1 1 11 -6 -14 18 -14 18 12 6 11 16 7 
7 16 11 6 12 18 -14 18 -14 -6 11 1 -1 -16 -15 12 6 15 -14 3 
16 16 1 10 -8 -12 3 -5 11 10 -18 14 -17 6 6 7 7 3 -13 18 
3 11 6 18 2 -4 1 3 16 14 -12 18 17 -7 -14 -13 18 13 3 7 
14 13 11 12 5 18 12 12 -3 12 10 -5 -15 14 -12 2 0 -4 11 3 
12 0 2 12 4 15 18 9 -3 15 -11 -5 -14 0 15 9 2 16 8 -17 
1 15 12 -6 -15 11 -6 12 3 7 6 -9 -1 0 14 8 12 3 12 -11 
5 17 13 -5 17 -15 11 -14 -14 -8 5 6 14 14 -18 5 9 2 15 10 
2 -9 1 -3 -3 16 18 13 9 8 16 18 8 -2 -6 3 -15 -10 -14 12 
10 2 18 12 10 -1 -10 9 -6 13 -18 5 0 0 2 1 5 -16 18 -9 
-8 4 3 -9 4 -15 4 -13 15 3 4 7 0 8 14 -2 7 -16 17 0 
30
1
15 19
4 0
0
0
