20 20
0 15 -8 5 -12 11 7 1 17 5 -17 26 17 -1 2 19 15 19 -20 11 
-11 -16 3 -23 26 19 -24 24 -15 23 16 24 10 14 11 25 25 23 9 4 
-23 15 -3 6 21 -9 16 7 26 0 -7 16 -6 7 11 20 -3 24 15 -19 
-22 13 10 2 -18 15 12 11 0 16 3 4 25 16 19 10 22 -13 17 20 
20 -14 15 -4 -15 -22 22 22 -24 3 -3 20 -5 4 21 26 10 0 17 5 
23 22 1 -5 1 6 11 -11 -19 15 12 14 -2 -7 6 7 16 -26 -4 4 
3 13 14 13 8 16 1 23 20 15 14 12 -23 -12 25 -16 5 -18 16 -23 
-16 12 16 3 18 24 5 15 8 -16 14 6 14 0 10 -2 14 2 9 1 
-16 -3 -13 -13 0 -10 12 21 11 17 -2 14 -4 14 17 6 15 21 12 11 
-14 -9 15 6 19 -3 1 -7 2 -17 -16 3 24 16 19 26 23 8 1 4 
4 1 8 23 26 19 16 24 3 -16 -17 2 -7 1 -3 19 6 15 -9 -14 
11 12 21 15 6 17 14 -4 14 -2 17 11 21 12 -10 0 -13 -13 -3 -16 
1 9 2 14 -2 10 0 14 6 14 -16 8 15 5 24 18 3 16 12 -16 
-23 16 -18 5 -16 25 -12 -23 12 14 15 20 23 1 16 8 13 14 13 3 
4 -4 -26 16 7 6 -7 -2 14 12 15 -19 -11 11 6 1 -5 1 22 23 
5 17 0 10 26 21 4 -5 20 -3 3 -24 22 22 -22 -15 -4 15 -14 20 
20 17 -13 22 10 19 16 25 4 3 16 0 11 12 15 -18 2 10 13 -22 
-19 15 24 -3 20 11 7 -6 16 -7 0 26 7 16 -9 21 6 -3 15 -23 
4 9 23 25 25 11 14 10 24 16 23 -15 24 -24 19 26 -23 3 -16 -11 
11 -20 19 15 19 2 -1 17 26 -17 5 17 1 7 11 -12 5 -8 15 0 
30
1
7 11
12 8
0
0
