20 20
0 17 19 3 23 18 19 10 3 13 15 22 4 13 8 2 10 -13 22 5 
17 10 19 17 18 7 25 7 4 10 14 13 11 25 -18 10 7 7 -18 21 
2 2 9 7 19 -4 -9 23 18 12 12 25 23 2 13 23 11 -12 6 -17 
9 15 15 12 0 13 2 22 23 16 6 -24 14 15 20 10 2 2 11 16 
4 24 6 6 6 22 25 -13 25 9 23 11 17 1 -23 -24 -24 20 2 0 
23 19 -17 -8 17 21 12 17 8 18 -6 -15 4 -13 2 2 13 15 23 10 
1 13 1 19 21 7 -4 20 -22 4 -15 4 23 8 -4 1 10 2 8 20 
10 22 21 21 3 17 18 -24 17 20 7 11 20 -9 -24 0 10 -18 -10 5 
4 -23 -3 23 22 -11 -14 0 4 24 -10 25 -3 15 22 18 18 9 6 -20 
7 23 0 -23 21 14 10 23 8 0 19 5 24 19 11 3 18 16 4 1 
1 4 16 18 3 11 19 24 5 19 0 8 23 10 14 21 -23 0 23 7 
-20 6 9 18 18 22 15 -3 25 -10 24 4 0 -14 -11 22 23 -3 -23 4 
5 -10 -18 10 0 -24 -9 20 11 7 20 17 -24 18 17 3 21 21 22 10 
20 8 2 10 1 -4 8 23 4 -15 4 -22 20 -4 7 21 19 1 13 1 
10 23 15 13 2 2 -13 4 -15 -6 18 8 17 12 21 17 -8 -17 19 23 
0 2 20 -24 -24 -23 1 17 11 23 9 25 -13 25 22 6 6 6 24 4 
16 11 2 2 10 20 15 14 -24 6 16 23 22 2 13 0 12 15 15 9 
-17 6 -12 11 23 13 2 23 25 12 12 18 23 -9 -4 19 7 9 2 2 
21 -18 7 7 10 -18 25 11 13 14 10 4 7 25 7 18 17 19 10 17 
5 22 -13 10 2 8 13 4 22 15 13 3 10 19 18 23 3 19 17 0 
30
1
11 17
8 2
0
0
