20 20
-1 -15 -10 10 2 20 16 16 7 -11 1 15 0 9 17 11 -21 5 13 -17 
7 6 20 11 2 21 -13 15 23 1 1 11 17 -16 13 14 0 15 16 13 
-15 12 -19 8 7 -6 16 -1 8 17 23 4 8 1 -21 21 -10 18 22 -10 
22 10 4 3 -14 18 12 9 13 2 -19 8 2 -16 -20 20 -5 19 18 7 
14 10 15 -20 15 14 7 4 4 -5 17 5 5 3 -1 14 6 12 17 8 
16 -19 -21 -23 9 13 4 4 0 -12 15 23 22 2 20 4 12 21 8 11 
19 13 -23 -7 0 -14 -17 18 11 3 15 20 9 7 21 20 14 0 15 21 
21 23 9 8 8 -16 17 14 -7 -15 0 -21 18 -5 -21 21 15 3 -1 22 
-11 13 -16 -8 2 18 8 -16 -11 -23 -5 -13 6 9 -14 13 12 15 -13 12 
10 8 20 -18 8 16 18 10 -17 9 1 9 -14 3 5 17 0 0 -4 4 
4 -4 0 0 17 5 3 -14 9 1 9 -17 10 18 16 8 -18 20 8 10 
12 -13 15 12 13 -14 9 6 -13 -5 -23 -11 -16 8 18 2 -8 -16 13 -11 
22 -1 3 15 21 -21 -5 18 -21 0 -15 -7 14 17 -16 8 8 9 23 21 
21 15 0 14 20 21 7 9 20 15 3 11 18 -17 -14 0 -7 -23 13 19 
11 8 21 12 4 20 2 22 23 15 -12 0 4 4 13 9 -23 -21 -19 16 
8 17 12 6 14 -1 3 5 5 17 -5 4 4 7 14 15 -20 15 10 14 
7 18 19 -5 20 -20 -16 2 8 -19 2 13 9 12 18 -14 3 4 10 22 
-10 22 18 -10 21 -21 1 8 4 23 17 8 -1 16 -6 7 8 -19 12 -15 
13 16 15 0 14 13 -16 17 11 1 1 23 15 -13 21 2 11 20 6 7 
-17 13 5 -21 11 17 9 0 15 1 -11 7 16 16 20 2 10 -10 -15 -1 
30
1
8 5
11 14
0
0
