20 20
-7 9 11 -6 17 0 -18 6 12 19 0 9 14 12 -3 0 12 19 5 9 
2 4 2 -19 -11 -1 -5 9 -12 11 8 17 -11 1 1 9 -8 17 -8 7 
15 1 16 3 5 18 3 -8 -14 4 10 7 14 -13 -12 9 2 4 15 19 
-18 1 17 18 16 3 4 2 -17 6 -2 9 8 11 4 11 4 -11 2 13 
6 2 19 16 1 12 4 14 18 13 18 15 9 1 -19 15 1 5 10 16 
12 -19 18 16 19 7 -12 13 -2 18 10 15 16 3 3 17 15 13 19 16 
16 5 16 -3 10 16 9 7 15 12 -15 -14 -10 4 4 7 -14 7 -7 1 
-7 18 -18 -4 0 6 4 16 6 19 -9 -16 11 -16 5 -15 -5 13 18 5 
-15 4 19 9 8 13 8 8 14 -16 -15 2 -13 14 6 11 16 -2 19 -18 
-1 18 -1 11 19 19 5 0 -4 14 12 -18 12 6 -5 -2 16 16 12 16 
16 12 16 16 -2 -5 6 12 -18 12 14 -4 0 5 19 19 11 -1 18 -1 
-18 19 -2 16 11 6 14 -13 2 -15 -16 14 8 8 13 8 9 19 4 -15 
5 18 13 -5 -15 5 -16 11 -16 -9 19 6 16 4 6 0 -4 -18 18 -7 
1 -7 7 -14 7 4 4 -10 -14 -15 12 15 7 9 16 10 -3 16 5 16 
16 19 13 15 17 3 3 16 15 10 18 -2 13 -12 7 19 16 18 -19 12 
16 10 5 1 15 -19 1 9 15 18 13 18 14 4 12 1 16 19 2 6 
13 2 -11 4 11 4 11 8 9 -2 6 -17 2 4 3 16 18 17 1 -18 
19 15 4 2 9 -12 -13 14 7 10 4 -14 -8 3 18 5 3 16 1 15 
7 -8 17 -8 9 1 1 -11 17 8 11 -12 9 -5 -1 -11 -19 2 4 2 
9 5 19 12 0 -3 12 14 9 0 19 12 6 -18 0 17 -6 11 9 -7 
30
1
10 18
9 1
0
0
