20 20
14 -9 4 15 15 13 3 6 0 6 10 -3 13 8 -9 -1 0 -11 4 -7 
-3 11 -14 3 15 -8 14 15 14 13 8 3 3 15 2 9 -4 3 14 2 
1 1 -12 0 12 8 14 6 9 -11 -1 -10 8 -9 14 6 -5 7 13 11 
8 11 4 4 2 2 3 10 4 11 13 3 14 10 7 8 15 0 2 12 
5 8 6 -4 3 -13 6 2 10 3 15 -12 -14 4 6 8 9 15 2 4 
-9 11 14 -4 14 14 1 2 14 9 12 1 14 12 8 -6 -4 3 15 0 
3 -14 7 -15 5 13 -3 -9 -13 10 5 -13 2 8 -6 10 4 14 0 6 
-5 2 6 8 -5 6 13 4 8 13 -3 5 11 8 15 9 -12 1 7 5 
12 -5 8 15 13 1 6 9 5 -2 -1 2 2 -10 2 8 -7 -6 -3 2 
1 6 7 -2 -5 -6 10 9 -9 13 -13 7 7 -11 2 -7 4 15 -10 12 
12 -10 15 4 -7 2 -11 7 7 -13 13 -9 9 10 -6 -5 -2 7 6 1 
2 -3 -6 -7 8 2 -10 2 2 -1 -2 5 9 6 1 13 15 8 -5 12 
5 7 1 -12 9 15 8 11 5 -3 13 8 4 13 6 -5 8 6 2 -5 
6 0 14 4 10 -6 8 2 -13 5 10 -13 -9 -3 13 5 -15 7 -14 3 
0 15 3 -4 -6 8 12 14 1 12 9 14 2 1 14 14 -4 14 11 -9 
4 2 15 9 8 6 4 -14 -12 15 3 10 2 6 -13 3 -4 6 8 5 
12 2 0 15 8 7 10 14 3 13 11 4 10 3 2 2 4 4 11 8 
11 13 7 -5 6 14 -9 8 -10 -1 -11 9 6 14 8 12 0 -12 1 1 
2 14 3 -4 9 2 15 3 3 8 13 14 15 14 -8 15 3 -14 11 -3 
-7 4 -11 0 -1 -9 8 13 -3 10 6 0 6 3 13 15 15 4 -9 14 
30
1
16 15
3 4
0
0
