20 20
4 16 6 -16 19 10 3 18 -5 21 19 3 5 17 1 8 11 2 4 20 
20 19 -7 3 -4 3 11 5 2 6 -11 21 7 2 -16 11 18 17 10 17 
19 -15 21 7 15 -19 -21 3 -5 7 12 3 20 15 12 3 10 16 19 -8 
17 18 14 5 -7 9 5 -10 16 19 3 21 19 2 11 -1 -15 -14 13 18 
-12 20 13 -2 5 -3 -19 -13 1 -18 16 2 10 18 6 8 1 16 -19 20 
3 13 0 6 -13 -14 1 1 11 20 -1 5 15 10 9 0 21 8 -20 3 
12 9 3 12 2 11 6 6 19 4 1 11 2 9 -7 15 1 20 1 3 
20 20 0 15 5 9 16 -19 -16 17 -8 11 -2 2 14 11 7 2 18 21 
18 18 -2 21 16 5 15 8 3 18 2 2 15 1 1 7 15 17 20 -20 
14 16 -5 -1 -7 -21 2 -10 -6 14 4 19 11 6 4 -6 1 -19 16 1 
1 16 -19 1 -6 4 6 11 19 4 14 -6 -10 2 -21 -7 -1 -5 16 14 
-20 20 17 15 7 1 1 15 2 2 18 3 8 15 5 16 21 -2 18 18 
21 18 2 7 11 14 2 -2 11 -8 17 -16 -19 16 9 5 15 0 20 20 
3 1 20 1 15 -7 9 2 11 1 4 19 6 6 11 2 12 3 9 12 
3 -20 8 21 0 9 10 15 5 -1 20 11 1 1 -14 -13 6 0 13 3 
20 -19 16 1 8 6 18 10 2 16 -18 1 -13 -19 -3 5 -2 13 20 -12 
18 13 -14 -15 -1 11 2 19 21 3 19 16 -10 5 9 -7 5 14 18 17 
-8 19 16 10 3 12 15 20 3 12 7 -5 3 -21 -19 15 7 21 -15 19 
17 10 17 18 11 -16 2 7 21 -11 6 2 5 11 3 -4 3 -7 19 20 
20 4 2 11 8 1 17 5 3 19 21 -5 18 3 10 19 -16 6 16 4 
30
1
10 12
9 7
0
0
