20 20
4 20 2 -11 2 6 9 0 -7 14 -6 6 0 19 7 4 13 -18 -14 21 
5 10 -1 -18 -6 -18 -1 17 -10 15 20 20 19 8 14 4 3 8 -18 18 
6 5 21 14 9 -22 12 2 19 1 9 4 16 13 -15 4 20 10 16 -13 
-16 13 9 -16 22 14 18 -13 13 20 -20 7 -15 5 6 8 11 6 16 20 
15 18 4 -3 9 19 10 17 13 -4 15 11 18 -16 -10 -13 18 -10 13 21 
5 6 8 16 0 14 7 14 12 9 18 13 17 12 -17 16 19 -12 3 6 
-10 8 16 1 11 4 0 21 11 21 -15 4 12 17 7 21 8 -14 1 3 
6 3 21 13 16 15 2 19 19 -18 -21 9 0 0 0 18 -11 12 7 17 
-16 5 12 9 -7 4 1 -11 1 22 1 -17 -17 5 9 -16 12 16 -1 -14 
11 2 9 7 3 17 20 9 5 8 6 22 14 16 2 21 -22 19 1 17 
17 1 19 -22 21 2 16 14 22 6 8 5 9 20 17 3 7 9 2 11 
-14 -1 16 12 -16 9 5 -17 -17 1 22 1 -11 1 4 -7 9 12 5 -16 
17 7 12 -11 18 0 0 0 9 -21 -18 19 19 2 15 16 13 21 3 6 
3 1 -14 8 21 7 17 12 4 -15 21 11 21 0 4 11 1 16 8 -10 
6 3 -12 19 16 -17 12 17 13 18 9 12 14 7 14 0 16 8 6 5 
21 13 -10 18 -13 -10 -16 18 11 15 -4 13 17 10 19 9 -3 4 18 15 
20 16 6 11 8 6 5 -15 7 -20 20 13 -13 18 14 22 -16 9 13 -16 
-13 16 10 20 4 -15 13 16 4 9 1 19 2 12 -22 9 14 21 5 6 
18 -18 8 3 4 14 8 19 20 20 15 -10 17 -1 -18 -6 -18 -1 10 5 
21 -14 -18 13 4 7 19 0 6 -6 14 -7 0 9 6 2 -11 2 20 4 
30
1
2 14
17 5
0
0
