20 20
16 -11 3 8 13 8 19 0 6 -5 14 24 6 14 0 10 0 3 -5 19 
5 18 -8 -24 9 16 17 9 17 12 13 -7 13 -5 10 6 -22 14 -16 9 
19 2 14 2 -12 13 8 17 -8 14 -2 -12 16 17 3 2 -21 21 0 3 
1 24 9 -15 20 1 -1 23 -18 13 -18 4 11 24 14 4 14 4 -23 22 
-12 2 -11 12 -2 9 -7 10 6 10 10 9 22 2 2 3 16 -17 18 21 
12 -12 16 1 -15 6 22 19 2 16 8 14 7 -10 11 23 8 15 -12 -10 
24 7 -24 -12 18 0 19 11 -18 15 11 8 -24 16 2 21 2 16 16 19 
1 -21 22 24 6 19 -6 -16 -24 -13 20 14 5 -11 -19 5 20 22 22 2 
2 3 -4 19 16 17 7 11 2 12 11 5 18 11 -2 -11 20 11 20 -17 
21 12 0 17 6 16 19 -13 22 -13 11 -11 4 -13 7 -15 16 9 2 -12 
-12 2 9 16 -15 7 -13 4 -11 11 -13 22 -13 19 16 6 17 0 12 21 
-17 20 11 20 -11 -2 11 18 5 11 12 2 11 7 17 16 19 -4 3 2 
2 22 22 20 5 -19 -11 5 14 20 -13 -24 -16 -6 19 6 24 22 -21 1 
19 16 16 2 21 2 16 -24 8 11 15 -18 11 19 0 18 -12 -24 7 24 
-10 -12 15 8 23 11 -10 7 14 8 16 2 19 22 6 -15 1 16 -12 12 
21 18 -17 16 3 2 2 22 9 10 10 6 10 -7 9 -2 12 -11 2 -12 
22 -23 4 14 4 14 24 11 4 -18 13 -18 23 -1 1 20 -15 9 24 1 
3 0 21 -21 2 3 17 16 -12 -2 14 -8 17 8 13 -12 2 14 2 19 
9 -16 14 -22 6 10 -5 13 -7 13 12 17 9 17 16 9 -24 -8 18 5 
19 -5 3 0 10 0 14 6 24 14 -5 6 0 19 8 13 8 3 -11 16 
30
1
9 1
10 18
0
0
