20 20
19 -10 19 -12 18 -17 -21 2 8 14 -12 -6 2 6 -15 6 17 20 -9 4 
-18 1 1 3 5 0 16 -15 1 4 9 20 8 -17 18 1 -13 17 1 -6 
11 -6 -2 8 21 7 21 9 9 2 9 -10 1 19 9 4 9 19 13 5 
-6 16 3 18 10 17 5 -8 13 18 19 10 18 3 4 10 2 13 6 21 
-15 0 12 4 18 2 -13 16 -4 7 5 3 0 19 -20 4 -3 13 19 0 
16 11 -13 12 6 18 15 -12 4 2 8 10 19 -7 2 -15 15 9 3 6 
5 6 6 12 18 -20 9 -14 -14 19 21 -9 5 15 -5 7 -19 -1 0 18 
-8 15 5 21 9 14 21 19 18 19 -8 -4 12 7 5 17 -10 6 17 -14 
7 -12 16 8 16 -18 18 -10 5 -13 18 16 -21 9 14 13 13 -13 2 20 
10 -8 5 12 -13 10 21 2 -17 -6 15 2 -13 0 5 11 20 7 3 8 
8 3 7 20 11 5 0 -13 2 15 -6 -17 2 21 10 -13 12 5 -8 10 
20 2 -13 13 13 14 9 -21 16 18 -13 5 -10 18 -18 16 8 16 -12 7 
-14 17 6 -10 17 5 7 12 -4 -8 19 18 19 21 14 9 21 5 15 -8 
18 0 -1 -19 7 -5 15 5 -9 21 19 -14 -14 9 -20 18 12 6 6 5 
6 3 9 15 -15 2 -7 19 10 8 2 4 -12 15 18 6 12 -13 11 16 
0 19 13 -3 4 -20 19 0 3 5 7 -4 16 -13 2 18 4 12 0 -15 
21 6 13 2 10 4 3 18 10 19 18 13 -8 5 17 10 18 3 16 -6 
5 13 19 9 4 9 19 1 -10 9 2 9 9 21 7 21 8 -2 -6 11 
-6 1 17 -13 1 18 -17 8 20 9 4 1 -15 16 0 5 3 1 1 -18 
4 -9 20 17 6 -15 6 2 -6 -12 14 8 2 -21 -17 18 -12 19 -10 19 
30
1
16 1
3 18
0
0
