20 20
18 10 4 12 16 17 15 8 11 1 6 10 14 16 10 10 7 5 14 -12 
15 11 3 -8 -2 16 7 1 -3 13 5 5 -1 -2 17 17 9 -16 13 12 
16 14 2 -1 18 12 13 -9 -3 -4 12 -4 10 -12 7 3 16 -14 12 11 
7 4 8 12 18 -2 10 -11 14 -6 11 -4 -9 18 13 14 -7 13 4 0 
1 -10 -11 -2 1 12 0 7 0 -18 -6 18 14 4 7 10 12 7 13 18 
3 9 7 8 -3 8 1 11 -5 -18 9 18 9 5 9 -18 5 6 6 15 
8 12 -11 -2 10 14 4 -3 2 17 16 6 9 11 -7 16 11 0 14 2 
1 4 18 -16 4 14 -8 14 14 13 7 12 11 4 -4 -13 11 2 5 6 
9 9 8 6 -9 6 -10 18 1 4 -16 7 -13 5 9 0 10 12 5 9 
10 14 -4 5 8 6 1 10 14 11 9 8 -8 7 15 9 5 2 9 3 
3 9 2 5 9 15 7 -8 8 9 11 14 10 1 6 8 5 -4 14 10 
9 5 12 10 0 9 5 -13 7 -16 4 1 18 -10 6 -9 6 8 9 9 
6 5 2 11 -13 -4 4 11 12 7 13 14 14 -8 14 4 -16 18 4 1 
2 14 0 11 16 -7 11 9 6 16 17 2 -3 4 14 10 -2 -11 12 8 
15 6 6 5 -18 9 5 9 18 9 -18 -5 11 1 8 -3 8 7 9 3 
18 13 7 12 10 7 4 14 18 -6 -18 0 7 0 12 1 -2 -11 -10 1 
0 4 13 -7 14 13 18 -9 -4 11 -6 14 -11 10 -2 18 12 8 4 7 
11 12 -14 16 3 7 -12 10 -4 12 -4 -3 -9 13 12 18 -1 2 14 16 
12 13 -16 9 17 17 -2 -1 5 5 13 -3 1 7 16 -2 -8 3 11 15 
-12 14 5 7 10 10 16 14 10 6 1 11 8 15 17 16 12 4 10 18 
30
1
16 1
3 18
0
0
