20 20
16 -9 -11 -3 -16 3 8 -5 -11 13 -10 10 16 6 23 0 6 14 15 14 
12 17 13 -22 15 19 -3 -24 9 -15 24 0 16 19 11 20 11 -23 -20 3 
3 8 10 9 16 17 -2 13 9 21 12 -5 7 20 20 6 23 10 11 17 
9 -20 -8 -16 -2 25 4 13 2 24 8 25 14 9 8 17 2 0 12 13 
12 7 16 -14 21 23 0 -7 -11 2 4 -3 6 -21 16 17 8 10 1 10 
22 -19 17 4 5 3 12 19 19 4 17 20 2 11 17 8 24 14 18 7 
22 14 22 21 25 9 6 25 13 -18 -7 -16 18 18 20 4 18 6 2 8 
5 1 15 18 -14 -6 -10 12 23 9 17 8 9 13 8 23 4 11 11 17 
18 -8 8 15 19 12 12 23 11 21 1 12 19 20 -7 18 -22 25 22 11 
17 9 2 20 16 22 -13 21 21 7 -18 20 -10 21 8 -19 12 8 6 4 
4 6 8 12 -19 8 21 -10 20 -18 7 21 21 -13 22 16 20 2 9 17 
11 22 25 -22 18 -7 20 19 12 1 21 11 23 12 12 19 15 8 -8 18 
17 11 11 4 23 8 13 9 8 17 9 23 12 -10 -6 -14 18 15 1 5 
8 2 6 18 4 20 18 18 -16 -7 -18 13 25 6 9 25 21 22 14 22 
7 18 14 24 8 17 11 2 20 17 4 19 19 12 3 5 4 17 -19 22 
10 1 10 8 17 16 -21 6 -3 4 2 -11 -7 0 23 21 -14 16 7 12 
13 12 0 2 17 8 9 14 25 8 24 2 13 4 25 -2 -16 -8 -20 9 
17 11 10 23 6 20 20 7 -5 12 21 9 13 -2 17 16 9 10 8 3 
3 -20 -23 11 20 11 19 16 0 24 -15 9 -24 -3 19 15 -22 13 17 12 
14 15 14 6 0 23 6 16 10 -10 13 -11 -5 8 3 -16 -3 -11 -9 16 
30
1
7 4
12 15
0
0
