20 20
7 17 14 -22 18 10 -14 1 -16 3 19 -1 22 15 -3 24 -12 23 -18 13 
-23 -1 4 11 7 23 24 18 22 24 8 21 3 2 8 14 13 21 1 2 
14 11 0 9 12 -21 17 22 8 7 15 21 -19 12 2 10 1 -15 11 13 
7 5 20 10 21 8 7 13 -3 10 8 14 12 23 22 19 18 23 19 12 
15 -16 23 4 9 9 1 20 10 20 -8 13 24 -20 21 11 3 1 21 20 
15 13 2 7 -24 22 1 5 21 -2 13 16 -6 24 10 23 6 2 2 12 
-2 6 6 7 18 -19 24 23 3 -23 23 11 16 20 8 -5 0 -8 8 13 
14 22 -4 8 14 9 18 20 -9 -2 5 19 0 16 -1 9 -22 6 4 18 
7 -22 9 15 6 -4 -14 6 16 21 1 1 -15 18 2 13 -6 23 -24 6 
2 -7 19 19 18 -18 5 -21 1 14 -11 20 -21 22 3 14 14 -22 5 24 
24 5 -22 14 14 3 22 -21 20 -11 14 1 -21 5 -18 18 19 19 -7 2 
6 -24 23 -6 13 2 18 -15 1 1 21 16 6 -14 -4 6 15 9 -22 7 
18 4 6 -22 9 -1 16 0 19 5 -2 -9 20 18 9 14 8 -4 22 14 
13 8 -8 0 -5 8 20 16 11 23 -23 3 23 24 -19 18 7 6 6 -2 
12 2 2 6 23 10 24 -6 16 13 -2 21 5 1 22 -24 7 2 13 15 
20 21 1 3 11 21 -20 24 13 -8 20 10 20 1 9 9 4 23 -16 15 
12 19 23 18 19 22 23 12 14 8 10 -3 13 7 8 21 10 20 5 7 
13 11 -15 1 10 2 12 -19 21 15 7 8 22 17 -21 12 9 0 11 14 
2 1 21 13 14 8 2 3 21 8 24 22 18 24 23 7 11 4 -1 -23 
13 -18 23 -12 24 -3 15 22 -1 19 3 -16 1 -14 10 18 -22 14 17 7 
30
1
0 18
19 1
0
0
