20 20
-10 12 4 -6 14 8 2 -6 -15 -7 15 8 2 -13 2 14 -9 11 -1 -6 
-12 -8 -13 1 -12 12 -4 11 6 -5 10 -1 4 14 1 1 15 -6 -10 -10 
13 0 -4 12 3 12 -13 -10 14 -2 1 12 11 14 6 8 -13 6 7 -10 
6 9 1 1 10 6 12 -13 9 5 9 -7 -4 -4 5 -12 10 3 15 1 
5 2 9 5 14 7 3 9 8 13 2 -2 4 6 -15 -12 7 6 10 -2 
13 -2 8 7 1 6 -10 3 3 6 11 6 8 -5 15 -4 -3 -13 15 11 
5 1 -14 1 -11 4 12 -8 9 -4 6 1 9 14 -2 7 10 -4 7 2 
3 15 12 -6 5 11 1 2 14 -9 4 13 11 10 13 9 14 5 -2 1 
13 4 2 15 11 10 -1 -9 12 3 11 1 2 2 8 -10 8 3 13 -4 
2 7 2 10 12 14 2 13 7 3 1 7 11 3 -11 -3 2 5 5 0 
0 5 5 2 -3 -11 3 11 7 1 3 7 13 2 14 12 10 2 7 2 
-4 13 3 8 -10 8 2 2 1 11 3 12 -9 -1 10 11 15 2 4 13 
1 -2 5 14 9 13 10 11 13 4 -9 14 2 1 11 5 -6 12 15 3 
2 7 -4 10 7 -2 14 9 1 6 -4 9 -8 12 4 -11 1 -14 1 5 
11 15 -13 -3 -4 15 -5 8 6 11 6 3 3 -10 6 1 7 8 -2 13 
-2 10 6 7 -12 -15 6 4 -2 2 13 8 9 3 7 14 5 9 2 5 
1 15 3 10 -12 5 -4 -4 -7 9 5 9 -13 12 6 10 1 1 9 6 
-10 7 6 -13 8 6 14 11 12 1 -2 14 -10 -13 12 3 12 -4 0 13 
-10 -10 -6 15 1 1 14 4 -1 10 -5 6 11 -4 12 -12 1 -13 -8 -12 
-6 -1 11 -9 14 2 -13 2 8 15 -7 -15 -6 2 8 14 -6 4 12 -10 
30
1
4 11
15 8
0
0
