20 20
5 -11 -14 15 20 1 8 -9 7 4 14 -9 3 5 18 -11 3 -9 -8 6 
17 2 16 -13 15 12 5 3 4 6 -8 4 20 16 7 16 11 1 4 17 
20 -16 -4 16 -11 -2 -15 8 -11 20 18 9 -3 12 12 1 8 6 8 -18 
-10 2 7 16 1 -15 -6 19 3 15 12 3 -19 8 3 11 7 5 12 3 
-15 15 20 -2 14 3 20 11 14 18 -7 3 10 20 -18 9 4 14 -18 16 
-2 -18 19 2 7 -3 -5 1 5 10 13 18 16 -11 8 8 16 10 9 19 
17 19 20 -12 8 -16 1 10 13 -4 9 7 20 19 16 8 16 15 -11 1 
13 9 17 15 -8 11 19 9 15 -20 8 19 8 6 -3 4 -6 9 5 4 
19 8 17 19 11 16 -7 -3 0 -10 18 5 17 -8 -5 5 13 -8 -10 -15 
20 18 1 4 8 20 9 7 -11 20 -4 11 15 15 4 12 10 -7 3 3 
3 3 -7 10 12 4 15 15 11 -4 20 -11 7 9 20 8 4 1 18 20 
-15 -10 -8 13 5 -5 -8 17 5 18 -10 0 -3 -7 16 11 19 17 8 19 
4 5 9 -6 4 -3 6 8 19 8 -20 15 9 19 11 -8 15 17 9 13 
1 -11 15 16 8 16 19 20 7 9 -4 13 10 1 -16 8 -12 20 19 17 
19 9 10 16 8 8 -11 16 18 13 10 5 1 -5 -3 7 2 19 -18 -2 
16 -18 14 4 9 -18 20 10 3 -7 18 14 11 20 3 14 -2 20 15 -15 
3 12 5 7 11 3 8 -19 3 12 15 3 19 -6 -15 1 16 7 2 -10 
-18 8 6 8 1 12 12 -3 9 18 20 -11 8 -15 -2 -11 16 -4 -16 20 
17 4 1 11 16 7 16 20 4 -8 6 4 3 5 12 15 -13 16 2 17 
6 -8 -9 3 -11 18 5 3 -9 14 4 7 -9 8 1 20 15 -14 -11 5 
30
1
4 16
15 3
0
0
