20 20
1 -19 10 15 -8 0 6 2 17 12 4 3 5 9 21 7 2 6 6 11 
-4 5 16 19 1 4 5 11 16 14 18 18 20 16 1 -6 -22 10 19 15 
10 11 -21 17 14 16 22 3 6 12 12 -14 16 -8 14 20 19 0 10 10 
10 6 -4 10 21 16 16 21 -11 22 0 18 8 -5 21 -19 13 7 20 -17 
-22 9 14 -13 18 21 8 -15 20 14 22 -1 10 3 7 1 3 7 -2 22 
20 -19 5 -14 11 19 7 -12 9 8 9 7 16 10 4 12 13 22 13 9 
7 -20 9 11 13 1 0 -11 7 6 3 19 0 12 17 11 18 21 11 9 
10 18 20 -19 8 22 7 3 12 2 -8 -9 15 15 3 6 9 12 11 -6 
-3 -13 13 22 -2 -20 20 12 -6 12 8 5 17 0 -7 21 19 16 4 14 
13 -2 10 14 21 6 5 6 0 11 -9 12 7 8 17 13 15 5 5 17 
17 5 5 15 13 17 8 7 12 -9 11 0 6 5 6 21 14 10 -2 13 
14 4 16 19 21 -7 0 17 5 8 12 -6 12 20 -20 -2 22 13 -13 -3 
-6 11 12 9 6 3 15 15 -9 -8 2 12 3 7 22 8 -19 20 18 10 
9 11 21 18 11 17 12 0 19 3 6 7 -11 0 1 13 11 9 -20 7 
9 13 22 13 12 4 10 16 7 9 8 9 -12 7 19 11 -14 5 -19 20 
22 -2 7 3 1 7 3 10 -1 22 14 20 -15 8 21 18 -13 14 9 -22 
-17 20 7 13 -19 21 -5 8 18 0 22 -11 21 16 16 21 10 -4 6 10 
10 10 0 19 20 14 -8 16 -14 12 12 6 3 22 16 14 17 -21 11 10 
15 19 10 -22 -6 1 16 20 18 18 14 16 11 5 4 1 19 16 5 -4 
11 6 6 2 7 21 9 5 3 4 12 17 2 6 0 -8 15 10 -19 1 
30
1
18 14
1 5
0
0
