20 20
-12 10 -1 20 -11 -3 -7 2 -1 3 8 3 -12 10 -12 20 -8 12 17 10 
10 7 6 19 -12 4 19 -2 18 -12 13 1 1 18 19 15 -15 5 6 10 
-1 17 10 0 6 -11 16 4 -5 -19 18 7 -7 13 0 0 4 7 8 0 
9 1 -3 -2 8 6 13 17 4 9 8 -18 7 12 -19 -20 3 1 0 -18 
3 -2 6 5 -12 -19 -12 4 14 17 -1 -13 18 20 13 -18 8 -9 -20 10 
-4 -11 5 -17 -14 8 7 19 18 20 1 -15 19 16 16 8 2 -8 -15 20 
11 16 9 20 8 1 -11 7 11 6 0 9 1 14 16 13 4 1 -3 18 
18 3 14 9 -2 13 -6 1 1 10 11 -18 6 14 4 14 14 5 -12 20 
2 15 2 16 16 20 15 20 19 11 -17 16 19 5 14 11 -20 10 -8 6 
18 4 9 3 0 15 2 9 -10 -10 10 20 -7 0 13 -6 -10 12 12 -10 
-10 12 12 -10 -6 13 0 -7 20 10 -10 -10 9 2 15 0 3 9 4 18 
6 -8 10 -20 11 14 5 19 16 -17 11 19 20 15 20 16 16 2 15 2 
20 -12 5 14 14 4 14 6 -18 11 10 1 1 -6 13 -2 9 14 3 18 
18 -3 1 4 13 16 14 1 9 0 6 11 7 -11 1 8 20 9 16 11 
20 -15 -8 2 8 16 16 19 -15 1 20 18 19 7 8 -14 -17 5 -11 -4 
10 -20 -9 8 -18 13 20 18 -13 -1 17 14 4 -12 -19 -12 5 6 -2 3 
-18 0 1 3 -20 -19 12 7 -18 8 9 4 17 13 6 8 -2 -3 1 9 
0 8 7 4 0 0 13 -7 7 18 -19 -5 4 16 -11 6 0 10 17 -1 
10 6 5 -15 15 19 18 1 1 13 -12 18 -2 19 4 -12 19 6 7 10 
10 17 12 -8 20 -12 10 -12 3 8 3 -1 2 -7 -3 -11 20 -1 10 -12 
30
1
7 9
12 10
0
0
