20 20
-4 9 13 5 6 10 -5 1 5 8 13 0 -13 1 12 7 -5 6 4 5 
9 7 7 1 10 -12 8 -13 -11 1 8 9 13 1 1 1 6 4 -7 4 
-3 12 5 3 0 9 11 12 13 6 -7 11 -6 12 3 -2 -10 12 -10 10 
7 13 3 2 4 -1 12 13 8 10 2 7 3 -13 2 10 1 12 9 1 
6 5 3 11 -4 3 -12 1 -1 -10 -3 7 1 -3 -8 1 0 3 5 5 
5 6 2 2 4 3 3 5 -1 10 13 4 10 13 9 2 7 6 -1 6 
13 7 12 1 13 -6 2 -10 2 6 13 -1 3 3 2 1 12 13 12 -3 
4 9 10 6 4 12 6 -3 11 4 -9 -6 0 13 7 10 11 12 6 -4 
0 5 -4 11 -10 1 11 -10 11 13 13 12 12 -13 -11 9 3 -6 13 -8 
1 6 -13 12 11 12 -8 2 11 -5 12 -11 12 9 -8 11 4 1 -7 10 
10 -7 1 4 11 -8 9 12 -11 12 -5 11 2 -8 12 11 12 -13 6 1 
-8 13 -6 3 9 -11 -13 12 12 13 13 11 -10 11 1 -10 11 -4 5 0 
-4 6 12 11 10 7 13 0 -6 -9 4 11 -3 6 12 4 6 10 9 4 
-3 12 13 12 1 2 3 3 -1 13 6 2 -10 2 -6 13 1 12 7 13 
6 -1 6 7 2 9 13 10 4 13 10 -1 5 3 3 4 2 2 6 5 
5 5 3 0 1 -8 -3 1 7 -3 -10 -1 1 -12 3 -4 11 3 5 6 
1 9 12 1 10 2 -13 3 7 2 10 8 13 12 -1 4 2 3 13 7 
10 -10 12 -10 -2 3 12 -6 11 -7 6 13 12 11 9 0 3 5 12 -3 
4 -7 4 6 1 1 1 13 9 8 1 -11 -13 8 -12 10 1 7 7 9 
5 4 6 -5 7 12 1 -13 0 13 8 5 1 -5 10 6 5 13 9 -4 
30
1
7 1
12 18
0
0
