20 20
12 -15 4 19 16 -18 -3 -11 -17 -5 -14 15 5 -5 -6 -7 13 0 -14 19 
6 5 12 -5 14 1 -4 -16 8 -12 0 -18 3 -16 11 3 13 6 15 12 
-8 14 16 -5 -10 -11 16 11 6 5 -11 6 19 14 9 6 13 8 -10 18 
12 4 -6 13 9 1 -10 15 11 5 3 17 13 19 2 -17 -14 9 5 -8 
2 5 8 -6 -8 5 12 16 14 1 -4 11 14 -1 11 11 16 12 10 13 
11 16 5 4 -16 -6 17 2 7 18 16 13 15 -7 11 -19 15 11 17 19 
6 10 13 14 19 -3 11 -11 8 17 -1 -5 14 3 -3 1 15 16 12 16 
8 18 4 5 10 2 8 15 14 1 16 1 4 17 9 13 -15 7 7 11 
7 3 5 9 9 9 12 12 18 5 -6 4 -10 -13 -10 13 -3 10 -17 16 
-7 14 -19 2 6 -3 5 -3 8 16 4 2 6 -6 1 -10 -18 7 -15 -9 
-9 -15 7 -18 -10 1 -6 6 2 4 16 8 -3 5 -3 6 2 -19 14 -7 
16 -17 10 -3 13 -10 -13 -10 4 -6 5 18 12 12 9 9 9 5 3 7 
11 7 7 -15 13 9 17 4 1 16 1 14 15 8 2 10 5 4 18 8 
16 12 16 15 1 -3 3 14 -5 -1 17 8 -11 11 -3 19 14 13 10 6 
19 17 11 15 -19 11 -7 15 13 16 18 7 2 17 -6 -16 4 5 16 11 
13 10 12 16 11 11 -1 14 11 -4 1 14 16 12 5 -8 -6 8 5 2 
-8 5 9 -14 -17 2 19 13 17 3 5 11 15 -10 1 9 13 -6 4 12 
18 -10 8 13 6 9 14 19 6 -11 5 6 11 16 -11 -10 -5 16 14 -8 
12 15 6 13 3 11 -16 3 -18 0 -12 8 -16 -4 1 14 -5 12 5 6 
19 -14 0 13 -7 -6 -5 5 15 -14 -5 -17 -11 -3 -18 16 19 4 -15 12 
30
1
16 9
3 10
0
0
