20 20
6 4 -24 24 30 10 -22 -4 -6 0 5 13 5 17 -29 -13 -23 -28 29 16 
-10 -22 28 29 -2 30 29 1 9 8 5 13 0 17 -3 13 14 3 5 26 
6 16 19 -27 -3 -24 18 2 17 4 30 -11 15 -24 13 12 -7 13 5 9 
9 15 -2 26 28 10 18 5 4 5 7 -18 -10 -16 11 21 11 20 -8 -26 
19 8 29 0 7 17 18 -12 21 -14 26 -19 8 -23 -26 4 26 5 28 17 
-2 -19 14 28 11 16 10 -17 20 20 3 -27 30 23 22 27 12 17 12 27 
-17 25 -10 -23 11 0 -1 -18 26 -2 23 30 14 19 -7 2 22 5 -10 9 
-21 28 25 17 29 24 20 -12 -4 27 13 30 -23 26 -2 9 23 18 -16 23 
9 11 23 -4 23 29 20 -30 -24 5 1 16 21 1 30 28 -29 14 27 16 
19 18 14 26 -24 11 -25 25 9 2 13 -4 21 18 10 0 27 21 8 9 
9 8 21 27 0 10 18 21 -4 13 2 9 25 -25 11 -24 26 14 18 19 
16 27 14 -29 28 30 1 21 16 1 5 -24 -30 20 29 23 -4 23 11 9 
23 -16 18 23 9 -2 26 -23 30 13 27 -4 -12 20 24 29 17 25 28 -21 
9 -10 5 22 2 -7 19 14 30 23 -2 26 -18 -1 0 11 -23 -10 25 -17 
27 12 17 12 27 22 23 30 -27 3 20 20 -17 10 16 11 28 14 -19 -2 
17 28 5 26 4 -26 -23 8 -19 26 -14 21 -12 18 17 7 0 29 8 19 
-26 -8 20 11 21 11 -16 -10 -18 7 5 4 5 18 10 28 26 -2 15 9 
9 5 13 -7 12 13 -24 15 -11 30 4 17 2 18 -24 -3 -27 19 16 6 
26 5 3 14 13 -3 17 0 13 5 8 9 1 29 30 -2 29 28 -22 -10 
16 29 -28 -23 -13 -29 17 5 13 5 0 -6 -4 -22 10 30 24 -24 4 6 
30
1
3 12
16 7
0
0
