20 20
18 5 8 23 14 -12 14 -4 17 2 4 -17 9 3 8 24 12 9 -26 21 
6 4 22 20 23 4 -1 13 10 -9 9 9 2 9 13 2 -27 8 26 -12 
3 23 0 25 18 21 10 -26 7 25 9 9 5 13 27 23 23 1 15 26 
19 -18 1 17 24 11 -10 0 7 25 23 24 20 3 26 19 6 9 6 22 
25 13 -5 17 -6 7 5 0 2 24 27 0 4 20 -7 -2 -22 18 18 4 
13 -20 -23 6 3 3 19 17 -20 20 18 1 12 -21 -14 15 23 -18 26 -16 
14 17 7 23 8 -6 1 0 17 12 -27 8 -3 -14 27 -24 -22 16 5 -18 
5 -3 17 17 8 -15 19 8 19 0 23 8 1 24 19 12 2 -6 14 8 
18 -10 26 16 18 8 1 -23 4 24 8 24 26 11 -17 10 9 16 3 27 
8 22 -2 -20 26 -2 2 -20 1 27 13 -16 15 -23 27 12 17 17 9 10 
10 9 17 17 12 27 -23 15 -16 13 27 1 -20 2 -2 26 -20 -2 22 8 
27 3 16 9 10 -17 11 26 24 8 24 4 -23 1 8 18 16 26 -10 18 
8 14 -6 2 12 19 24 1 8 23 0 19 8 19 -15 8 17 17 -3 5 
-18 5 16 -22 -24 27 -14 -3 8 -27 12 17 0 1 -6 8 23 7 17 14 
-16 26 -18 23 15 -14 -21 12 1 18 20 -20 17 19 3 3 6 -23 -20 13 
4 18 18 -22 -2 -7 20 4 0 27 24 2 0 5 7 -6 17 -5 13 25 
22 6 9 6 19 26 3 20 24 23 25 7 0 -10 11 24 17 1 -18 19 
26 15 1 23 23 27 13 5 9 9 25 7 -26 10 21 18 25 0 23 3 
-12 26 8 -27 2 13 9 2 9 9 -9 10 13 -1 4 23 20 22 4 6 
21 -26 9 12 24 8 3 9 -17 4 2 17 -4 14 -12 14 23 8 5 18 
30
1
8 3
11 16
0
0
