20 20
2 -2 22 -8 6 -13 -7 12 5 12 4 11 -21 19 0 -19 3 5 -4 19 
19 18 10 22 22 13 12 1 1 14 -19 23 23 23 8 1 13 26 21 18 
11 -4 25 1 -12 -12 2 26 1 1 -21 -19 3 14 8 -17 6 13 20 13 
-1 10 25 3 1 12 19 -9 9 -21 24 -4 -4 11 25 17 17 -17 1 18 
-7 -3 8 8 26 -16 14 -8 4 -15 9 -6 -16 2 2 -8 -15 24 18 11 
11 5 1 -14 11 24 25 0 -25 -13 4 9 12 14 22 -16 26 24 17 12 
0 21 21 7 20 20 6 24 -17 15 -5 24 21 14 -26 20 25 9 -22 25 
15 -22 -2 26 11 26 23 -10 1 18 13 16 1 5 -15 7 7 -7 4 7 
4 14 16 -11 2 4 23 20 -5 5 17 2 12 -25 16 2 8 12 14 9 
-14 10 11 -23 7 8 24 -18 -26 10 7 21 0 10 17 15 -8 -12 -6 -3 
-3 -6 -12 -8 15 17 10 0 21 7 10 -26 -18 24 8 7 -23 11 10 -14 
9 14 12 8 2 16 -25 12 2 17 5 -5 20 23 4 2 -11 16 14 4 
7 4 -7 7 7 -15 5 1 16 13 18 1 -10 23 26 11 26 -2 -22 15 
25 -22 9 25 20 -26 14 21 24 -5 15 -17 24 6 20 20 7 21 21 0 
12 17 24 26 -16 22 14 12 9 4 -13 -25 0 25 24 11 -14 1 5 11 
11 18 24 -15 -8 2 2 -16 -6 9 -15 4 -8 14 -16 26 8 8 -3 -7 
18 1 -17 17 17 25 11 -4 -4 24 -21 9 -9 19 12 1 3 25 10 -1 
13 20 13 6 -17 8 14 3 -19 -21 1 1 26 2 -12 -12 1 25 -4 11 
18 21 26 13 1 8 23 23 23 -19 14 1 1 12 13 22 22 10 18 19 
19 -4 5 3 -19 0 19 -21 11 4 12 5 12 -7 -13 6 -8 22 -2 2 
30
1
15 14
4 5
0
0
