20 20
11 2 6 6 13 9 6 0 10 2 -5 14 5 2 11 -8 3 -14 12 10 
2 15 13 8 8 10 11 14 6 10 14 -5 0 15 4 2 13 -7 14 0 
11 13 -15 8 4 8 -11 -1 -1 9 1 -14 7 13 1 15 10 14 15 0 
-13 2 -3 6 -13 4 6 7 3 1 -10 5 -12 -9 10 6 4 8 14 4 
1 14 13 7 -1 -14 -6 -3 12 3 7 8 15 1 4 13 -8 5 -6 4 
9 3 -5 5 -8 7 13 14 8 -4 14 6 6 -9 12 11 11 15 -4 -10 
2 3 10 14 -5 11 8 14 6 -13 8 13 7 -15 9 12 8 3 10 -1 
1 6 11 10 11 10 6 -14 5 12 -11 0 3 4 2 12 4 10 5 11 
8 5 -5 -12 13 14 8 5 6 -1 6 -9 -11 -14 9 13 -2 0 8 -11 
1 -10 8 1 1 -13 10 2 3 -6 -7 11 4 9 -13 10 6 8 -6 8 
8 -6 8 6 10 -13 9 4 11 -7 -6 3 2 10 -13 1 1 8 -10 1 
-11 8 0 -2 13 9 -14 -11 -9 6 -1 6 5 8 14 13 -12 -5 5 8 
11 5 10 4 12 2 4 3 0 -11 12 5 -14 6 10 11 10 11 6 1 
-1 10 3 8 12 9 -15 7 13 8 -13 6 14 8 11 -5 14 10 3 2 
-10 -4 15 11 11 12 -9 6 6 14 -4 8 14 13 7 -8 5 -5 3 9 
4 -6 5 -8 13 4 1 15 8 7 3 12 -3 -6 -14 -1 7 13 14 1 
4 14 8 4 6 10 -9 -12 5 -10 1 3 7 6 4 -13 6 -3 2 -13 
0 15 14 10 15 1 13 7 -14 1 9 -1 -1 -11 8 4 8 -15 13 11 
0 14 -7 13 2 4 15 0 -5 14 10 6 14 11 10 8 8 13 15 2 
10 12 -14 3 -8 11 2 5 14 -5 2 10 0 6 9 13 6 6 2 11 
30
1
7 6
12 13
0
0
