20 20
10 -12 17 -16 22 -9 8 1 -13 20 8 -3 -10 2 19 12 16 12 6 -18 
17 21 12 22 19 -3 5 -20 -1 6 8 12 20 11 -18 12 7 -6 23 19 
-6 9 6 -14 -16 3 11 15 23 8 0 7 4 24 1 22 15 15 9 21 
22 16 -3 -23 1 -11 14 1 -16 2 22 -16 15 1 -4 15 -10 2 22 -19 
12 8 17 -9 4 6 7 24 -22 5 19 -19 9 22 1 10 -11 -2 5 19 
15 1 23 15 -13 20 -7 -19 14 -14 8 5 1 -21 23 2 20 -20 12 7 
-10 7 -12 18 17 -1 -2 3 7 -20 5 -2 -20 14 18 -20 14 15 21 12 
23 7 5 16 14 6 -9 23 7 -17 2 13 16 20 10 10 -12 2 -12 21 
16 5 -23 12 5 -21 -23 24 4 5 5 -10 3 20 0 -9 -7 -12 4 18 
14 19 -2 7 4 4 1 17 -20 -3 20 17 -13 -23 17 12 2 -22 13 15 
15 13 -22 2 12 17 -23 -13 17 20 -3 -20 17 1 4 4 7 -2 19 14 
18 4 -12 -7 -9 0 20 3 -10 5 5 4 24 -23 -21 5 12 -23 5 16 
21 -12 2 -12 10 10 20 16 13 2 -17 7 23 -9 6 14 16 5 7 23 
12 21 15 14 -20 18 14 -20 -2 5 -20 7 3 -2 -1 17 18 -12 7 -10 
7 12 -20 20 2 23 -21 1 5 8 -14 14 -19 -7 20 -13 15 23 1 15 
19 5 -2 -11 10 1 22 9 -19 19 5 -22 24 7 6 4 -9 17 8 12 
-19 22 2 -10 15 -4 1 15 -16 22 2 -16 1 14 -11 1 -23 -3 16 22 
21 9 15 15 22 1 24 4 7 0 8 23 15 11 3 -16 -14 6 9 -6 
19 23 -6 7 12 -18 11 20 12 8 6 -1 -20 5 -3 19 22 12 21 17 
-18 6 12 16 12 19 2 -10 -3 8 20 -13 1 8 -9 22 -16 17 -12 10 
30
1
0 9
19 10
0
0
