20 20
11 -21 -16 6 18 -17 17 2 5 27 19 28 20 -27 24 0 8 16 20 -5 
21 11 -8 -26 5 10 -12 4 13 10 6 28 2 4 -3 23 5 -1 21 -27 
14 22 0 -15 13 23 14 3 -25 -25 23 -5 -17 7 -26 23 16 4 -28 21 
17 14 26 24 14 11 15 2 21 21 1 11 10 -4 13 5 27 27 16 4 
22 -18 21 3 16 -2 17 10 5 1 -11 11 -15 19 21 13 23 23 26 20 
24 25 17 6 2 -8 -14 24 8 12 10 -27 15 25 -8 26 -6 28 1 -26 
7 4 -1 17 17 7 -17 9 6 17 22 2 -11 9 19 11 -13 5 19 11 
25 3 14 3 16 -10 26 -24 20 -5 -7 28 3 26 -22 16 13 25 17 15 
27 27 28 20 27 12 -13 -2 1 18 1 22 -18 27 26 15 2 21 5 16 
15 15 -6 15 8 4 -6 11 27 10 2 1 -4 14 23 7 -25 24 3 21 
21 3 24 -25 7 23 14 -4 1 2 10 27 11 -6 4 8 15 -6 15 15 
16 5 21 2 15 26 27 -18 22 1 18 1 -2 -13 12 27 20 28 27 27 
15 17 25 13 16 -22 26 3 28 -7 -5 20 -24 26 -10 16 3 14 3 25 
11 19 5 -13 11 19 9 -11 2 22 17 6 9 -17 7 17 17 -1 4 7 
-26 1 28 -6 26 -8 25 15 -27 10 12 8 24 -14 -8 2 6 17 25 24 
20 26 23 23 13 21 19 -15 11 -11 1 5 10 17 -2 16 3 21 -18 22 
4 16 27 27 5 13 -4 10 11 1 21 21 2 15 11 14 24 26 14 17 
21 -28 4 16 23 -26 7 -17 -5 23 -25 -25 3 14 23 13 -15 0 22 14 
-27 21 -1 5 23 -3 4 2 28 6 10 13 4 -12 10 5 -26 -8 11 21 
-5 20 16 8 0 24 -27 20 28 19 27 5 2 17 -17 18 6 -16 -21 11 
30
1
3 8
16 11
0
0
