20 20
21 -20 18 10 20 16 5 24 5 14 16 -6 25 -14 -3 13 -26 -27 -12 5 
-18 -6 -21 2 9 19 10 9 7 -6 18 14 1 6 9 23 14 9 20 15 
18 13 0 -10 -19 25 26 13 8 15 0 4 -19 14 15 8 -8 10 -26 14 
3 24 0 6 2 7 20 15 12 26 18 11 21 -2 7 -3 -6 -13 24 1 
-14 1 6 17 -17 -11 24 -27 9 16 27 25 -21 15 0 7 6 22 -27 14 
-15 19 18 -8 14 11 15 13 -25 -18 27 8 -23 27 23 4 2 22 16 20 
24 18 13 13 21 4 -11 23 27 20 14 26 18 -27 -8 3 -14 -18 25 13 
3 11 -21 -13 11 -27 22 27 -1 -20 -7 -20 25 6 5 12 26 -22 1 23 
12 17 16 24 -20 19 24 25 8 -7 20 -19 2 6 12 -22 18 19 25 -24 
25 13 10 26 4 16 5 -8 4 13 6 0 21 17 9 20 -15 17 0 13 
13 0 17 -15 20 9 17 21 0 6 13 4 -8 5 16 4 26 10 13 25 
-24 25 19 18 -22 12 6 2 -19 20 -7 8 25 24 19 -20 24 16 17 12 
23 1 -22 26 12 5 6 25 -20 -7 -20 -1 27 22 -27 11 -13 -21 11 3 
13 25 -18 -14 3 -8 -27 18 26 14 20 27 23 -11 4 21 13 13 18 24 
20 16 22 2 4 23 27 -23 8 27 -18 -25 13 15 11 14 -8 18 19 -15 
14 -27 22 6 7 0 15 -21 25 27 16 9 -27 24 -11 -17 17 6 1 -14 
1 24 -13 -6 -3 7 -2 21 11 18 26 12 15 20 7 2 6 0 24 3 
14 -26 10 -8 8 15 14 -19 4 0 15 8 13 26 25 -19 -10 0 13 18 
15 20 9 14 23 9 6 1 14 18 -6 7 9 10 19 9 2 -21 -6 -18 
5 -12 -27 -26 13 -3 -14 25 -6 16 14 5 24 5 16 20 10 18 -20 21 
30
1
11 8
8 11
0
0
