20 20
19 23 10 20 14 10 -10 5 24 2 -13 7 -8 24 -21 1 8 0 6 14 
17 11 -15 12 12 -21 13 -22 10 24 20 17 -21 -19 7 17 20 4 4 -19 
5 22 -2 14 10 14 11 15 5 -14 22 15 -19 16 23 2 0 -10 7 22 
0 18 14 0 2 -17 10 -20 1 15 0 10 13 -23 -7 10 23 23 -13 20 
-13 -16 0 15 11 16 10 -22 3 2 13 10 1 -6 12 20 5 18 -1 17 
9 23 9 -19 13 22 17 15 24 6 20 -1 15 17 3 21 -7 16 21 13 
16 -14 5 -6 19 9 -15 6 14 -11 23 -8 12 15 -20 -1 3 23 0 -5 
17 16 -19 -13 15 2 16 -18 8 0 7 18 7 -12 24 20 -13 21 0 9 
-20 7 13 5 2 19 6 3 19 15 -16 -15 6 -6 19 -10 -20 23 12 -12 
22 16 6 -7 10 7 4 12 8 -12 5 20 4 16 11 8 1 -13 8 24 
24 8 -13 1 8 11 16 4 20 5 -12 8 12 4 7 10 -7 6 16 22 
-12 12 23 -20 -10 19 -6 6 -15 -16 15 19 3 6 19 2 5 13 7 -20 
9 0 21 -13 20 24 -12 7 18 7 0 8 -18 16 2 15 -13 -19 16 17 
-5 0 23 3 -1 -20 15 12 -8 23 -11 14 6 -15 9 19 -6 5 -14 16 
13 21 16 -7 21 3 17 15 -1 20 6 24 15 17 22 13 -19 9 23 9 
17 -1 18 5 20 12 -6 1 10 13 2 3 -22 10 16 11 15 0 -16 -13 
20 -13 23 23 10 -7 -23 13 10 0 15 1 -20 10 -17 2 0 14 18 0 
22 7 -10 0 2 23 16 -19 15 22 -14 5 15 11 14 10 14 -2 22 5 
-19 4 4 20 17 7 -19 -21 17 20 24 10 -22 13 -21 12 12 -15 11 17 
14 6 0 8 1 -21 24 -8 7 -13 2 24 5 -10 10 14 20 10 23 19 
30
1
11 18
8 1
0
0
