20 20
16 6 4 14 5 11 17 8 11 11 13 -16 -9 -16 -1 17 1 -4 1 4 
9 8 5 10 15 11 1 6 13 -14 -16 12 4 13 6 -5 15 3 17 17 
15 -7 17 1 7 -3 -13 -11 -1 4 4 3 10 -2 12 3 15 3 12 -6 
11 9 -4 -5 12 17 8 14 -2 17 9 1 8 -2 9 7 7 17 3 4 
-14 17 -7 9 16 12 6 17 -4 12 3 7 0 3 15 13 -16 -9 1 0 
6 15 8 12 -1 1 1 2 -8 1 5 -10 3 -10 -1 13 7 -3 -7 6 
6 9 4 -7 7 -17 8 1 12 8 12 17 3 14 10 15 15 16 7 0 
7 10 2 -16 -7 0 2 10 16 -7 -9 0 8 -9 6 1 4 8 0 7 
2 11 16 10 1 8 6 16 9 15 -14 2 14 16 4 15 -12 -6 -11 -4 
-2 -7 -2 -9 8 1 12 1 16 9 9 10 16 -3 -15 4 -17 9 6 -15 
-15 6 9 -17 4 -15 -3 16 10 9 9 16 1 12 1 8 -9 -2 -7 -2 
-4 -11 -6 -12 15 4 16 14 2 -14 15 9 16 6 8 1 10 16 11 2 
7 0 8 4 1 6 -9 8 0 -9 -7 16 10 2 0 -7 -16 2 10 7 
0 7 16 15 15 10 14 3 17 12 8 12 1 8 -17 7 -7 4 9 6 
6 -7 -3 7 13 -1 -10 3 -10 5 1 -8 2 1 1 -1 12 8 15 6 
0 1 -9 -16 13 15 3 0 7 3 12 -4 17 6 12 16 9 -7 17 -14 
4 3 17 7 7 9 -2 8 1 9 17 -2 14 8 17 12 -5 -4 9 11 
-6 12 3 15 3 12 -2 10 3 4 4 -1 -11 -13 -3 7 1 17 -7 15 
17 17 3 15 -5 6 13 4 12 -16 -14 13 6 1 11 15 10 5 8 9 
4 1 -4 1 17 -1 -16 -9 -16 13 11 11 8 17 11 5 14 4 6 16 
30
1
13 15
6 4
0
0
