20 20
17 8 11 6 11 8 17 16 -9 4 5 13 -17 12 15 17 -9 15 4 7 
16 -13 3 8 9 7 16 13 -16 1 14 -13 15 12 13 6 9 17 -13 7 
9 16 15 13 -4 8 9 5 16 2 14 -8 -7 7 4 3 10 13 16 -14 
8 -15 11 0 12 15 3 4 -2 17 7 -6 5 5 9 0 -6 1 3 -2 
17 5 15 2 13 7 3 6 8 -6 -5 17 16 5 -14 6 10 15 4 -3 
7 3 8 -12 -8 10 13 9 0 1 2 11 1 -1 8 12 -14 1 17 -6 
16 3 -10 -16 -17 4 13 -5 13 12 15 12 3 8 11 0 16 7 3 8 
12 1 -4 3 9 -12 6 7 5 0 -12 9 -10 5 6 -2 1 2 15 16 
16 8 10 4 4 13 15 0 13 -15 0 -11 16 13 -3 4 -11 14 7 8 
16 -17 -16 -1 4 8 0 2 6 13 1 17 11 3 12 -11 -1 -17 15 1 
1 15 -17 -1 -11 12 3 11 17 1 13 6 2 0 8 4 -1 -16 -17 16 
8 7 14 -11 4 -3 13 16 -11 0 -15 13 0 15 13 4 4 10 8 16 
16 15 2 1 -2 6 5 -10 9 -12 0 5 7 6 -12 9 3 -4 1 12 
8 3 7 16 0 11 8 3 12 15 12 13 -5 13 4 -17 -16 -10 3 16 
-6 17 1 -14 12 8 -1 1 11 2 1 0 9 13 10 -8 -12 8 3 7 
-3 4 15 10 6 -14 5 16 17 -5 -6 8 6 3 7 13 2 15 5 17 
-2 3 1 -6 0 9 5 5 -6 7 17 -2 4 3 15 12 0 11 -15 8 
-14 16 13 10 3 4 7 -7 -8 14 2 16 5 9 8 -4 13 15 16 9 
7 -13 17 9 6 13 12 15 -13 14 1 -16 13 16 7 9 8 3 -13 16 
7 4 15 -9 17 15 12 -17 13 5 4 -9 16 17 8 11 6 11 8 17 
30
1
9 8
10 11
0
0
