20 20
7 11 0 -4 4 13 14 0 7 4 7 12 -14 13 13 7 12 9 15 8 
3 5 -15 10 1 14 -8 -7 3 -2 7 -7 14 -3 4 6 -10 5 6 15 
-11 -12 9 -4 10 1 2 -7 1 -6 -2 -2 11 -12 5 10 -15 3 8 9 
-8 -10 11 -12 -5 -3 14 -14 3 7 -10 6 11 -1 4 -1 5 2 -13 -14 
-4 11 7 2 13 7 13 14 11 3 1 -1 9 -10 6 7 15 7 7 3 
-1 -5 13 15 11 3 -10 4 12 4 -4 4 0 1 13 5 -8 2 4 9 
1 -7 3 -14 5 7 6 8 12 -13 9 6 -1 15 -8 0 -1 -14 0 9 
5 12 13 4 13 8 3 -1 -12 8 12 -15 8 -12 -15 8 -1 8 6 4 
13 7 -13 15 10 13 11 9 6 5 -2 12 6 4 3 14 0 1 12 4 
3 1 10 -14 11 13 -12 8 -12 -11 -13 -10 1 -10 -11 6 -10 -9 6 15 
15 6 -9 -10 6 -11 -10 1 -10 -13 -11 -12 8 -12 13 11 -14 10 1 3 
4 12 1 0 14 3 4 6 12 -2 5 6 9 11 13 10 15 -13 7 13 
4 6 8 -1 8 -15 -12 8 -15 12 8 -12 -1 3 8 13 4 13 12 5 
9 0 -14 -1 0 -8 15 -1 6 9 -13 12 8 6 7 5 -14 3 -7 1 
9 4 2 -8 5 13 1 0 4 -4 4 12 4 -10 3 11 15 13 -5 -1 
3 7 7 15 7 6 -10 9 -1 1 3 11 14 13 7 13 2 7 11 -4 
-14 -13 2 5 -1 4 -1 11 6 -10 7 3 -14 14 -3 -5 -12 11 -10 -8 
9 8 3 -15 10 5 -12 11 -2 -2 -6 1 -7 2 1 10 -4 9 -12 -11 
15 6 5 -10 6 4 -3 14 -7 7 -2 3 -7 -8 14 1 10 -15 5 3 
8 15 9 12 7 13 13 -14 12 7 4 7 0 14 13 4 -4 0 11 7 
30
1
19 14
0 5
0
0
