20 20
6 8 -19 11 4 14 3 3 -1 -13 -8 -5 -14 19 0 10 -12 20 -18 20 
-18 6 -8 5 15 20 19 10 -3 0 6 -16 11 -19 20 11 6 17 11 21 
6 9 1 23 12 0 1 8 2 10 0 -20 4 8 6 7 13 13 -21 23 
20 8 13 9 -13 -8 -22 14 7 7 17 13 1 -9 18 3 -15 20 11 20 
9 2 9 4 13 17 2 -11 2 13 3 7 18 22 2 3 5 19 6 7 
-19 8 23 23 23 19 8 0 -9 5 7 23 2 1 -11 18 0 -19 11 2 
15 -23 -16 -1 10 3 0 6 9 5 0 -10 2 18 -1 2 11 12 3 -22 
21 -3 4 23 13 15 1 -5 4 20 1 12 -13 6 10 13 -15 19 -4 2 
16 18 -7 -16 20 -20 -8 -2 21 22 16 -5 17 5 16 6 6 23 14 20 
9 -22 9 3 9 20 21 12 -4 -9 4 17 11 16 5 1 18 21 3 6 
6 3 21 18 1 5 16 11 17 4 -9 -4 12 21 20 9 3 9 -22 9 
20 14 23 6 6 16 5 17 -5 16 22 21 -2 -8 -20 20 -16 -7 18 16 
2 -4 19 -15 13 10 6 -13 12 1 20 4 -5 1 15 13 23 4 -3 21 
-22 3 12 11 2 -1 18 2 -10 0 5 9 6 0 3 10 -1 -16 -23 15 
2 11 -19 0 18 -11 1 2 23 7 5 -9 0 8 19 23 23 23 8 -19 
7 6 19 5 3 2 22 18 7 3 13 2 -11 2 17 13 4 9 2 9 
20 11 20 -15 3 18 -9 1 13 17 7 7 14 -22 -8 -13 9 13 8 20 
23 -21 13 13 7 6 8 4 -20 0 10 2 8 1 0 12 23 1 9 6 
21 11 17 6 11 20 -19 11 -16 6 0 -3 10 19 20 15 5 -8 6 -18 
20 -18 20 -12 10 0 19 -14 -5 -8 -13 -1 3 3 14 4 11 -19 8 6 
30
1
8 9
11 10
0
0
