20 20
27 21 6 2 -12 -30 -12 22 21 -16 -5 19 12 -24 -30 17 21 -23 11 4 
7 6 7 10 21 0 26 -15 2 -4 13 26 30 -5 30 27 12 3 30 6 
-22 24 9 -6 28 24 7 9 -29 -3 -28 0 27 8 23 27 5 9 10 9 
2 14 -20 -29 -14 26 -28 29 5 -22 -1 20 17 -3 2 28 19 -21 6 -20 
-9 -10 24 22 29 29 -21 30 26 8 -6 28 17 24 10 -29 21 5 27 -17 
24 -5 5 13 -23 19 7 -23 10 26 0 -5 24 30 20 -12 22 6 17 -13 
0 24 10 15 28 22 20 12 14 -28 20 6 -17 13 25 -1 5 0 5 -8 
14 23 25 28 -10 16 18 6 -30 2 6 -21 -18 30 28 14 29 -19 -26 25 
22 8 2 13 25 22 5 2 19 -10 8 8 28 -5 16 28 10 0 22 18 
28 3 30 22 18 14 9 -12 7 8 -12 -23 -15 8 20 24 -27 5 23 -6 
-6 23 5 -27 24 20 8 -15 -23 -12 8 7 -12 9 14 18 22 30 3 28 
18 22 0 10 28 16 -5 28 8 8 -10 19 2 5 22 25 13 2 8 22 
25 -26 -19 29 14 28 30 -18 -21 6 2 -30 6 18 16 -10 28 25 23 14 
-8 5 0 5 -1 25 13 -17 6 20 -28 14 12 20 22 28 15 10 24 0 
-13 17 6 22 -12 20 30 24 -5 0 26 10 -23 7 19 -23 13 5 -5 24 
-17 27 5 21 -29 10 24 17 28 -6 8 26 30 -21 29 29 22 24 -10 -9 
-20 6 -21 19 28 2 -3 17 20 -1 -22 5 29 -28 26 -14 -29 -20 14 2 
9 10 9 5 27 23 8 27 0 -28 -3 -29 9 7 24 28 -6 9 24 -22 
6 30 3 12 27 30 -5 30 26 13 -4 2 -15 26 0 21 10 7 6 7 
4 11 -23 21 17 -30 -24 12 19 -5 -16 21 22 -12 -30 -12 2 6 21 27 
30
1
5 6
14 13
0
0
