20 20
15 9 19 17 -16 9 2 2 13 2 -14 19 11 10 15 19 -6 13 8 -17 
1 -16 -16 -19 4 19 19 7 11 -6 -9 -3 3 19 19 -18 14 -17 8 -8 
13 14 -8 9 1 19 -3 -11 14 18 9 0 12 16 7 9 -4 7 17 8 
0 13 8 19 13 14 1 6 -2 6 4 -7 7 -4 -15 10 6 -12 12 4 
1 16 4 7 16 16 7 -19 -8 18 7 4 -11 2 5 12 19 17 5 13 
17 8 -12 0 8 14 6 11 3 16 16 18 16 -15 -5 4 3 6 14 11 
-12 -17 10 -1 -12 7 9 6 4 -15 10 14 -10 5 -9 14 18 17 1 3 
2 1 19 18 8 17 14 -12 18 15 1 6 11 5 1 -2 5 6 1 6 
-9 -7 -14 13 14 3 14 -17 14 0 -14 16 -1 5 -1 11 12 13 7 19 
18 12 11 4 8 17 -16 8 1 -8 2 14 -12 12 15 15 10 13 4 -4 
-4 4 13 10 15 15 12 -12 14 2 -8 1 8 -16 17 8 4 11 12 18 
19 7 13 12 11 -1 5 -1 16 -14 0 14 -17 14 3 14 13 -14 -7 -9 
6 1 6 5 -2 1 5 11 6 1 15 18 -12 14 17 8 18 19 1 2 
3 1 17 18 14 -9 5 -10 14 10 -15 4 6 9 7 -12 -1 10 -17 -12 
11 14 6 3 4 -5 -15 16 18 16 16 3 11 6 14 8 0 -12 8 17 
13 5 17 19 12 5 2 -11 4 7 18 -8 -19 7 16 16 7 4 16 1 
4 12 -12 6 10 -15 -4 7 -7 4 6 -2 6 1 14 13 19 8 13 0 
8 17 7 -4 9 7 16 12 0 9 18 14 -11 -3 19 1 9 -8 14 13 
-8 8 -17 14 -18 19 19 3 -3 -9 -6 11 7 19 19 4 -19 -16 -16 1 
-17 8 13 -6 19 15 10 11 19 -14 2 13 2 2 9 -16 17 19 9 15 
30
1
11 17
8 2
0
0
