20 20
16 19 15 6 20 20 -7 17 -12 10 -6 -5 17 -11 -2 20 1 2 -4 12 
20 2 14 6 1 6 19 10 0 -6 20 19 -12 -9 18 -5 7 18 -17 -20 
17 -13 14 15 -2 9 3 16 18 -4 10 -8 3 2 2 -2 5 -19 7 9 
1 20 8 13 18 2 1 17 14 11 -3 7 6 13 18 14 6 9 5 18 
6 14 8 16 18 10 -15 11 0 -8 13 -16 -20 2 10 -16 -18 3 6 -1 
17 19 13 -19 7 5 21 18 2 5 -5 11 -1 -13 2 -16 5 10 -12 -13 
20 10 19 12 -7 -18 18 21 -8 10 -4 16 2 21 4 -13 9 2 1 8 
6 -3 6 9 19 -2 13 21 0 1 13 15 -5 -11 14 4 4 3 -3 -10 
17 2 3 4 6 1 2 7 9 13 21 10 8 11 12 21 1 13 5 6 
11 13 -17 -5 18 -11 -15 13 -2 9 20 21 -11 20 -1 21 6 8 21 11 
11 21 8 6 21 -1 20 -11 21 20 9 -2 13 -15 -11 18 -5 -17 13 11 
6 5 13 1 21 12 11 8 10 21 13 9 7 2 1 6 4 3 2 17 
-10 -3 3 4 4 14 -11 -5 15 13 1 0 21 13 -2 19 9 6 -3 6 
8 1 2 9 -13 4 21 2 16 -4 10 -8 21 18 -18 -7 12 19 10 20 
-13 -12 10 5 -16 2 -13 -1 11 -5 5 2 18 21 5 7 -19 13 19 17 
-1 6 3 -18 -16 10 2 -20 -16 13 -8 0 11 -15 10 18 16 8 14 6 
18 5 9 6 14 18 13 6 7 -3 11 14 17 1 2 18 13 8 20 1 
9 7 -19 5 -2 2 2 3 -8 10 -4 18 16 3 9 -2 15 14 -13 17 
-20 -17 18 7 -5 18 -9 -12 19 20 -6 0 10 19 6 1 6 14 2 20 
12 -4 2 1 20 -2 -11 17 -5 -6 10 -12 17 -7 20 20 6 15 19 16 
30
1
10 7
9 12
0
0
