20 20
-12 12 -1 2 6 12 15 15 3 -2 13 6 -8 14 15 7 -13 11 -5 -4 
9 16 5 -7 1 15 3 3 -7 7 -18 4 -8 16 20 -19 -15 3 3 11 
20 -1 -16 -3 1 19 16 19 -8 1 16 -6 2 -7 5 7 6 13 20 11 
4 -12 13 19 15 -11 -11 14 2 4 2 19 4 -18 -3 -18 0 8 12 -4 
7 -10 14 -8 16 11 5 20 14 9 9 -10 9 8 -17 8 4 2 7 1 
14 18 -17 -19 -13 2 10 -7 19 17 19 0 3 0 -13 16 13 -15 6 9 
0 14 5 -10 12 -1 8 16 12 20 3 17 -10 17 -20 -17 12 -14 16 -2 
-7 19 12 -19 12 6 -5 10 19 -12 20 -3 17 -8 -4 13 -1 3 19 2 
7 3 14 7 15 14 5 3 6 6 15 10 10 1 -2 1 -19 20 9 2 
8 7 11 8 20 11 11 15 19 -12 19 15 13 9 9 9 0 12 16 9 
9 16 12 0 9 9 9 13 15 19 -12 19 15 11 11 20 8 11 7 8 
2 9 20 -19 1 -2 1 10 10 15 6 6 3 5 14 15 7 14 3 7 
2 19 3 -1 13 -4 -8 17 -3 20 -12 19 10 -5 6 12 -19 12 19 -7 
-2 16 -14 12 -17 -20 17 -10 17 3 20 12 16 8 -1 12 -10 5 14 0 
9 6 -15 13 16 -13 0 3 0 19 17 19 -7 10 2 -13 -19 -17 18 14 
1 7 2 4 8 -17 8 9 -10 9 9 14 20 5 11 16 -8 14 -10 7 
-4 12 8 0 -18 -3 -18 4 19 2 4 2 14 -11 -11 15 19 13 -12 4 
11 20 13 6 7 5 -7 2 -6 16 1 -8 19 16 19 1 -3 -16 -1 20 
11 3 3 -15 -19 20 16 -8 4 -18 7 -7 3 3 15 1 -7 5 16 9 
-4 -5 11 -13 7 15 14 -8 6 13 -2 3 15 15 12 6 2 -1 12 -12 
30
1
11 1
8 18
0
0
