20 20
15 -11 13 -6 4 3 10 -12 15 3 9 7 14 -8 4 -8 16 13 6 16 
6 -16 5 14 4 10 17 14 9 3 -17 15 8 3 9 5 -13 11 -1 -7 
0 8 16 -16 7 15 8 6 -6 1 0 5 15 7 -11 11 7 1 2 2 
17 4 2 17 3 -5 6 -13 -2 -9 4 17 3 12 15 2 2 -14 9 -2 
4 -4 11 1 -10 5 2 2 3 2 11 4 8 16 15 6 1 -6 -11 17 
-14 12 2 15 9 9 -8 14 3 4 17 -3 1 7 3 14 -14 -8 1 -5 
-1 7 6 -14 17 8 2 -13 10 -11 -9 11 5 1 -1 8 -11 6 -1 -12 
6 -6 1 4 -14 5 13 12 -3 4 3 9 12 -6 15 11 12 4 -6 1 
2 -8 -8 9 15 -4 13 14 7 -6 -8 16 -10 7 7 16 9 5 9 -9 
5 6 5 15 -11 15 3 11 -5 16 -14 4 15 3 6 8 11 16 7 11 
11 7 16 11 8 6 3 15 4 -14 16 -5 11 3 15 -11 15 5 6 5 
-9 9 5 9 16 7 7 -10 16 -8 -6 7 14 13 -4 15 9 -8 -8 2 
1 -6 4 12 11 15 -6 12 9 3 4 -3 12 13 5 -14 4 1 -6 6 
-12 -1 6 -11 8 -1 1 5 11 -9 -11 10 -13 2 8 17 -14 6 7 -1 
-5 1 -8 -14 14 3 7 1 -3 17 4 3 14 -8 9 9 15 2 12 -14 
17 -11 -6 1 6 15 16 8 4 11 2 3 2 2 5 -10 1 11 -4 4 
-2 9 -14 2 2 15 12 3 17 4 -9 -2 -13 6 -5 3 17 2 4 17 
2 2 1 7 11 -11 7 15 5 0 1 -6 6 8 15 7 -16 16 8 0 
-7 -1 11 -13 5 9 3 8 15 -17 3 9 14 17 10 4 14 5 -16 6 
16 6 13 16 -8 4 -8 14 7 9 3 15 -12 10 3 4 -6 13 -11 15 
30
1
1 4
18 15
0
0
