20 20
14 13 23 5 23 -22 15 3 5 12 -6 2 0 23 19 22 10 23 17 1 
-11 4 22 4 12 1 5 -19 9 19 5 21 -4 8 0 3 7 -8 16 -12 
-23 6 1 21 21 -14 6 -13 20 -6 9 1 -2 10 8 8 12 6 20 -14 
19 0 23 -13 3 -19 19 14 10 0 -4 0 14 20 -21 15 16 6 16 23 
-2 6 18 17 14 14 -22 2 6 2 2 18 -9 11 23 12 12 4 -7 3 
1 12 -22 21 22 -23 23 1 12 13 6 15 8 5 10 5 11 -12 19 2 
21 18 12 5 14 -6 -15 14 23 -23 8 21 -23 16 -21 2 12 12 19 23 
12 19 8 -21 18 14 15 6 0 7 6 5 18 3 14 17 -20 -11 21 17 
21 3 -12 6 -2 8 17 -3 2 8 8 10 -17 3 23 10 23 22 -20 21 
13 9 13 21 15 5 22 17 16 9 5 20 -4 10 -1 5 11 2 14 1 
1 14 2 11 5 -1 10 -4 20 5 9 16 17 22 5 15 21 13 9 13 
21 -20 22 23 10 23 3 -17 10 8 8 2 -3 17 8 -2 6 -12 3 21 
17 21 -11 -20 17 14 3 18 5 6 7 0 6 15 14 18 -21 8 19 12 
23 19 12 12 2 -21 16 -23 21 8 -23 23 14 -15 -6 14 5 12 18 21 
2 19 -12 11 5 10 5 8 15 6 13 12 1 23 -23 22 21 -22 12 1 
3 -7 4 12 12 23 11 -9 18 2 2 6 2 -22 14 14 17 18 6 -2 
23 16 6 16 15 -21 20 14 0 -4 0 10 14 19 -19 3 -13 23 0 19 
-14 20 6 12 8 8 10 -2 1 9 -6 20 -13 6 -14 21 21 1 6 -23 
-12 16 -8 7 3 0 8 -4 21 5 19 9 -19 5 1 12 4 22 4 -11 
1 17 23 10 22 19 23 0 2 -6 12 5 3 15 -22 23 5 23 13 14 
30
1
15 7
4 12
0
0
