20 20
10 6 9 4 15 7 6 1 3 5 13 -17 -17 7 -15 15 -3 10 -9 7 
1 17 6 2 16 -10 1 5 4 10 10 0 10 13 10 14 11 16 12 13 
14 17 -16 4 3 16 -4 4 0 -16 2 10 11 13 5 8 -16 16 5 1 
-1 13 14 -6 17 -17 3 -5 4 -9 -12 4 14 7 10 3 13 0 5 15 
9 2 -8 -6 15 10 13 16 1 -12 14 4 -3 11 12 11 -5 -16 12 -3 
4 -12 11 -8 7 11 -16 14 12 1 2 12 2 11 8 -1 -8 14 0 4 
-8 -12 -10 0 12 7 10 11 12 6 15 -17 4 12 2 7 -5 0 16 15 
2 5 5 0 -3 16 10 3 16 -17 13 6 15 -14 3 5 -2 -16 17 -12 
6 3 1 9 14 2 -2 0 5 9 0 -6 10 7 16 11 -5 8 16 8 
6 6 -5 4 2 12 6 6 3 9 16 -6 6 3 16 14 -4 13 3 3 
3 3 13 -4 14 16 3 6 -6 16 9 3 6 6 12 2 4 -5 6 6 
8 16 8 -5 11 16 7 10 -6 0 9 5 0 -2 2 14 9 1 3 6 
-12 17 -16 -2 5 3 -14 15 6 13 -17 16 3 10 16 -3 0 5 5 2 
15 16 0 -5 7 2 12 4 -17 15 6 12 11 10 7 12 0 -10 -12 -8 
4 0 14 -8 -1 8 11 2 12 2 1 12 14 -16 11 7 -8 11 -12 4 
-3 12 -16 -5 11 12 11 -3 4 14 -12 1 16 13 10 15 -6 -8 2 9 
15 5 0 13 3 10 7 14 4 -12 -9 4 -5 3 -17 17 -6 14 13 -1 
1 5 16 -16 8 5 13 11 10 2 -16 0 4 -4 16 3 4 -16 17 14 
13 12 16 11 14 10 13 10 0 10 10 4 5 1 -10 16 2 6 17 1 
7 -9 10 -3 15 -15 7 -17 -17 13 5 3 1 6 7 15 4 9 6 10 
30
1
6 11
13 8
0
0
