20 20
13 -5 3 18 8 18 21 -27 -5 2 28 18 26 -20 10 19 7 22 26 3 
4 -22 -16 14 -23 5 8 18 7 11 21 14 8 2 6 13 8 17 3 19 
13 16 2 13 28 28 18 -7 29 -25 12 21 8 3 -6 1 18 19 24 26 
12 -23 -2 -12 27 9 -8 -22 24 11 15 -4 7 22 1 2 -27 -20 2 19 
28 -3 0 -4 26 5 5 22 21 22 9 2 -12 22 29 24 -23 19 -18 -2 
18 14 25 7 -27 12 -16 7 2 6 5 4 4 -19 28 17 18 16 23 27 
10 -9 -14 13 -7 10 18 1 -20 -11 -19 20 0 24 3 2 -20 18 18 19 
16 19 29 11 22 -26 24 3 9 0 5 17 -20 -28 4 15 18 27 -26 19 
5 23 17 26 20 -3 -13 -6 19 25 4 17 5 13 11 25 -6 5 0 10 
24 27 11 7 19 -24 13 -5 19 -24 -7 24 2 27 9 3 19 -29 -13 -10 
-10 -13 -29 19 3 9 27 2 24 -7 -24 19 -5 13 -24 19 7 11 27 24 
10 0 5 -6 25 11 13 5 17 4 25 19 -6 -13 -3 20 26 17 23 5 
19 -26 27 18 15 4 -28 -20 17 5 0 9 3 24 -26 22 11 29 19 16 
19 18 18 -20 2 3 24 0 20 -19 -11 -20 1 18 10 -7 13 -14 -9 10 
27 23 16 18 17 28 -19 4 4 5 6 2 7 -16 12 -27 7 25 14 18 
-2 -18 19 -23 24 29 22 -12 2 9 22 21 22 5 5 26 -4 0 -3 28 
19 2 -20 -27 2 1 22 7 -4 15 11 24 -22 -8 9 27 -12 -2 -23 12 
26 24 19 18 1 -6 3 8 21 12 -25 29 -7 18 28 28 13 2 16 13 
19 3 17 8 13 6 2 8 14 21 11 7 18 8 5 -23 14 -16 -22 4 
3 26 22 7 19 10 -20 26 18 28 2 -5 -27 21 18 8 18 3 -5 13 
30
1
13 2
6 17
0
0
