20 20
21 18 23 -4 1 11 16 9 20 -23 -29 18 -10 7 17 26 -16 9 -18 12 
2 14 22 16 20 24 5 2 -15 9 14 16 9 19 25 5 4 -18 7 0 
0 -16 18 -10 -29 8 23 27 -21 -19 -12 -10 15 19 -1 21 -4 25 1 26 
23 21 -8 12 22 1 -21 19 10 11 -10 -10 20 21 17 -23 26 16 14 -2 
4 27 9 -11 10 5 2 10 2 15 20 -5 12 -27 27 -24 2 11 6 24 
22 9 27 17 2 14 7 21 -7 29 9 12 0 -3 17 6 -7 28 -6 19 
24 15 3 16 -11 25 19 -18 18 4 0 -25 3 4 16 -2 9 19 24 27 
14 11 9 2 -23 25 -27 23 24 -14 25 23 6 7 -24 11 3 -17 22 -17 
5 -5 15 7 21 0 8 17 9 20 3 5 21 11 25 11 8 13 24 -27 
18 -20 21 14 24 5 24 18 2 9 12 6 22 24 -3 2 29 26 24 7 
7 24 26 29 2 -3 24 22 6 12 9 2 18 24 5 24 14 21 -20 18 
-27 24 13 8 11 25 11 21 5 3 20 9 17 8 0 21 7 15 -5 5 
-17 22 -17 3 11 -24 7 6 23 25 -14 24 23 -27 25 -23 2 9 11 14 
27 24 19 9 -2 16 4 3 -25 0 4 18 -18 19 25 -11 16 3 15 24 
19 -6 28 -7 6 17 -3 0 12 9 29 -7 21 7 14 2 17 27 9 22 
24 6 11 2 -24 27 -27 12 -5 20 15 2 10 2 5 10 -11 9 27 4 
-2 14 16 26 -23 17 21 20 -10 -10 11 10 19 -21 1 22 12 -8 21 23 
26 1 25 -4 21 -1 19 15 -10 -12 -19 -21 27 23 8 -29 -10 18 -16 0 
0 7 -18 4 5 25 19 9 16 14 9 -15 2 5 24 20 16 22 14 2 
12 -18 9 -16 26 17 7 -10 18 -29 -23 20 9 16 11 1 -4 23 18 21 
30
1
19 8
0 11
0
0
