20 20
15 18 17 20 5 11 1 8 1 1 17 -7 8 18 -8 4 12 5 -3 -11 
16 -14 -7 12 10 21 -10 21 6 9 9 17 -2 14 18 19 -6 6 21 -3 
14 12 20 -18 20 17 2 7 15 18 -15 16 16 2 14 2 11 -5 7 14 
-10 15 3 12 20 18 11 20 15 -16 20 9 6 14 6 1 1 21 14 18 
21 20 13 18 12 10 5 21 6 6 5 1 13 6 11 -19 -2 3 6 18 
12 16 14 -21 6 21 10 -19 21 1 -19 2 15 0 19 12 13 -4 7 1 
17 11 9 -15 -15 -4 14 8 14 10 10 -6 5 10 10 17 1 -5 -21 8 
16 -19 19 -6 3 14 -11 16 -19 1 5 20 10 20 -18 11 -16 8 -1 9 
7 2 12 8 -1 9 19 0 -16 -7 5 6 6 -20 -10 2 9 -17 12 18 
4 -3 12 14 9 18 0 3 6 16 8 1 4 -16 13 18 2 4 15 12 
12 15 4 2 18 13 -16 4 1 8 16 6 3 0 18 9 14 12 -3 4 
18 12 -17 9 2 -10 -20 6 6 5 -7 -16 0 19 9 -1 8 12 2 7 
9 -1 8 -16 11 -18 20 10 20 5 1 -19 16 -11 14 3 -6 19 -19 16 
8 -21 -5 1 17 10 10 5 -6 10 10 14 8 14 -4 -15 -15 9 11 17 
1 7 -4 13 12 19 0 15 2 -19 1 21 -19 10 21 6 -21 14 16 12 
18 6 3 -2 -19 11 6 13 1 5 6 6 21 5 10 12 18 13 20 21 
18 14 21 1 1 6 14 6 9 20 -16 15 20 11 18 20 12 3 15 -10 
14 7 -5 11 2 14 2 16 16 -15 18 15 7 2 17 20 -18 20 12 14 
-3 21 6 -6 19 18 14 -2 17 9 9 6 21 -10 21 10 12 -7 -14 16 
-11 -3 5 12 4 -8 18 8 -7 17 1 1 8 1 11 5 20 17 18 15 
30
1
6 1
13 18
0
0
