20 20
0 8 -4 -7 2 -10 2 11 -10 10 9 -3 1 7 7 6 1 6 -1 6 
10 11 10 6 0 4 6 8 -9 0 -10 -3 -2 11 -7 9 3 7 10 2 
1 3 9 -1 -9 -6 3 3 1 11 -3 -11 5 0 -2 5 8 7 7 5 
4 0 1 3 -10 -4 -7 9 5 4 11 11 -4 0 6 7 8 1 0 -7 
-8 -1 10 8 6 4 -9 -11 7 1 9 5 -11 4 2 7 10 0 9 0 
-1 0 1 6 0 10 1 -7 1 -4 4 5 9 3 -1 10 1 -11 0 0 
-4 8 4 -10 9 -3 9 3 -3 9 10 1 8 11 9 -11 1 11 -1 -6 
4 2 11 6 1 11 8 9 6 -8 7 5 3 5 0 2 5 5 3 10 
4 11 9 0 1 10 -9 4 2 -9 11 2 9 -11 -4 2 -7 0 2 9 
2 4 10 10 11 5 9 -1 10 -7 2 -1 6 10 6 6 7 -2 4 3 
3 4 -2 7 6 6 10 6 -1 2 -7 10 -1 9 5 11 10 10 4 2 
9 2 0 -7 2 -4 -11 9 2 11 -9 2 4 -9 10 1 0 9 11 4 
10 3 5 5 2 0 5 3 5 7 -8 6 9 8 11 1 6 11 2 4 
-6 -1 11 1 -11 9 11 8 1 10 9 -3 3 9 -3 9 -10 4 8 -4 
0 0 -11 1 10 -1 3 9 5 4 -4 1 -7 1 10 0 6 1 0 -1 
0 9 0 10 7 2 4 -11 5 9 1 7 -11 -9 4 6 8 10 -1 -8 
-7 0 1 8 7 6 0 -4 11 11 4 5 9 -7 -4 -10 3 1 0 4 
5 7 7 8 5 -2 0 5 -11 -3 11 1 3 3 -6 -9 -1 9 3 1 
2 10 7 3 9 -7 11 -2 -3 -10 0 -9 8 6 4 0 6 10 11 10 
6 -1 6 1 6 7 7 1 -3 9 10 -10 11 2 -10 2 -7 -4 8 0 
30
1
10 0
9 19
0
0
