20 20
-9 14 11 16 6 25 -21 4 6 5 18 19 -9 22 1 0 22 -2 -4 -4 
22 -16 7 10 -17 22 20 22 12 10 -8 18 -20 -25 17 17 23 -22 -21 -3 
0 -13 14 3 15 11 13 11 -24 16 22 -19 21 7 20 15 -8 20 -20 24 
19 1 9 12 17 6 12 0 15 0 -25 25 11 -24 10 6 24 8 4 -2 
12 17 8 24 5 12 18 -23 22 4 11 12 -5 -5 12 -8 3 14 2 -16 
6 11 15 9 24 13 -16 16 19 23 5 -23 16 0 9 12 -11 18 -18 -8 
1 19 11 -12 4 23 0 17 2 9 11 23 23 21 8 22 4 -17 -13 5 
4 -11 6 21 23 11 20 10 11 20 -2 20 -6 -22 18 2 12 21 -2 2 
16 12 21 19 17 10 24 7 4 7 -18 14 20 9 8 12 5 -5 8 15 
3 1 21 -17 -7 -7 6 23 -17 -3 1 -21 3 8 11 9 25 24 6 1 
1 6 24 25 9 11 8 3 -21 1 -3 -17 23 6 -7 -7 -17 21 1 3 
15 8 -5 5 12 8 9 20 14 -18 7 4 7 24 10 17 19 21 12 16 
2 -2 21 12 2 18 -22 -6 20 -2 20 11 10 20 11 23 21 6 -11 4 
5 -13 -17 4 22 8 21 23 23 11 9 2 17 0 23 4 -12 11 19 1 
-8 -18 18 -11 12 9 0 16 -23 5 23 19 16 -16 13 24 9 15 11 6 
-16 2 14 3 -8 12 -5 -5 12 11 4 22 -23 18 12 5 24 8 17 12 
-2 4 8 24 6 10 -24 11 25 -25 0 15 0 12 6 17 12 9 1 19 
24 -20 20 -8 15 20 7 21 -19 22 16 -24 11 13 11 15 3 14 -13 0 
-3 -21 -22 23 17 17 -25 -20 18 -8 10 12 22 20 22 -17 10 7 -16 22 
-4 -4 -2 22 0 1 22 -9 19 18 5 6 4 -21 25 6 16 11 14 -9 
30
1
14 17
5 2
0
0
