20 20
8 -17 9 9 -13 8 -23 14 -1 5 7 1 17 -21 21 23 21 -28 20 -1 
3 11 14 28 14 28 3 3 3 6 10 3 13 2 24 28 5 10 26 22 
25 2 13 -2 18 8 -12 2 22 8 -13 -27 26 -6 14 7 27 -23 10 11 
11 19 5 18 -14 -21 21 -17 23 12 2 -14 -3 16 5 26 -2 3 -9 -11 
21 -5 2 14 13 24 -3 14 1 -3 9 -12 11 6 28 12 24 -16 -3 1 
12 2 16 2 -24 2 23 15 3 11 17 -5 18 8 12 -19 -19 7 5 14 
22 17 18 3 1 12 18 18 20 19 4 6 14 21 24 3 -8 -2 16 -11 
-6 18 9 -11 -25 5 -14 4 -13 14 3 11 -13 -20 6 0 27 24 5 0 
-22 19 1 -16 23 27 25 -17 -21 27 23 12 -14 7 27 17 20 24 17 12 
-7 15 -2 22 -23 12 -14 28 9 16 6 -28 18 19 28 25 12 21 -23 22 
22 -23 21 12 25 28 19 18 -28 6 16 9 28 -14 12 -23 22 -2 15 -7 
12 17 24 20 17 27 7 -14 12 23 27 -21 -17 25 27 23 -16 1 19 -22 
0 5 24 27 0 6 -20 -13 11 3 14 -13 4 -14 5 -25 -11 9 18 -6 
-11 16 -2 -8 3 24 21 14 6 4 19 20 18 18 12 1 3 18 17 22 
14 5 7 -19 -19 12 8 18 -5 17 11 3 15 23 2 -24 2 16 2 12 
1 -3 -16 24 12 28 6 11 -12 9 -3 1 14 -3 24 13 14 2 -5 21 
-11 -9 3 -2 26 5 16 -3 -14 2 12 23 -17 21 -21 -14 18 5 19 11 
11 10 -23 27 7 14 -6 26 -27 -13 8 22 2 -12 8 18 -2 13 2 25 
22 26 10 5 28 24 2 13 3 10 6 3 3 3 28 14 28 14 11 3 
-1 20 -28 21 23 21 -21 17 1 7 5 -1 14 -23 8 -13 9 9 -17 8 
30
1
18 11
1 8
0
0
