20 20
13 -23 10 7 -16 15 21 6 8 2 16 26 1 23 12 11 0 6 -4 8 
6 16 20 23 20 23 -24 12 21 -26 -17 3 21 25 23 4 11 -6 10 15 
18 5 8 9 -6 1 -22 20 24 16 -11 23 -21 19 -13 2 18 16 17 16 
8 19 -21 22 23 -9 -5 11 1 25 8 9 16 6 12 19 -26 13 -1 21 
19 3 5 8 19 -20 4 1 21 -20 10 20 8 -20 -19 11 -16 -25 8 12 
1 3 -5 -5 13 -22 -23 -19 16 11 17 8 15 11 -8 12 11 1 14 22 
23 0 -11 -17 2 20 6 7 13 26 11 15 5 12 -14 -18 6 -17 12 -8 
-10 12 20 18 -15 -19 2 -21 12 -12 25 25 -26 9 10 23 -11 19 5 24 
16 7 22 1 0 25 12 -5 24 25 26 5 -8 23 -2 -7 24 20 -23 -11 
20 4 7 -24 0 24 2 -21 25 13 -4 14 1 5 -8 10 -14 4 21 -18 
-18 21 4 -14 10 -8 5 1 14 -4 13 25 -21 2 24 0 -24 7 4 20 
-11 -23 20 24 -7 -2 23 -8 5 26 25 24 -5 12 25 0 1 22 7 16 
24 5 19 -11 23 10 9 -26 25 25 -12 12 -21 2 -19 -15 18 20 12 -10 
-8 12 -17 6 -18 -14 12 5 15 11 26 13 7 6 20 2 -17 -11 0 23 
22 14 1 11 12 -8 11 15 8 17 11 16 -19 -23 -22 13 -5 -5 3 1 
12 8 -25 -16 11 -19 -20 8 20 10 -20 21 1 4 -20 19 8 5 3 19 
21 -1 13 -26 19 12 6 16 9 8 25 1 11 -5 -9 23 22 -21 19 8 
16 17 16 18 2 -13 19 -21 23 -11 16 24 20 -22 1 -6 9 8 5 18 
15 10 -6 11 4 23 25 21 3 -17 -26 21 12 -24 23 20 23 20 16 6 
8 -4 6 0 11 12 23 1 26 16 2 8 6 21 15 -16 7 10 -23 13 
30
1
2 9
17 10
0
0
