20 20
10 24 15 22 12 6 23 -2 18 19 16 23 18 2 20 -6 24 24 13 11 
10 18 13 26 -17 8 3 9 -12 17 -16 -12 22 12 26 25 -12 -24 13 -17 
-8 2 -20 26 25 24 2 7 12 24 -5 6 25 25 21 4 22 22 2 23 
6 1 26 20 6 22 -19 11 26 24 11 25 -13 17 7 1 -2 1 13 4 
-18 18 -13 14 0 -20 20 15 13 -26 -8 6 13 -12 7 4 23 7 11 24 
-19 24 22 19 -7 22 26 -23 9 -20 16 16 -17 11 -18 25 16 7 1 2 
18 4 -15 20 3 18 1 26 22 1 -19 15 20 -15 26 14 12 4 26 16 
-8 25 18 19 -17 -13 6 -17 -3 20 1 10 18 14 24 6 24 3 -11 5 
2 9 -26 11 9 -23 2 5 23 15 16 11 17 9 5 20 12 12 9 3 
-22 25 -3 0 -13 20 -11 -3 5 -22 18 1 9 16 22 9 14 19 2 -8 
-8 2 19 14 9 22 16 9 1 18 -22 5 -3 -11 20 -13 0 -3 25 -22 
3 9 12 12 20 5 9 17 11 16 15 23 5 2 -23 9 11 -26 9 2 
5 -11 3 24 6 24 14 18 10 1 20 -3 -17 6 -13 -17 19 18 25 -8 
16 26 4 12 14 26 -15 20 15 -19 1 22 26 1 18 3 20 -15 4 18 
2 1 7 16 25 -18 11 -17 16 16 -20 9 -23 26 22 -7 19 22 24 -19 
24 11 7 23 4 7 -12 13 6 -8 -26 13 15 20 -20 0 14 -13 18 -18 
4 13 1 -2 1 7 17 -13 25 11 24 26 11 -19 22 6 20 26 1 6 
23 2 22 22 4 21 25 25 6 -5 24 12 7 2 24 25 26 -20 2 -8 
-17 13 -24 -12 25 26 12 22 -12 -16 17 -12 9 3 8 -17 26 13 18 10 
11 13 24 24 -6 20 2 18 23 16 19 18 -2 23 6 12 22 15 24 10 
30
1
17 5
2 14
0
0
