20 20
-7 26 24 -27 15 3 17 8 15 16 4 12 25 4 28 25 17 2 24 21 
27 -11 13 18 9 -3 22 1 -21 11 2 9 -10 1 3 -5 11 20 22 7 
11 5 16 27 -18 24 27 18 27 13 25 10 1 27 19 22 25 -26 16 24 
-21 12 27 -27 -21 -7 28 -6 5 20 -14 -12 -10 -18 20 -8 28 16 9 16 
16 3 27 7 7 27 23 28 27 2 4 28 -6 8 11 15 5 22 3 28 
9 -20 18 18 22 1 -19 1 4 12 20 1 22 25 -1 21 20 -27 7 28 
27 10 15 -10 0 27 1 23 -3 27 -24 24 17 0 27 4 3 20 8 25 
-4 4 2 -25 9 19 0 9 16 7 9 13 12 -24 25 0 5 -25 5 11 
6 25 22 10 15 9 1 12 12 -26 27 8 21 6 -1 17 11 21 24 21 
2 23 4 13 15 -3 25 -26 6 17 -7 11 -17 27 26 5 -26 -9 1 25 
25 1 -9 -26 5 26 27 -17 11 -7 17 6 -26 25 -3 15 13 4 23 2 
21 24 21 11 17 -1 6 21 8 27 -26 12 12 1 9 15 10 22 25 6 
11 5 -25 5 0 25 -24 12 13 9 7 16 9 0 19 9 -25 2 4 -4 
25 8 20 3 4 27 0 17 24 -24 27 -3 23 1 27 0 -10 15 10 27 
28 7 -27 20 21 -1 25 22 1 20 12 4 1 -19 1 22 18 18 -20 9 
28 3 22 5 15 11 8 -6 28 4 2 27 28 23 27 7 7 27 3 16 
16 9 16 28 -8 20 -18 -10 -12 -14 20 5 -6 28 -7 -21 -27 27 12 -21 
24 16 -26 25 22 19 27 1 10 25 13 27 18 27 24 -18 27 16 5 11 
7 22 20 11 -5 3 1 -10 9 2 11 -21 1 22 -3 9 18 13 -11 27 
21 24 2 17 25 28 4 25 12 4 16 15 8 17 3 15 -27 24 26 -7 
30
1
6 8
13 11
0
0
