20 20
3 19 1 16 9 28 14 2 -21 28 13 24 22 27 20 17 9 10 28 -3 
14 21 25 23 1 8 6 -18 -17 -4 -15 16 8 11 12 12 -1 8 25 -23 
6 14 -11 4 10 16 2 11 0 3 24 25 14 25 8 -13 8 10 -20 26 
13 22 -19 27 26 -7 28 24 -6 25 23 28 15 3 14 -15 19 -10 5 13 
-27 -27 -21 -28 -11 2 2 6 28 -10 5 17 26 -6 -26 -23 11 10 9 16 
15 2 23 10 21 7 5 27 9 4 21 5 -17 -10 23 12 7 27 -8 27 
18 -20 2 9 17 20 22 2 18 -22 2 -22 -5 26 18 -2 -11 -9 2 28 
-26 27 13 -3 10 27 -12 22 15 5 -28 1 16 -19 0 22 26 4 17 8 
21 8 10 22 23 9 25 -12 -9 9 18 4 1 8 8 24 -26 1 10 0 
22 22 8 4 18 9 6 16 -6 18 5 -12 4 6 3 4 5 9 11 9 
9 11 9 5 4 3 6 4 -12 5 18 -6 16 6 9 18 4 8 22 22 
0 10 1 -26 24 8 8 1 4 18 9 -9 -12 25 9 23 22 10 8 21 
8 17 4 26 22 0 -19 16 1 -28 5 15 22 -12 27 10 -3 13 27 -26 
28 2 -9 -11 -2 18 26 -5 -22 2 -22 18 2 22 20 17 9 2 -20 18 
27 -8 27 7 12 23 -10 -17 5 21 4 9 27 5 7 21 10 23 2 15 
16 9 10 11 -23 -26 -6 26 17 5 -10 28 6 2 2 -11 -28 -21 -27 -27 
13 5 -10 19 -15 14 3 15 28 23 25 -6 24 28 -7 26 27 -19 22 13 
26 -20 10 8 -13 8 25 14 25 24 3 0 11 2 16 10 4 -11 14 6 
-23 25 8 -1 12 12 11 8 16 -15 -4 -17 -18 6 8 1 23 25 21 14 
-3 28 10 9 17 20 27 22 24 13 28 -21 2 14 28 9 16 1 19 3 
30
1
8 7
11 12
0
0
