20 20
7 7 -5 -8 -7 -4 10 -7 11 -5 5 -3 2 -6 10 6 1 9 11 10 
7 5 8 2 10 8 -7 1 10 9 3 8 8 1 11 5 -2 9 6 -4 
2 1 4 8 0 -10 1 8 -2 -9 9 0 -5 7 0 9 5 11 9 -11 
3 10 8 2 4 2 5 7 8 6 -3 10 9 -1 7 2 1 10 10 7 
-10 1 9 -2 8 -3 4 6 -8 10 4 6 5 -4 0 1 2 0 1 -1 
-4 8 -9 3 1 10 -3 3 1 10 10 -8 11 6 10 10 -9 10 7 3 
11 -10 3 -2 0 8 4 -2 -11 9 11 -4 -3 9 1 4 8 -8 -2 11 
11 1 4 9 1 7 0 4 1 -11 0 2 3 5 5 3 -8 11 11 -9 
7 -9 -4 11 -2 -4 9 -6 0 8 11 1 10 9 -6 9 7 2 3 -11 
1 8 7 -3 9 -10 6 9 11 10 6 11 4 8 3 11 10 2 6 4 
4 6 2 10 11 3 8 4 11 6 10 11 9 6 -10 9 -3 7 8 1 
-11 3 2 7 9 -6 9 10 1 11 8 0 -6 9 -4 -2 11 -4 -9 7 
-9 11 11 -8 3 5 5 3 2 0 -11 1 4 0 7 1 9 4 1 11 
11 -2 -8 8 4 1 9 -3 -4 11 9 -11 -2 4 8 0 -2 3 -10 11 
3 7 10 -9 10 10 6 11 -8 10 10 1 3 -3 10 1 3 -9 8 -4 
-1 1 0 2 1 0 -4 5 6 4 10 -8 6 4 -3 8 -2 9 1 -10 
7 10 10 1 2 7 -1 9 10 -3 6 8 7 5 2 4 2 8 10 3 
-11 9 11 5 9 0 7 -5 0 9 -9 -2 8 1 -10 0 8 4 1 2 
-4 6 9 -2 5 11 1 8 8 3 9 10 1 -7 8 10 2 8 5 7 
10 11 9 1 6 10 -6 2 -3 5 -5 11 -7 10 -4 -7 -8 -5 7 7 
30
1
8 11
11 8
0
0
