20 20
20 11 -28 12 15 -16 30 17 2 25 8 3 -21 14 -24 18 -13 16 13 10 
7 10 3 23 13 9 29 27 26 -28 20 12 11 18 22 -19 -23 9 7 23 
22 25 20 1 -5 29 6 12 -25 11 2 3 21 21 8 24 -22 1 18 9 
-17 14 25 13 -19 6 19 9 -20 23 -27 14 12 -5 29 18 21 -10 19 12 
8 5 20 -9 10 -4 -15 16 26 19 1 -7 26 -2 -13 -25 21 13 7 5 
6 -13 7 6 9 29 5 27 19 -6 7 -25 -12 -19 12 10 2 19 20 19 
-24 17 27 28 0 -26 19 23 -21 7 23 25 7 30 6 21 25 26 7 3 
12 30 -3 9 11 16 1 -12 26 8 9 -13 1 -14 15 26 -3 -1 22 -10 
-20 13 15 12 19 20 15 15 17 -16 23 20 5 30 -8 -17 -20 -10 3 0 
23 14 26 10 15 29 1 5 3 -2 22 13 26 0 -24 24 29 -13 -3 24 
24 -3 -13 29 24 -24 0 26 13 22 -2 3 5 1 29 15 10 26 14 23 
0 3 -10 -20 -17 -8 30 5 20 23 -16 17 15 15 20 19 12 15 13 -20 
-10 22 -1 -3 26 15 -14 1 -13 9 8 26 -12 1 16 11 9 -3 30 12 
3 7 26 25 21 6 30 7 25 23 7 -21 23 19 -26 0 28 27 17 -24 
19 20 19 2 10 12 -19 -12 -25 7 -6 19 27 5 29 9 6 7 -13 6 
5 7 13 21 -25 -13 -2 26 -7 1 19 26 16 -15 -4 10 -9 20 5 8 
12 19 -10 21 18 29 -5 12 14 -27 23 -20 9 19 6 -19 13 25 14 -17 
9 18 1 -22 24 8 21 21 3 2 11 -25 12 6 29 -5 1 20 25 22 
23 7 9 -23 -19 22 18 11 12 20 -28 26 27 29 9 13 23 3 10 7 
10 13 16 -13 18 -24 14 -21 3 8 25 2 17 30 -16 15 12 -28 11 20 
30
1
16 18
3 1
0
0
