20 20
-6 18 29 20 -24 3 7 23 3 26 0 11 10 20 9 30 -17 -6 10 28 
10 -9 12 16 1 11 14 24 9 22 28 12 -23 13 -19 26 20 -16 6 25 
-1 -11 -30 4 25 3 5 -7 4 -30 -8 23 2 18 -16 20 21 -30 -19 17 
16 4 1 14 8 -24 21 24 0 19 6 12 21 9 3 -3 20 16 -10 -30 
17 -5 23 2 30 17 -28 -14 11 9 9 22 6 8 3 15 23 10 21 26 
29 9 23 12 7 6 -21 -8 15 -12 0 -5 13 -13 23 28 10 0 13 2 
-17 5 7 12 16 26 8 -12 -6 7 12 8 27 25 24 10 3 -17 15 -28 
-25 22 13 21 -4 26 0 10 0 12 15 8 -17 1 -23 19 17 20 19 25 
1 22 10 1 29 8 11 -16 19 14 -29 -3 3 18 18 2 21 -25 23 6 
13 22 8 15 25 -9 5 6 17 27 6 29 2 29 11 6 23 -6 30 -22 
-22 30 -6 23 6 11 29 2 29 6 27 17 6 5 -9 25 15 8 22 13 
6 23 -25 21 2 18 18 3 -3 -29 14 19 -16 11 8 29 1 10 22 1 
25 19 20 17 19 -23 1 -17 8 15 12 0 10 0 26 -4 21 13 22 -25 
-28 15 -17 3 10 24 25 27 8 12 7 -6 -12 8 26 16 12 7 5 -17 
2 13 0 10 28 23 -13 13 -5 0 -12 15 -8 -21 6 7 12 23 9 29 
26 21 10 23 15 3 8 6 22 9 9 11 -14 -28 17 30 2 23 -5 17 
-30 -10 16 20 -3 3 9 21 12 6 19 0 24 21 -24 8 14 1 4 16 
17 -19 -30 21 20 -16 18 2 23 -8 -30 4 -7 5 3 25 4 -30 -11 -1 
25 6 -16 20 26 -19 13 -23 12 28 22 9 24 14 11 1 16 12 -9 10 
28 10 -6 -17 30 9 20 10 11 0 26 3 23 7 3 -24 20 29 18 -6 
30
1
6 12
13 7
0
0
