20 20
9 9 1 9 -5 0 -7 -6 0 7 5 5 -3 11 11 2 4 -3 7 7 
11 5 -4 -3 -9 -11 6 7 9 -5 10 9 10 0 7 -10 2 9 5 0 
6 6 5 -9 -7 -10 -5 -9 1 -12 5 7 7 1 4 4 -6 -1 -10 9 
10 5 4 5 9 -9 -11 1 0 -12 2 9 -12 5 -11 12 -9 11 -3 -2 
6 1 -10 3 1 -8 10 1 1 9 -4 1 8 6 3 -11 3 4 -8 -12 
7 7 10 3 -7 12 2 -7 4 8 3 9 7 2 1 -7 11 12 11 1 
8 12 8 10 11 -8 0 -2 2 6 10 10 9 2 -6 12 9 -5 2 -8 
7 12 10 7 5 -5 5 2 8 2 2 9 6 -6 12 -9 -6 2 2 3 
-5 -9 3 12 1 -6 5 7 0 9 10 0 2 3 7 6 9 9 6 11 
5 0 5 10 1 0 3 5 3 7 7 6 0 9 6 1 -9 -2 -2 5 
5 -2 -2 -9 1 6 9 0 6 7 7 3 5 3 0 1 10 5 0 5 
11 6 9 9 6 7 3 2 0 10 9 0 7 5 -6 1 12 3 -9 -5 
3 2 2 -6 -9 12 -6 6 9 2 2 8 2 5 -5 5 7 10 12 7 
-8 2 -5 9 12 -6 2 9 10 10 6 2 -2 0 -8 11 10 8 12 8 
1 11 12 11 -7 1 2 7 9 3 8 4 -7 2 12 -7 3 10 7 7 
-12 -8 4 3 -11 3 6 8 1 -4 9 1 1 10 -8 1 3 -10 1 6 
-2 -3 11 -9 12 -11 5 -12 9 2 -12 0 1 -11 -9 9 5 4 5 10 
9 -10 -1 -6 4 4 1 7 7 5 -12 1 -9 -5 -10 -7 -9 5 6 6 
0 5 9 2 -10 7 0 10 9 10 -5 9 7 6 -11 -9 -3 -4 5 11 
7 7 -3 4 2 11 11 -3 5 5 7 0 -6 -7 0 -5 9 1 9 9 
30
1
19 8
0 11
0
0
