20 20
1 23 4 6 23 6 16 0 18 -8 8 -2 12 20 -12 9 8 14 -18 0 
-4 14 -7 17 0 -10 0 -16 4 -12 19 16 15 11 14 -12 17 9 3 8 
6 -3 19 9 22 11 6 -14 -21 16 9 4 23 6 -8 13 12 -23 7 6 
-12 14 22 9 2 8 -17 14 14 21 0 0 20 11 -12 11 14 1 6 13 
22 11 -16 -21 -5 16 19 -13 -12 -13 21 -11 13 20 16 10 8 21 13 0 
22 14 6 7 10 14 12 -23 17 19 16 15 18 2 22 5 1 11 0 -19 
14 2 -4 18 7 14 0 -23 1 3 10 15 7 16 10 -15 -2 18 22 -11 
-21 -23 -23 18 19 21 14 16 1 23 0 13 17 16 -10 -18 6 16 20 3 
6 15 -10 12 -5 -12 14 10 6 19 8 19 1 10 -17 -6 4 18 -21 5 
10 10 4 10 19 12 11 9 16 19 10 2 2 4 20 -9 12 11 -12 9 
9 -12 11 12 -9 20 4 2 2 10 19 16 9 11 12 19 10 4 10 10 
5 -21 18 4 -6 -17 10 1 19 8 19 6 10 14 -12 -5 12 -10 15 6 
3 20 16 6 -18 -10 16 17 13 0 23 1 16 14 21 19 18 -23 -23 -21 
-11 22 18 -2 -15 10 16 7 15 10 3 1 -23 0 14 7 18 -4 2 14 
-19 0 11 1 5 22 2 18 15 16 19 17 -23 12 14 10 7 6 14 22 
0 13 21 8 10 16 20 13 -11 21 -13 -12 -13 19 16 -5 -21 -16 11 22 
13 6 1 14 11 -12 11 20 0 0 21 14 14 -17 8 2 9 22 14 -12 
6 7 -23 12 13 -8 6 23 4 9 16 -21 -14 6 11 22 9 19 -3 6 
8 3 9 17 -12 14 11 15 16 19 -12 4 -16 0 -10 0 17 -7 14 -4 
0 -18 14 8 9 -12 20 12 -2 8 -8 18 0 16 6 23 6 4 23 1 
30
1
6 9
13 10
0
0
