20 20
4 -4 7 4 -19 0 19 -9 19 14 10 1 -8 3 10 10 14 5 6 13 
-11 6 18 2 19 5 14 11 12 6 3 1 17 0 16 4 -9 1 -1 11 
3 14 10 8 19 14 18 13 0 15 13 -11 1 19 18 -9 19 8 -1 7 
6 14 -9 4 10 13 13 -4 5 0 8 7 5 16 2 13 9 13 19 -1 
1 -5 3 19 11 4 18 3 -11 19 5 13 4 17 17 8 16 17 7 5 
19 3 -14 12 19 -11 14 3 -5 -3 11 10 2 4 15 -5 11 -5 5 12 
9 16 12 -8 2 9 3 6 17 10 5 4 9 10 9 9 9 12 6 14 
-18 13 8 15 -10 17 -18 -8 5 -6 3 -4 7 4 4 19 10 5 -17 16 
7 15 14 -8 10 15 18 18 19 19 19 17 9 11 0 2 -11 19 -14 -18 
-14 18 18 -7 0 15 -8 -11 9 -2 16 -14 -19 -4 15 2 15 2 8 6 
6 8 2 15 2 15 -4 -19 -14 16 -2 9 -11 -8 15 0 -7 18 18 -14 
-18 -14 19 -11 2 0 11 9 17 19 19 19 18 18 15 10 -8 14 15 7 
16 -17 5 10 19 4 4 7 -4 3 -6 5 -8 -18 17 -10 15 8 13 -18 
14 6 12 9 9 9 10 9 4 5 10 17 6 3 9 2 -8 12 16 9 
12 5 -5 11 -5 15 4 2 10 11 -3 -5 3 14 -11 19 12 -14 3 19 
5 7 17 16 8 17 17 4 13 5 19 -11 3 18 4 11 19 3 -5 1 
-1 19 13 9 13 2 16 5 7 8 0 5 -4 13 13 10 4 -9 14 6 
7 -1 8 19 -9 18 19 1 -11 13 15 0 13 18 14 19 8 10 14 3 
11 -1 1 -9 4 16 0 17 1 3 6 12 11 14 5 19 2 18 6 -11 
13 6 5 14 10 10 3 -8 1 10 14 19 -9 19 0 -19 4 7 -4 4 
30
1
12 13
7 6
0
0
