20 20
24 -12 26 9 6 20 9 12 24 14 7 10 21 3 7 5 25 -18 25 20 
13 23 5 1 14 15 18 23 -10 19 18 -11 4 6 2 20 7 -26 14 18 
-24 11 -4 -16 0 13 8 17 -13 20 25 -20 -24 9 8 5 1 16 5 14 
-10 -26 18 21 11 5 -22 -22 2 12 15 -19 20 15 6 22 6 26 16 13 
-10 24 3 12 -21 -9 11 -18 11 8 24 21 3 24 -4 -20 16 -1 -4 11 
16 -24 1 2 4 -11 18 8 -21 7 21 15 7 -19 23 -13 16 2 18 9 
5 13 -20 -11 17 24 11 2 5 2 23 15 -6 5 15 -8 2 0 5 8 
25 11 -18 -9 8 7 20 20 14 24 -22 16 -17 24 22 -13 -12 17 26 17 
16 0 14 5 -1 26 19 4 4 18 2 3 16 16 -18 2 6 17 17 8 
-17 -24 -22 3 -18 10 17 8 -19 15 26 -7 15 17 21 5 4 -8 23 20 
20 23 -8 4 5 21 17 15 -7 26 15 -19 8 17 10 -18 3 -22 -24 -17 
8 17 17 6 2 -18 16 16 3 2 18 4 4 19 26 -1 5 14 0 16 
17 26 17 -12 -13 22 24 -17 16 -22 24 14 20 20 7 8 -9 -18 11 25 
8 5 0 2 -8 15 5 -6 15 23 2 5 2 11 24 17 -11 -20 13 5 
9 18 2 16 -13 23 -19 7 15 21 7 -21 8 18 -11 4 2 1 -24 16 
11 -4 -1 16 -20 -4 24 3 21 24 8 11 -18 11 -9 -21 12 3 24 -10 
13 16 26 6 22 6 15 20 -19 15 12 2 -22 -22 5 11 21 18 -26 -10 
14 5 16 1 5 8 9 -24 -20 25 20 -13 17 8 13 0 -16 -4 11 -24 
18 14 -26 7 20 2 6 4 -11 18 19 -10 23 18 15 14 1 5 23 13 
20 25 -18 25 5 7 3 21 10 7 14 24 12 9 20 6 9 26 -12 24 
30
1
13 5
6 14
0
0
