20 20
12 5 9 3 1 3 4 11 12 13 3 4 3 -16 9 -5 11 3 16 10 
8 4 10 -16 15 3 8 16 1 3 5 6 -13 9 15 16 6 16 6 4 
2 4 13 10 -16 13 -1 13 3 0 14 3 -11 1 15 -5 7 -2 -3 8 
10 15 9 -5 -4 6 -4 15 16 4 3 -6 4 1 9 -8 16 -6 -15 0 
-3 15 -9 8 0 -1 7 10 3 12 14 -9 4 -12 9 14 13 -1 3 6 
14 1 -4 14 3 14 -3 16 12 -12 9 9 7 13 -16 13 13 1 7 1 
3 9 10 11 -15 0 12 16 9 0 13 6 1 -3 14 15 9 5 15 -3 
10 14 3 1 -7 9 11 7 -4 7 14 7 16 8 16 -10 -4 10 -8 14 
1 -12 3 10 6 0 12 15 0 10 4 0 5 14 5 -4 9 10 16 -13 
1 10 1 1 14 11 6 3 -1 2 -8 11 13 4 15 -2 3 10 16 5 
5 16 10 3 -2 15 4 13 11 -8 2 -1 3 6 11 14 1 1 10 1 
-13 16 10 9 -4 5 14 5 0 4 10 0 15 12 0 6 10 3 -12 1 
14 -8 10 -4 -10 16 8 16 7 14 7 -4 7 11 9 -7 1 3 14 10 
-3 15 5 9 15 14 -3 1 6 13 0 9 16 12 0 -15 11 10 9 3 
1 7 1 13 13 -16 13 7 9 9 -12 12 16 -3 14 3 14 -4 1 14 
6 3 -1 13 14 9 -12 4 -9 14 12 3 10 7 -1 0 8 -9 15 -3 
0 -15 -6 16 -8 9 1 4 -6 3 4 16 15 -4 6 -4 -5 9 15 10 
8 -3 -2 7 -5 15 1 -11 3 14 0 3 13 -1 13 -16 10 13 4 2 
4 6 16 6 16 15 9 -13 6 5 3 1 16 8 3 15 -16 10 4 8 
10 16 3 11 -5 9 -16 3 4 3 13 12 11 4 3 1 3 9 5 12 
30
1
13 4
6 15
0
0
