20 20
11 25 -1 12 13 19 15 18 13 -10 -25 13 6 13 5 24 19 -15 13 2 
8 -2 19 3 -15 21 -15 -25 14 -16 14 11 -17 19 -21 22 -22 -24 16 0 
-13 -17 9 -20 23 0 24 4 -8 2 8 22 10 19 10 19 8 7 10 -7 
7 7 4 9 22 -9 5 24 23 -25 24 23 25 9 18 6 -3 -8 21 14 
13 6 10 9 8 -15 7 23 23 21 20 9 3 19 6 15 -13 -12 4 8 
12 21 3 -24 14 -8 9 -11 25 20 18 0 -16 19 -23 6 -14 -3 -24 2 
9 1 -3 15 -18 3 23 25 16 1 -15 12 -14 11 -15 -2 12 17 6 21 
8 14 23 15 -19 10 10 9 -22 6 2 18 -16 24 -11 8 -8 12 1 11 
16 20 -4 -23 25 -5 -21 14 -2 13 14 20 -24 25 -20 14 17 -10 -1 -8 
14 22 25 -11 -5 -24 8 2 -22 -21 13 0 -2 3 2 -6 -11 7 24 10 
10 24 7 -11 -6 2 3 -2 0 13 -21 -22 2 8 -24 -5 -11 25 22 14 
-8 -1 -10 17 14 -20 25 -24 20 14 13 -2 14 -21 -5 25 -23 -4 20 16 
11 1 12 -8 8 -11 24 -16 18 2 6 -22 9 10 10 -19 15 23 14 8 
21 6 17 12 -2 -15 11 -14 12 -15 1 16 25 23 3 -18 15 -3 1 9 
2 -24 -3 -14 6 -23 19 -16 0 18 20 25 -11 9 -8 14 -24 3 21 12 
8 4 -12 -13 15 6 19 3 9 20 21 23 23 7 -15 8 9 10 6 13 
14 21 -8 -3 6 18 9 25 23 24 -25 23 24 5 -9 22 9 4 7 7 
-7 10 7 8 19 10 19 10 22 8 2 -8 4 24 0 23 -20 9 -17 -13 
0 16 -24 -22 22 -21 19 -17 11 14 -16 14 -25 -15 21 -15 3 19 -2 8 
2 13 -15 19 24 5 13 6 13 -25 -10 13 18 15 19 13 12 -1 25 11 
30
1
13 14
6 5
0
0
