20 20
1 3 1 9 5 -4 0 3 -3 8 6 9 8 -5 -6 -7 -6 -1 1 7 
11 6 4 11 -8 2 11 7 -4 -2 4 5 4 5 7 1 4 -2 2 2 
11 11 11 3 7 1 2 4 3 -8 -6 -11 11 4 6 -1 4 1 5 -4 
9 -10 -4 8 3 -10 11 10 6 3 8 -9 9 0 0 4 4 8 6 5 
9 7 -5 5 6 5 1 7 6 9 3 0 9 7 2 1 1 9 11 -4 
11 8 10 -8 4 -8 -11 7 4 3 -3 5 9 8 10 1 11 -2 5 -8 
-7 11 2 -11 10 -9 1 9 3 8 0 4 4 11 9 9 4 -5 7 6 
9 8 -6 -10 9 -2 3 -11 4 11 -10 11 8 -8 5 11 1 3 7 10 
8 11 -5 -5 11 8 10 9 11 -11 2 10 7 -8 10 4 4 5 9 1 
10 8 9 10 -7 -8 11 -4 1 -4 -3 -1 3 2 1 11 3 2 6 5 
5 6 2 3 11 1 2 3 -1 -3 -4 1 -4 11 -8 -7 10 9 8 10 
1 9 5 4 4 10 -8 7 10 2 -11 11 9 10 8 11 -5 -5 11 8 
10 7 3 1 11 5 -8 8 11 -10 11 4 -11 3 -2 9 -10 -6 8 9 
6 7 -5 4 9 9 11 4 4 0 8 3 9 1 -9 10 -11 2 11 -7 
-8 5 -2 11 1 10 8 9 5 -3 3 4 7 -11 -8 4 -8 10 8 11 
-4 11 9 1 1 2 7 9 0 3 9 6 7 1 5 6 5 -5 7 9 
5 6 8 4 4 0 0 9 -9 8 3 6 10 11 -10 3 8 -4 -10 9 
-4 5 1 4 -1 6 4 11 -11 -6 -8 3 4 2 1 7 3 11 11 11 
2 2 -2 4 1 7 5 4 5 4 -2 -4 7 11 2 -8 11 4 6 11 
7 1 -1 -6 -7 -6 -5 8 9 6 8 -3 3 0 -4 5 9 1 3 1 
30
1
11 10
8 9
0
0
