20 20
1 10 11 6 2 1 12 11 11 12 -4 7 10 -6 11 14 8 2 8 -9 
9 10 14 12 13 4 -8 12 8 8 4 -10 3 1 7 -12 -7 -4 13 6 
-9 -9 5 6 -9 7 -12 12 -7 7 11 11 14 0 10 10 2 1 14 1 
7 9 -12 13 5 9 7 5 14 14 0 7 -14 -14 -11 6 12 2 13 3 
4 0 12 6 7 2 1 13 5 -10 9 2 10 5 -11 5 -12 11 8 12 
4 -8 13 2 10 8 10 1 -13 1 -12 1 10 10 -1 -8 -10 8 5 9 
5 6 14 5 11 -4 14 -12 9 8 7 8 6 14 14 -2 11 14 12 -4 
-9 5 13 2 7 2 4 13 -14 4 5 -7 -9 2 9 -12 7 3 1 2 
5 6 4 12 9 -9 5 14 -9 0 6 -9 7 4 0 6 13 -3 13 3 
-11 9 3 -2 3 0 -9 6 4 4 -8 9 8 9 5 5 12 7 4 12 
12 4 7 12 5 5 9 8 9 -8 4 4 6 -9 0 3 -2 3 9 -11 
3 13 -3 13 6 0 4 7 -9 6 0 -9 14 5 -9 9 12 4 6 5 
2 1 3 7 -12 9 2 -9 -7 5 4 -14 13 4 2 7 2 13 5 -9 
-4 12 14 11 -2 14 14 6 8 7 8 9 -12 14 -4 11 5 14 6 5 
9 5 8 -10 -8 -1 10 10 1 -12 1 -13 1 10 8 10 2 13 -8 4 
12 8 11 -12 5 -11 5 10 2 9 -10 5 13 1 2 7 6 12 0 4 
3 13 2 12 6 -11 -14 -14 7 0 14 14 5 7 9 5 13 -12 9 7 
1 14 1 2 10 10 0 14 11 11 7 -7 12 -12 7 -9 6 5 -9 -9 
6 13 -4 -7 -12 7 1 3 -10 4 8 8 12 -8 4 13 12 14 10 9 
-9 8 2 8 14 11 -6 10 7 -4 12 11 11 12 1 2 6 11 10 1 
30
1
0 1
19 18
0
0
