20 20
3 -4 20 16 -16 -2 -23 14 -16 -26 9 6 10 -5 -17 15 7 -11 17 -12 
4 8 -17 19 27 -25 11 -20 -20 15 18 -17 25 11 25 1 14 0 20 -16 
14 -14 5 15 25 11 22 20 21 11 -22 -17 -24 16 4 -1 -9 9 -27 -8 
-24 0 -13 26 26 21 20 25 9 17 10 -26 11 11 -26 7 -3 25 5 14 
18 11 -2 9 1 -23 27 22 24 27 21 -25 22 -10 -14 4 -16 13 8 -24 
-18 7 8 2 12 24 0 -27 -18 12 16 26 13 14 -4 12 16 3 19 15 
0 23 -13 -11 0 24 4 11 7 -16 -20 20 -23 17 15 24 1 12 -12 27 
-6 -22 8 22 -14 9 13 -11 23 21 -4 27 26 3 21 4 -26 0 1 12 
26 20 -24 7 26 8 26 1 -18 -14 21 10 1 14 4 19 24 -19 26 -15 
14 2 -24 16 -23 14 20 -17 -11 19 18 10 3 -2 23 -10 1 25 -21 -9 
-9 -21 25 1 -10 23 -2 3 10 18 19 -11 -17 20 14 -23 16 -24 2 14 
-15 26 -19 24 19 4 14 1 10 21 -14 -18 1 26 8 26 7 -24 20 26 
12 1 0 -26 4 21 3 26 27 -4 21 23 -11 13 9 -14 22 8 -22 -6 
27 -12 12 1 24 15 17 -23 20 -20 -16 7 11 4 24 0 -11 -13 23 0 
15 19 3 16 12 -4 14 13 26 16 12 -18 -27 0 24 12 2 8 7 -18 
-24 8 13 -16 4 -14 -10 22 -25 21 27 24 22 27 -23 1 9 -2 11 18 
14 5 25 -3 7 -26 11 11 -26 10 17 9 25 20 21 26 26 -13 0 -24 
-8 -27 9 -9 -1 4 16 -24 -17 -22 11 21 20 22 11 25 15 5 -14 14 
-16 20 0 14 1 25 11 25 -17 18 15 -20 -20 11 -25 27 19 -17 8 4 
-12 17 -11 7 15 -17 -5 10 6 9 -26 -16 14 -23 -2 -16 16 20 -4 3 
30
1
8 19
11 0
0
0
