20 20
8 8 3 8 3 6 10 1 -10 1 -10 -2 2 2 3 6 11 1 8 11 
-10 0 0 5 4 -7 6 8 3 5 4 5 3 -11 9 5 8 1 9 11 
-3 11 1 -9 1 3 11 -5 7 -9 -6 8 8 -1 10 1 9 9 9 9 
11 9 -7 9 9 2 8 8 2 -9 -7 1 8 7 8 7 9 3 2 -5 
-4 6 10 10 -2 6 -8 7 1 10 3 -9 9 4 3 1 -6 7 2 -7 
1 5 8 6 0 6 6 6 2 -1 10 1 0 -11 -6 10 1 1 11 2 
-2 2 9 6 7 1 -1 11 8 10 2 9 1 -8 7 10 6 -7 4 3 
-2 6 3 -4 6 2 9 7 -6 11 5 -3 6 -5 2 4 7 7 0 -6 
10 6 9 -8 -5 -2 11 -1 -5 -9 -7 1 5 -8 3 4 5 6 7 9 
4 2 8 10 9 -10 10 7 0 -4 7 2 4 1 11 -10 4 4 7 -4 
-4 7 4 4 -10 11 1 4 2 7 -4 0 7 10 -10 9 10 8 2 4 
9 7 6 5 4 3 -8 5 1 -7 -9 -5 -1 11 -2 -5 -8 9 6 10 
-6 0 7 7 4 2 -5 6 -3 5 11 -6 7 9 2 6 -4 3 6 -2 
3 4 -7 6 10 7 -8 1 9 2 10 8 11 -1 1 7 6 9 2 -2 
2 11 1 1 10 -6 -11 0 1 10 -1 2 6 6 6 0 6 8 5 1 
-7 2 7 -6 1 3 4 9 -9 3 10 1 7 -8 6 -2 10 10 6 -4 
-5 2 3 9 7 8 7 8 1 -7 -9 2 8 8 2 9 9 -7 9 11 
9 9 9 9 1 10 -1 8 8 -6 -9 7 -5 11 3 1 -9 1 11 -3 
11 9 1 8 5 9 -11 3 5 4 5 3 8 6 -7 4 5 0 0 -10 
11 8 1 11 6 3 2 2 -2 -10 1 -10 1 10 6 3 8 3 8 8 
30
1
5 19
14 0
0
0
