20 20
8 -10 1 -6 2 10 8 13 -2 3 11 4 9 -3 9 8 6 13 13 2 
6 11 0 13 5 -7 13 -7 -8 10 6 4 -13 2 3 11 -1 10 -12 12 
-11 -7 1 6 -12 11 8 -2 3 11 -7 9 -1 12 1 6 5 9 -4 -4 
-7 8 12 1 -8 12 -1 7 3 4 -10 10 -2 7 13 6 -4 -7 4 -9 
10 6 -12 10 8 4 6 4 7 9 12 1 -10 12 10 -6 -11 13 10 -12 
6 0 2 -3 -2 -13 9 -11 8 3 12 12 4 3 8 2 -2 1 7 3 
12 6 -4 13 11 6 2 7 -6 -10 2 2 -11 11 4 -13 4 2 9 12 
-2 -4 -13 9 5 3 13 3 7 5 6 -7 11 -13 -11 -2 -10 10 6 3 
-5 7 13 -11 9 8 2 -1 -6 7 -7 1 7 9 5 8 13 9 -5 13 
4 3 13 8 6 9 5 2 8 8 10 7 0 8 1 12 6 2 13 1 
1 13 2 6 12 1 8 0 7 10 8 8 2 5 9 6 8 13 3 4 
13 -5 9 13 8 5 9 7 1 -7 7 -6 -1 2 8 9 -11 13 7 -5 
3 6 10 -10 -2 -11 -13 11 -7 6 5 7 3 13 3 5 9 -13 -4 -2 
12 9 2 4 -13 4 11 -11 2 2 -10 -6 7 2 6 11 13 -4 6 12 
3 7 1 -2 2 8 3 4 12 12 3 8 -11 9 -13 -2 -3 2 0 6 
-12 10 13 -11 -6 10 12 -10 1 12 9 7 4 6 4 8 10 -12 6 10 
-9 4 -7 -4 6 13 7 -2 10 -10 4 3 7 -1 12 -8 1 12 8 -7 
-4 -4 9 5 6 1 12 -1 9 -7 11 3 -2 8 11 -12 6 1 -7 -11 
12 -12 10 -1 11 3 2 -13 4 6 10 -8 -7 13 -7 5 13 0 11 6 
2 13 13 6 8 9 -3 9 4 11 3 -2 13 8 10 2 -6 1 -10 8 
30
1
9 14
10 5
0
0
