20 20
-5 3 17 25 0 12 -4 14 -1 -6 2 -26 1 26 14 21 -5 22 18 24 
22 8 13 22 -16 -14 13 11 -19 9 9 20 7 16 18 19 -4 9 26 -21 
10 -5 -11 10 -18 -7 11 23 25 -9 -21 14 5 25 -26 7 9 13 20 2 
6 19 4 -6 11 26 -3 0 0 2 -6 11 14 4 26 -22 26 19 1 1 
-7 7 4 12 -10 19 22 3 0 -18 3 25 22 8 3 26 -14 6 16 -14 
-11 2 -9 16 3 9 25 0 23 3 25 25 21 -21 10 -13 10 7 6 6 
9 4 23 13 26 25 0 -20 19 -1 -2 16 -26 5 10 15 12 -6 -18 10 
-10 20 4 20 -1 26 12 25 14 20 -5 2 7 0 21 14 3 2 6 18 
2 19 -12 21 4 10 23 15 -21 11 -19 17 17 -14 20 11 0 0 14 6 
4 -22 26 12 26 21 23 20 6 13 6 15 17 2 18 7 8 17 5 23 
23 5 17 8 7 18 2 17 15 6 13 6 20 23 21 26 12 26 -22 4 
6 14 0 0 11 20 -14 17 17 -19 11 -21 15 23 10 4 21 -12 19 2 
18 6 2 3 14 21 0 7 2 -5 20 14 25 12 26 -1 20 4 20 -10 
10 -18 -6 12 15 10 5 -26 16 -2 -1 19 -20 0 25 26 13 23 4 9 
6 6 7 10 -13 10 -21 21 25 25 3 23 0 25 9 3 16 -9 2 -11 
-14 16 6 -14 26 3 8 22 25 3 -18 0 3 22 19 -10 12 4 7 -7 
1 1 19 26 -22 26 4 14 11 -6 2 0 0 -3 26 11 -6 4 19 6 
2 20 13 9 7 -26 25 5 14 -21 -9 25 23 11 -7 -18 10 -11 -5 10 
-21 26 9 -4 19 18 16 7 20 9 9 -19 11 13 -14 -16 22 13 8 22 
24 18 22 -5 21 14 26 1 -26 2 -6 -1 14 -4 12 0 25 17 3 -5 
30
1
18 19
1 0
0
0
