20 20
-14 15 11 -10 7 -4 15 14 8 18 5 -9 8 17 11 -5 10 12 -6 15 
6 -15 10 18 -14 -8 3 17 19 0 -5 8 19 18 10 6 -15 9 16 7 
12 7 -16 10 5 15 7 2 9 -9 19 0 14 15 5 8 6 -14 14 3 
-4 18 1 3 -5 -3 -7 19 13 12 -4 4 10 -13 7 5 17 6 -15 12 
-3 -19 4 -2 -5 -12 19 -2 19 13 7 2 15 -9 11 15 3 12 18 0 
17 -1 -17 19 8 7 0 -13 -6 1 8 5 4 -3 1 1 17 8 18 1 
2 -18 -19 -3 -9 11 19 8 14 12 7 10 6 10 -2 -17 -8 18 19 0 
11 4 19 5 -3 10 18 -2 8 14 16 -11 -1 -9 13 13 7 8 16 9 
12 16 14 12 3 9 11 9 17 15 1 11 2 8 3 15 16 2 1 1 
-5 0 -12 13 18 7 5 5 -10 -9 9 14 7 6 5 -14 3 -14 19 15 
15 19 -14 3 -14 5 6 7 14 9 -9 -10 5 5 7 18 13 -12 0 -5 
1 1 2 16 15 3 8 2 11 1 15 17 9 11 9 3 12 14 16 12 
9 16 8 7 13 13 -9 -1 -11 16 14 8 -2 18 10 -3 5 19 4 11 
0 19 18 -8 -17 -2 10 6 10 7 12 14 8 19 11 -9 -3 -19 -18 2 
1 18 8 17 1 1 -3 4 5 8 1 -6 -13 0 7 8 19 -17 -1 17 
0 18 12 3 15 11 -9 15 2 7 13 19 -2 19 -12 -5 -2 4 -19 -3 
12 -15 6 17 5 7 -13 10 4 -4 12 13 19 -7 -3 -5 3 1 18 -4 
3 14 -14 6 8 5 15 14 0 19 -9 9 2 7 15 5 10 -16 7 12 
7 16 9 -15 6 10 18 19 8 -5 0 19 17 3 -8 -14 18 10 -15 6 
15 -6 12 10 -5 11 17 8 -9 5 18 8 14 15 -4 7 -10 11 15 -14 
30
1
16 6
3 13
0
0
