20 20
16 2 26 -7 19 -18 20 -27 10 4 11 18 27 3 -15 11 6 21 -16 24 
9 -11 16 28 -4 -23 2 14 -21 18 -6 10 3 5 -20 10 7 24 0 23 
-6 4 -11 28 10 1 18 23 28 -10 8 3 17 4 -11 -4 -13 9 28 -27 
19 10 18 -2 1 10 7 18 8 20 9 10 19 18 -11 10 -7 -1 -10 5 
6 -16 18 3 3 23 -25 8 -15 28 9 18 13 4 28 -16 12 14 25 -10 
25 -8 18 3 9 -10 3 11 18 1 14 -2 7 -5 -27 17 -2 2 4 6 
14 11 23 6 2 24 28 2 21 6 28 10 -10 -18 17 4 14 2 10 11 
18 -21 25 18 -10 5 -22 13 27 7 2 21 -3 24 19 -18 20 20 8 6 
23 19 23 22 5 -12 28 11 -16 23 28 5 18 18 5 -19 -9 20 -12 15 
-20 24 12 18 19 19 11 2 25 20 15 -12 22 21 1 -13 25 -27 4 6 
6 4 -27 25 -13 1 21 22 -12 15 20 25 2 11 19 19 18 12 24 -20 
15 -12 20 -9 -19 5 18 18 5 28 23 -16 11 28 -12 5 22 23 19 23 
6 8 20 20 -18 19 24 -3 21 2 7 27 13 -22 5 -10 18 25 -21 18 
11 10 2 14 4 17 -18 -10 10 28 6 21 2 28 24 2 6 23 11 14 
6 4 2 -2 17 -27 -5 7 -2 14 1 18 11 3 -10 9 3 18 -8 25 
-10 25 14 12 -16 28 4 13 18 9 28 -15 8 -25 23 3 3 18 -16 6 
5 -10 -1 -7 10 -11 18 19 10 9 20 8 18 7 10 1 -2 18 10 19 
-27 28 9 -13 -4 -11 4 17 3 8 -10 28 23 18 1 10 28 -11 4 -6 
23 0 24 7 10 -20 5 3 10 -6 18 -21 14 2 -23 -4 28 16 -11 9 
24 -16 21 6 11 -15 3 27 18 11 4 10 -27 20 -18 19 -7 26 2 16 
30
1
19 11
0 8
0
0
