20 20
13 19 9 9 15 14 8 12 19 5 9 20 1 6 2 3 7 16 -24 9 
-5 9 15 1 21 -1 21 3 -15 13 -20 14 18 3 0 3 -23 17 10 17 
0 13 -7 13 7 10 14 3 13 21 16 -10 24 -22 5 3 -15 24 2 6 
8 22 4 12 23 12 23 4 22 -20 23 -6 21 18 7 -7 23 1 5 7 
19 24 7 -16 -24 14 2 15 13 17 5 10 -21 5 23 -9 11 18 -13 20 
16 13 3 -18 7 16 23 11 13 -16 -8 -9 11 -2 -7 6 13 4 -4 21 
8 2 2 24 8 -15 -3 20 13 10 2 -21 17 11 19 18 -2 9 16 11 
1 21 11 19 5 0 -1 15 -17 2 -5 -2 10 21 18 19 2 18 10 15 
3 14 -21 9 22 22 21 22 10 10 -12 16 12 -20 17 7 3 8 11 -18 
-1 11 19 24 23 5 6 -11 3 7 13 -10 20 -10 18 -13 2 8 16 2 
2 16 8 2 -13 18 -10 20 -10 13 7 3 -11 6 5 23 24 19 11 -1 
-18 11 8 3 7 17 -20 12 16 -12 10 10 22 21 22 22 9 -21 14 3 
15 10 18 2 19 18 21 10 -2 -5 2 -17 15 -1 0 5 19 11 21 1 
11 16 9 -2 18 19 11 17 -21 2 10 13 20 -3 -15 8 24 2 2 8 
21 -4 4 13 6 -7 -2 11 -9 -8 -16 13 11 23 16 7 -18 3 13 16 
20 -13 18 11 -9 23 5 -21 10 5 17 13 15 2 14 -24 -16 7 24 19 
7 5 1 23 -7 7 18 21 -6 23 -20 22 4 23 12 23 12 4 22 8 
6 2 24 -15 3 5 -22 24 -10 16 21 13 3 14 10 7 13 -7 13 0 
17 10 17 -23 3 0 3 18 14 -20 13 -15 3 21 -1 21 1 15 9 -5 
9 -24 16 7 3 2 6 1 20 9 5 19 12 8 14 15 9 9 19 13 
30
1
5 17
14 2
0
0
