20 20
1 -8 17 11 15 -4 6 5 17 10 8 12 18 14 18 9 13 17 5 8 
11 15 10 11 16 6 2 -20 8 -11 5 11 7 -5 6 20 20 1 -8 8 
19 -16 -3 14 4 -6 13 -13 20 20 -2 15 0 2 -12 17 -10 17 4 20 
18 18 8 4 13 13 13 11 -6 7 8 18 -20 0 18 9 17 15 10 6 
20 13 -11 10 5 2 8 2 0 2 2 -12 15 10 17 0 20 18 11 19 
13 13 4 -15 16 -15 12 16 -8 -4 14 5 -3 6 -17 11 -18 11 6 10 
9 1 17 10 17 10 -3 6 12 19 10 2 19 17 -7 3 13 -8 -9 13 
-10 1 19 17 10 15 18 7 11 -3 16 -3 -4 17 12 15 19 -5 12 8 
1 10 19 12 13 13 -2 20 3 1 1 -16 4 -6 -12 -5 7 19 11 3 
7 0 14 8 -12 2 7 19 4 -1 5 6 2 8 -17 -4 18 19 1 6 
6 1 19 18 -4 -17 8 2 6 5 -1 4 19 7 2 -12 8 14 0 7 
3 11 19 7 -5 -12 -6 4 -16 1 1 3 20 -2 13 13 12 19 10 1 
8 12 -5 19 15 12 17 -4 -3 16 -3 11 7 18 15 10 17 19 1 -10 
13 -9 -8 13 3 -7 17 19 2 10 19 12 6 -3 10 17 10 17 1 9 
10 6 11 -18 11 -17 6 -3 5 14 -4 -8 16 12 -15 16 -15 4 13 13 
19 11 18 20 0 17 10 15 -12 2 2 0 2 8 2 5 10 -11 13 20 
6 10 15 17 9 18 0 -20 18 8 7 -6 11 13 13 13 4 8 18 18 
20 4 17 -10 17 -12 2 0 15 -2 20 20 -13 13 -6 4 14 -3 -16 19 
8 -8 1 20 20 6 -5 7 11 5 -11 8 -20 2 6 16 11 10 15 11 
8 5 17 13 9 18 14 18 12 8 10 17 5 6 -4 15 11 17 -8 1 
30
1
2 15
17 4
0
0
