20 20
15 25 7 8 -7 25 26 21 5 -2 15 4 24 12 1 9 9 -10 -8 15 
5 -11 19 4 2 11 -15 -6 -17 12 17 -1 8 13 25 9 -25 3 21 3 
20 4 24 26 22 26 23 -6 18 2 -13 2 7 -17 22 26 21 -23 26 9 
-2 1 12 27 -16 11 27 24 8 0 0 5 26 17 5 18 -14 7 22 26 
4 -1 -7 -2 -4 21 9 12 -25 -9 8 2 7 -13 11 4 7 18 4 2 
-7 23 6 5 25 27 27 7 22 -24 3 -26 -26 0 2 13 23 27 9 -5 
-19 23 9 16 15 17 -8 23 11 11 10 12 13 23 15 19 26 14 11 23 
26 19 -24 -6 -6 17 20 4 24 17 1 -2 0 -24 -16 24 -12 26 10 10 
17 16 -10 23 2 -10 8 2 23 19 9 8 15 21 13 -24 -16 10 16 24 
2 12 8 11 19 22 5 2 7 20 18 21 24 -20 16 10 27 8 19 -24 
-24 19 8 27 10 16 -20 24 21 18 20 7 2 5 22 19 11 8 12 2 
24 16 10 -16 -24 13 21 15 8 9 19 23 2 8 -10 2 23 -10 16 17 
10 10 26 -12 24 -16 -24 0 -2 1 17 24 4 20 17 -6 -6 -24 19 26 
23 11 14 26 19 15 23 13 12 10 11 11 23 -8 17 15 16 9 23 -19 
-5 9 27 23 13 2 0 -26 -26 3 -24 22 7 27 27 25 5 6 23 -7 
2 4 18 7 4 11 -13 7 2 8 -9 -25 12 9 21 -4 -2 -7 -1 4 
26 22 7 -14 18 5 17 26 5 0 0 8 24 27 11 -16 27 12 1 -2 
9 26 -23 21 26 22 -17 7 2 -13 2 18 -6 23 26 22 26 24 4 20 
3 21 3 -25 9 25 13 8 -1 17 12 -17 -6 -15 11 2 4 19 -11 5 
15 -8 -10 9 9 1 12 24 4 15 -2 5 21 26 25 -7 8 7 25 15 
30
1
6 19
13 0
0
0
