20 20
7 -5 -18 18 15 -20 10 4 14 17 13 -11 11 2 23 22 6 -1 -12 14 
22 0 22 -4 0 16 -15 -21 -3 -20 23 7 20 13 1 22 18 22 21 8 
6 -21 15 0 21 11 19 18 -18 6 9 -2 5 16 19 15 20 13 18 16 
9 11 7 11 4 -4 -7 15 15 14 4 9 5 17 -2 19 12 21 4 -22 
-7 -13 -11 8 17 7 24 18 21 -7 -6 -12 -6 -24 11 12 14 12 4 23 
-14 -23 3 16 11 24 -24 8 20 -4 17 4 -21 5 15 22 9 -5 -21 -23 
6 -21 24 12 11 19 12 21 13 0 3 13 9 -21 -23 6 1 19 0 6 
-16 14 6 20 19 4 -12 2 11 -6 -7 19 -17 21 -12 19 14 5 -23 12 
8 21 8 14 -2 24 7 3 18 9 -5 9 1 11 6 -13 11 -13 15 15 
20 22 6 19 0 21 24 24 -8 20 10 10 19 -9 7 1 24 -24 7 4 
4 7 -24 24 1 7 -9 19 10 10 20 -8 24 24 21 0 19 6 22 20 
15 15 -13 11 -13 6 11 1 9 -5 9 18 3 7 24 -2 14 8 21 8 
12 -23 5 14 19 -12 21 -17 19 -7 -6 11 2 -12 4 19 20 6 14 -16 
6 0 19 1 6 -23 -21 9 13 3 0 13 21 12 19 11 12 24 -21 6 
-23 -21 -5 9 22 15 5 -21 4 17 -4 20 8 -24 24 11 16 3 -23 -14 
23 4 12 14 12 11 -24 -6 -12 -6 -7 21 18 24 7 17 8 -11 -13 -7 
-22 4 21 12 19 -2 17 5 9 4 14 15 15 -7 -4 4 11 7 11 9 
16 18 13 20 15 19 16 5 -2 9 6 -18 18 19 11 21 0 15 -21 6 
8 21 22 18 22 1 13 20 7 23 -20 -3 -21 -15 16 0 -4 22 0 22 
14 -12 -1 6 22 23 2 11 -11 13 17 14 4 10 -20 15 18 -18 -5 7 
30
1
8 4
11 15
0
0
