20 20
6 6 27 10 28 3 3 30 9 19 0 13 -24 8 21 -21 -4 10 19 23 
13 26 -8 2 12 10 5 -17 -20 -12 14 -28 28 6 3 17 12 16 -4 2 
7 24 25 7 -25 9 14 25 12 30 3 23 7 21 21 2 20 7 12 12 
-19 -20 -21 -6 -17 -17 -8 10 2 -22 22 14 14 -27 27 30 -9 26 -21 17 
12 19 6 17 10 24 -8 30 25 14 30 28 5 24 11 26 4 24 -28 -14 
6 -28 13 27 28 -28 21 -17 13 15 26 2 -10 -24 -16 24 1 -13 9 11 
11 27 -25 28 -2 9 -6 -19 16 18 24 -29 4 -21 -9 26 17 4 15 12 
12 29 5 20 9 2 4 21 22 7 27 28 16 17 22 27 16 22 8 -28 
-26 14 20 23 -28 23 -17 8 2 3 27 5 9 13 13 -19 4 21 6 4 
19 1 19 14 -1 30 2 17 18 -17 22 -17 11 -12 7 14 5 19 22 7 
7 22 19 5 14 7 -12 11 -17 22 -17 18 17 2 30 -1 14 19 1 19 
4 6 21 4 -19 13 13 9 5 27 3 2 8 -17 23 -28 23 20 14 -26 
-28 8 22 16 27 22 17 16 28 27 7 22 21 4 2 9 20 5 29 12 
12 15 4 17 26 -9 -21 4 -29 24 18 16 -19 -6 9 -2 28 -25 27 11 
11 9 -13 1 24 -16 -24 -10 2 26 15 13 -17 21 -28 28 27 13 -28 6 
-14 -28 24 4 26 11 24 5 28 30 14 25 30 -8 24 10 17 6 19 12 
17 -21 26 -9 30 27 -27 14 14 22 -22 2 10 -8 -17 -17 -6 -21 -20 -19 
12 12 7 20 2 21 21 7 23 3 30 12 25 14 9 -25 7 25 24 7 
2 -4 16 12 17 3 6 28 -28 14 -12 -20 -17 5 10 12 2 -8 26 13 
23 19 10 -4 -21 21 8 -24 13 0 19 9 30 3 3 28 10 27 6 6 
30
1
4 19
15 0
0
0
