20 20
11 -2 13 11 -4 -6 -10 7 11 14 1 1 13 6 9 12 12 4 9 1 
2 14 8 11 -10 2 1 -10 0 -2 -10 -1 10 3 5 -11 -13 9 6 9 
12 0 -1 -6 8 -10 5 9 6 10 -1 11 -1 4 -3 -3 7 12 9 14 
-5 -7 6 -5 6 5 6 5 9 3 10 -7 -3 -6 -1 4 -4 4 -1 7 
-5 2 -10 4 -12 3 12 -12 14 12 3 -1 -11 9 2 6 14 6 2 8 
0 1 12 9 13 1 10 9 8 -11 -3 0 -5 -8 6 12 -2 -1 9 9 
13 1 -11 6 14 11 4 1 12 -6 12 1 10 5 6 1 -9 9 13 -11 
0 -2 6 -14 -14 11 3 6 -14 2 8 -5 5 5 -12 -6 -4 -11 4 -4 
-5 -5 12 0 14 11 2 14 9 7 13 2 4 0 4 3 2 9 14 12 
-11 -6 -9 3 -12 14 2 0 13 10 0 2 3 -2 5 9 9 5 11 10 
10 11 5 9 9 5 -2 3 2 0 10 13 0 2 14 -12 3 -9 -6 -11 
12 14 9 2 3 4 0 4 2 13 7 9 14 2 11 14 0 12 -5 -5 
-4 4 -11 -4 -6 -12 5 5 -5 8 2 -14 6 3 11 -14 -14 6 -2 0 
-11 13 9 -9 1 6 5 10 1 12 -6 12 1 4 11 14 6 -11 1 13 
9 9 -1 -2 12 6 -8 -5 0 -3 -11 8 9 10 1 13 9 12 1 0 
8 2 6 14 6 2 9 -11 -1 3 12 14 -12 12 3 -12 4 -10 2 -5 
7 -1 4 -4 4 -1 -6 -3 -7 10 3 9 5 6 5 6 -5 6 -7 -5 
14 9 12 7 -3 -3 4 -1 11 -1 10 6 9 5 -10 8 -6 -1 0 12 
9 6 9 -13 -11 5 3 10 -1 -10 -2 0 -10 1 2 -10 11 8 14 2 
1 9 4 12 12 9 6 13 1 1 14 11 7 -10 -6 -4 11 13 -2 11 
30
1
18 2
1 17
0
0
