20 20
16 8 10 -1 16 11 23 -4 -5 13 19 -10 3 30 27 16 5 -8 15 15 
3 -4 -8 21 -3 25 -19 27 -19 -16 7 -15 -8 25 8 17 -25 1 -1 6 
24 2 30 26 29 13 22 5 23 17 -10 17 8 25 15 -17 28 12 8 10 
7 26 6 1 -30 11 -3 26 -12 10 -26 -6 -17 -30 5 9 20 20 20 13 
-19 0 7 20 17 7 -2 30 16 5 -8 21 8 17 11 14 22 23 13 28 
-8 11 6 16 10 7 24 16 16 1 3 21 20 -7 -21 18 24 -20 12 30 
22 17 -11 19 20 11 22 2 30 -19 16 4 23 7 16 9 11 25 -25 22 
24 3 18 -15 4 18 14 8 12 5 0 17 30 9 5 -9 27 13 27 21 
20 18 25 18 14 -2 19 26 9 22 27 -10 10 22 20 -12 -16 29 18 30 
19 8 22 29 7 -25 10 3 24 9 17 -9 18 -2 1 29 -3 -11 -14 11 
11 -14 -11 -3 29 1 -2 18 -9 17 9 24 3 10 -25 7 29 22 8 19 
30 18 29 -16 -12 20 22 10 -10 27 22 9 26 19 -2 14 18 25 18 20 
21 27 13 27 -9 5 9 30 17 0 5 12 8 14 18 4 -15 18 3 24 
22 -25 25 11 9 16 7 23 4 16 -19 30 2 22 11 20 19 -11 17 22 
30 12 -20 24 18 -21 -7 20 21 3 1 16 16 24 7 10 16 6 11 -8 
28 13 23 22 14 11 17 8 21 -8 5 16 30 -2 7 17 20 7 0 -19 
13 20 20 20 9 5 -30 -17 -6 -26 10 -12 26 -3 11 -30 1 6 26 7 
10 8 12 28 -17 15 25 8 17 -10 17 23 5 22 13 29 26 30 2 24 
6 -1 1 -25 17 8 25 -8 -15 7 -16 -19 27 -19 25 -3 21 -8 -4 3 
15 15 -8 5 16 27 30 3 -10 19 13 -5 -4 23 11 16 -1 10 8 16 
30
1
18 12
1 7
0
0
