20 20
12 7 12 1 -24 -13 4 12 22 7 5 15 4 -17 -27 19 24 20 8 16 
28 24 -22 -4 27 1 21 18 -25 -16 3 -20 1 14 -9 -16 26 10 29 18 
23 -25 29 27 13 15 2 3 20 -6 -8 16 -19 7 28 5 26 12 6 -23 
22 -20 14 -23 16 -1 -11 2 19 22 10 27 -8 -23 27 -24 -21 7 13 -11 
16 4 -21 17 -24 -20 -19 21 23 18 26 22 16 29 11 -29 -3 -25 24 24 
17 17 -15 6 16 -27 7 -23 26 -9 -18 0 -27 17 13 17 11 22 26 -8 
15 1 -4 17 -8 24 22 -18 29 1 3 -8 9 -7 11 -21 13 -14 4 3 
2 7 5 7 6 14 16 -3 27 -21 -15 2 17 26 -17 19 11 17 14 21 
29 27 1 11 10 -22 23 14 8 25 29 13 17 20 12 4 10 2 25 8 
1 8 15 -27 16 18 15 11 -25 18 10 1 11 9 8 19 0 15 14 8 
8 14 15 0 19 8 9 11 1 10 18 -25 11 15 18 16 -27 15 8 1 
8 25 2 10 4 12 20 17 13 29 25 8 14 23 -22 10 11 1 27 29 
21 14 17 11 19 -17 26 17 2 -15 -21 27 -3 16 14 6 7 5 7 2 
3 4 -14 13 -21 11 -7 9 -8 3 1 29 -18 22 24 -8 17 -4 1 15 
-8 26 22 11 17 13 17 -27 0 -18 -9 26 -23 7 -27 16 6 -15 17 17 
24 24 -25 -3 -29 11 29 16 22 26 18 23 21 -19 -20 -24 17 -21 4 16 
-11 13 7 -21 -24 27 -23 -8 27 10 22 19 2 -11 -1 16 -23 14 -20 22 
-23 6 12 26 5 28 7 -19 16 -8 -6 20 3 2 15 13 27 29 -25 23 
18 29 10 26 -16 -9 14 1 -20 3 -16 -25 18 21 1 27 -4 -22 24 28 
16 8 20 24 19 -27 -17 4 15 5 7 22 12 4 -13 -24 1 12 7 12 
30
1
11 17
8 2
0
0
