20 20
14 8 9 11 10 1 8 13 14 14 9 1 3 -13 11 -10 3 3 6 -1 
-8 -13 5 3 3 -13 7 10 14 12 10 0 9 -5 0 3 0 10 14 -9 
6 -4 9 9 7 11 -6 -7 2 2 3 1 1 3 3 9 2 -4 9 -12 
-6 -5 13 13 -12 -10 -13 5 -10 -11 1 -12 10 -3 4 2 -1 -4 3 9 
5 7 9 3 3 13 10 9 -1 11 -11 1 -12 13 14 14 8 14 13 12 
13 9 6 11 5 13 -7 4 -6 1 10 12 6 5 -1 11 9 11 8 10 
-8 12 0 6 4 10 2 12 -7 7 8 -10 3 12 7 -7 -13 -10 2 7 
4 7 0 11 0 10 5 3 11 -6 9 -11 8 13 10 7 6 8 5 2 
1 8 -11 10 7 11 2 1 1 14 7 -8 7 7 6 4 11 12 12 -12 
0 -5 -9 5 4 11 1 -8 7 9 12 9 -3 12 -12 13 -13 6 8 -8 
-8 8 6 -13 13 -12 12 -3 9 12 9 7 -8 1 11 4 5 -9 -5 0 
-12 12 12 11 4 6 7 7 -8 7 14 1 1 2 11 7 10 -11 8 1 
2 5 8 6 7 10 13 8 -11 9 -6 11 3 5 10 0 11 0 7 4 
7 2 -10 -13 -7 7 12 3 -10 8 7 -7 12 2 10 4 6 0 12 -8 
10 8 11 9 11 -1 5 6 12 10 1 -6 4 -7 13 5 11 6 9 13 
12 13 14 8 14 14 13 -12 1 -11 11 -1 9 10 13 3 3 9 7 5 
9 3 -4 -1 2 4 -3 10 -12 1 -11 -10 5 -13 -10 -12 13 13 -5 -6 
-12 9 -4 2 9 3 3 1 1 3 2 2 -7 -6 11 7 9 9 -4 6 
-9 14 10 0 3 0 -5 9 0 10 12 14 10 7 -13 3 3 5 -13 -8 
-1 6 3 3 -10 11 -13 3 1 9 14 14 13 8 1 10 11 9 8 14 
30
1
7 4
12 15
0
0
