20 20
-3 8 11 6 -9 4 5 18 9 8 -7 -13 -4 5 -8 18 19 -19 16 3 
-19 6 14 8 12 -15 4 15 4 -20 10 3 19 11 16 5 8 12 -8 -3 
11 -5 -5 11 20 -8 13 -11 11 11 6 -2 4 0 13 14 20 -13 10 -20 
-20 -6 9 4 -10 -14 -4 13 -13 -3 16 -19 20 3 -1 11 1 13 11 14 
19 13 13 -19 8 -3 -3 12 19 9 9 -6 16 13 1 17 13 4 14 3 
6 8 -18 11 1 -9 6 19 4 13 16 -19 -5 1 -7 15 7 3 4 -8 
1 5 14 -9 -7 -14 8 1 12 6 3 12 3 20 6 8 1 15 20 18 
8 19 1 12 6 2 12 12 -4 13 15 16 8 7 3 9 4 13 1 16 
14 19 9 20 4 8 9 -2 12 -14 9 4 5 -6 -12 15 10 6 7 2 
17 -20 4 7 5 -19 10 7 -10 2 20 8 16 13 -6 -3 -10 -13 10 1 
1 10 -13 -10 -3 -6 13 16 8 20 2 -10 7 10 -19 5 7 4 -20 17 
2 7 6 10 15 -12 -6 5 4 9 -14 12 -2 9 8 4 20 9 19 14 
16 1 13 4 9 3 7 8 16 15 13 -4 12 12 2 6 12 1 19 8 
18 20 15 1 8 6 20 3 12 3 6 12 1 8 -14 -7 -9 14 5 1 
-8 4 3 7 15 -7 1 -5 -19 16 13 4 19 6 -9 1 11 -18 8 6 
3 14 4 13 17 1 13 16 -6 9 9 19 12 -3 -3 8 -19 13 13 19 
14 11 13 1 11 -1 3 20 -19 16 -3 -13 13 -4 -14 -10 4 9 -6 -20 
-20 10 -13 20 14 13 0 4 -2 6 11 11 -11 13 -8 20 11 -5 -5 11 
-3 -8 12 8 5 16 11 19 3 10 -20 4 15 4 -15 12 8 14 6 -19 
3 16 -19 19 18 -8 5 -4 -13 -7 8 9 18 5 4 -9 6 11 8 -3 
30
1
7 14
12 5
0
0
