20 20
-19 4 -26 8 2 19 -3 23 3 -14 -14 -22 -14 7 4 8 18 9 22 -23 
26 24 -25 9 11 -12 9 26 21 8 20 7 -15 -3 -25 -24 -10 1 7 23 
-3 -17 -8 3 21 9 8 22 8 17 -26 4 -17 23 20 6 9 3 17 6 
-21 11 19 8 -5 -20 23 18 5 5 7 18 2 9 1 23 15 9 -6 16 
-25 -10 1 12 -17 -19 -26 -4 -14 6 -18 16 10 27 12 -19 16 -27 3 -20 
-16 -23 -18 11 4 17 -25 3 3 17 6 25 -13 7 22 4 8 17 15 14 
-25 0 1 -19 10 4 19 11 -19 2 -8 5 6 -12 -3 -27 9 9 9 13 
3 21 18 12 17 14 5 16 4 18 8 -15 2 -5 -23 13 27 6 18 4 
-27 -17 -26 16 19 25 24 25 8 6 24 6 13 -22 7 -8 25 -14 -26 -13 
21 9 1 17 11 17 -25 -20 24 -21 -1 8 6 23 23 -4 21 -10 17 -20 
-20 17 -10 21 -4 23 23 6 8 -1 -21 24 -20 -25 17 11 17 1 9 21 
-13 -26 -14 25 -8 7 -22 13 6 24 6 8 25 24 25 19 16 -26 -17 -27 
4 18 6 27 13 -23 -5 2 -15 8 18 4 16 5 14 17 12 18 21 3 
13 9 9 9 -27 -3 -12 6 5 -8 2 -19 11 19 4 10 -19 1 0 -25 
14 15 17 8 4 22 7 -13 25 6 17 3 3 -25 17 4 11 -18 -23 -16 
-20 3 -27 16 -19 12 27 10 16 -18 6 -14 -4 -26 -19 -17 12 1 -10 -25 
16 -6 9 15 23 1 9 2 18 7 5 5 18 23 -20 -5 8 19 11 -21 
6 17 3 9 6 20 23 -17 4 -26 17 8 22 8 9 21 3 -8 -17 -3 
23 7 1 -10 -24 -25 -3 -15 7 20 8 21 26 9 -12 11 9 -25 24 26 
-23 22 9 18 8 4 7 -14 -22 -14 -14 3 23 -3 19 2 8 -26 4 -19 
30
1
7 15
12 4
0
0
