20 20
20 11 14 18 -22 13 -10 17 3 23 20 13 8 2 14 21 23 17 23 8 
14 10 20 2 3 21 15 10 -4 18 -17 3 10 2 15 13 13 5 -16 -9 
-9 -20 3 15 22 8 15 -13 -5 6 -20 24 22 1 12 -15 -6 24 14 3 
21 -6 2 11 8 15 13 18 7 18 0 -2 10 -3 18 2 11 11 16 19 
24 19 -2 -3 -6 -4 20 -21 10 24 -22 9 20 -13 10 11 21 22 18 17 
0 6 -16 17 10 13 3 7 5 -12 11 -10 2 5 4 11 14 -6 -16 16 
8 19 15 18 18 -16 20 -20 23 -20 -5 8 2 -9 -21 7 -1 -21 20 14 
16 15 15 16 9 17 -3 -13 11 20 11 7 -14 2 18 -10 9 5 16 14 
13 24 15 12 21 8 -14 6 -7 -24 14 7 21 12 8 2 4 16 16 23 
3 9 -2 -23 8 -22 -8 17 -7 12 5 22 -21 11 -15 8 17 15 4 22 
22 4 15 17 8 -15 11 -21 22 5 12 -7 17 -8 -22 8 -23 -2 9 3 
23 16 16 4 2 8 12 21 7 14 -24 -7 6 -14 8 21 12 15 24 13 
14 16 5 9 -10 18 2 -14 7 11 20 11 -13 -3 17 9 16 15 15 16 
14 20 -21 -1 7 -21 -9 2 8 -5 -20 23 -20 20 -16 18 18 15 19 8 
16 -16 -6 14 11 4 5 2 -10 11 -12 5 7 3 13 10 17 -16 6 0 
17 18 22 21 11 10 -13 20 9 -22 24 10 -21 20 -4 -6 -3 -2 19 24 
19 16 11 11 2 18 -3 10 -2 0 18 7 18 13 15 8 11 2 -6 21 
3 14 24 -6 -15 12 1 22 24 -20 6 -5 -13 15 8 22 15 3 -20 -9 
-9 -16 5 13 13 15 2 10 3 -17 18 -4 10 15 21 3 2 20 10 14 
8 23 17 23 21 14 2 8 13 20 23 3 17 -10 13 -22 18 14 11 20 
30
1
19 6
0 13
0
0
