20 20
17 8 10 16 13 1 2 11 -17 1 1 4 1 -10 15 12 4 14 10 -2 
14 2 10 7 1 -5 -4 -2 12 6 6 5 0 0 4 2 -3 4 9 14 
-2 10 15 -9 -17 -4 1 11 0 -1 2 -9 5 6 17 7 2 9 -15 9 
-17 5 15 14 -17 8 -13 0 14 -3 1 16 14 17 5 16 7 1 -6 3 
16 -12 12 12 -4 15 3 8 8 15 8 15 1 13 15 13 13 13 2 17 
8 -5 -15 10 9 5 15 7 4 8 11 1 -10 9 8 14 1 9 14 -15 
14 -17 -6 10 15 7 15 7 -2 -4 -10 9 -15 3 7 4 14 13 7 15 
17 12 -13 0 6 4 8 -6 2 11 13 12 17 8 17 -7 8 9 1 -5 
-10 16 4 6 8 11 5 8 4 10 10 3 11 0 7 -16 14 9 13 7 
-4 1 15 0 12 11 14 8 14 -9 -4 16 12 10 2 5 2 -10 -5 -2 
-2 -5 -10 2 5 2 10 12 16 -4 -9 14 8 14 11 12 0 15 1 -4 
7 13 9 14 -16 7 0 11 3 10 10 4 8 5 11 8 6 4 16 -10 
-5 1 9 8 -7 17 8 17 12 13 11 2 -6 8 4 6 0 -13 12 17 
15 7 13 14 4 7 3 -15 9 -10 -4 -2 7 15 7 15 10 -6 -17 14 
-15 14 9 1 14 8 9 -10 1 11 8 4 7 15 5 9 10 -15 -5 8 
17 2 13 13 13 15 13 1 15 8 15 8 8 3 15 -4 12 12 -12 16 
3 -6 1 7 16 5 17 14 16 1 -3 14 0 -13 8 -17 14 15 5 -17 
9 -15 9 2 7 17 6 5 -9 2 -1 0 11 1 -4 -17 -9 15 10 -2 
14 9 4 -3 2 4 0 0 5 6 6 12 -2 -4 -5 1 7 10 2 14 
-2 10 14 4 12 15 -10 1 4 1 1 -17 11 2 1 13 16 10 8 17 
30
1
15 18
4 1
0
0
