20 20
7 15 27 25 7 16 24 17 4 -21 -18 15 11 -14 3 -9 22 28 26 21 
15 -2 6 2 1 2 -25 19 15 23 -10 -22 21 -4 -24 15 28 25 -6 4 
-15 19 -28 26 2 -12 18 25 26 12 9 8 -4 -1 -21 23 5 -19 28 14 
18 17 26 -15 28 9 22 6 16 27 28 13 26 0 -10 15 26 12 5 20 
20 10 18 11 4 -19 -21 -17 16 14 7 4 14 16 14 23 12 -5 3 14 
1 -4 24 14 8 20 26 -2 8 24 18 7 4 23 11 13 25 17 23 -8 
26 -1 -15 4 15 16 -25 5 26 22 4 16 5 19 4 7 20 -10 -23 7 
21 -23 5 -21 16 16 -16 2 -8 28 23 0 3 26 -24 5 12 25 25 -9 
-16 4 14 4 17 -4 24 4 2 5 -22 1 25 16 27 7 25 -24 8 1 
22 24 28 28 4 15 27 -6 20 7 24 17 -9 23 -17 7 16 -3 -23 -7 
-7 -23 -3 16 7 -17 23 -9 17 24 7 20 -6 27 15 4 28 28 24 22 
1 8 -24 25 7 27 16 25 1 -22 5 2 4 24 -4 17 4 14 4 -16 
-9 25 25 12 5 -24 26 3 0 23 28 -8 2 -16 16 16 -21 5 -23 21 
7 -23 -10 20 7 4 19 5 16 4 22 26 5 -25 16 15 4 -15 -1 26 
-8 23 17 25 13 11 23 4 7 18 24 8 -2 26 20 8 14 24 -4 1 
14 3 -5 12 23 14 16 14 4 7 14 16 -17 -21 -19 4 11 18 10 20 
20 5 12 26 15 -10 0 26 13 28 27 16 6 22 9 28 -15 26 17 18 
14 28 -19 5 23 -21 -1 -4 8 9 12 26 25 18 -12 2 26 -28 19 -15 
4 -6 25 28 15 -24 -4 21 -22 -10 23 15 19 -25 2 1 2 6 -2 15 
21 26 28 22 -9 3 -14 11 15 -18 -21 4 17 24 16 7 25 27 15 7 
30
1
13 18
6 1
0
0
