20 20
19 -21 -14 14 17 14 -20 -8 21 -3 13 2 17 6 7 1 -14 14 4 22 
-4 13 9 2 -9 6 14 5 -5 14 14 6 2 21 12 2 -13 -14 22 12 
3 22 25 -22 1 20 7 -21 -11 14 14 21 15 20 22 21 4 26 26 2 
-15 13 -18 10 0 -9 15 26 6 -22 18 4 25 -15 6 17 1 6 2 -22 
6 -13 0 20 23 4 8 25 -22 -24 15 24 5 25 20 15 24 25 12 20 
18 23 13 4 25 22 22 -22 1 -3 20 10 13 5 23 -7 -5 26 16 22 
9 14 14 2 15 21 23 26 14 17 13 17 9 -26 5 8 0 19 -12 14 
-3 12 -10 25 7 21 16 8 13 9 -3 3 6 7 4 19 18 12 19 22 
14 10 23 11 6 -8 9 10 2 12 -19 21 15 21 26 -4 18 2 8 12 
3 3 -15 22 -7 1 -7 -15 26 -5 -9 17 -13 -17 22 2 25 9 -10 8 
8 -10 9 25 2 22 -17 -13 17 -9 -5 26 -15 -7 1 -7 22 -15 3 3 
12 8 2 18 -4 26 21 15 21 -19 12 2 10 9 -8 6 11 23 10 14 
22 19 12 18 19 4 7 6 3 -3 9 13 8 16 21 7 25 -10 12 -3 
14 -12 19 0 8 5 -26 9 17 13 17 14 26 23 21 15 2 14 14 9 
22 16 26 -5 -7 23 5 13 10 20 -3 1 -22 22 22 25 4 13 23 18 
20 12 25 24 15 20 25 5 24 15 -24 -22 25 8 4 23 20 0 -13 6 
-22 2 6 1 17 6 -15 25 4 18 -22 6 26 15 -9 0 10 -18 13 -15 
2 26 26 4 21 22 20 15 21 14 14 -11 -21 7 20 1 -22 25 22 3 
12 22 -14 -13 2 12 21 2 6 14 14 -5 5 14 6 -9 2 9 13 -4 
22 4 14 -14 1 7 6 17 2 13 -3 21 -8 -20 14 17 14 -14 -21 19 
30
1
16 3
3 16
0
0
