20 20
14 15 -2 2 -15 10 13 4 3 -15 -4 -2 12 12 10 9 3 -10 17 -6 
1 2 2 15 15 16 14 16 2 9 1 7 -2 -14 -12 -3 13 1 8 5 
2 8 12 16 2 6 -1 -16 5 5 15 -10 6 10 6 2 11 -10 18 -16 
5 13 -1 -4 9 6 3 5 1 13 2 -2 17 14 8 10 7 0 13 13 
12 12 -8 6 -16 -4 12 -17 13 17 16 2 2 4 12 9 7 -6 18 -16 
-12 -17 -15 17 10 -13 16 18 -3 12 6 8 7 11 -16 -5 8 14 8 -7 
-12 17 -11 11 1 18 -12 6 -8 6 -14 0 1 8 17 2 -8 14 3 -7 
-14 18 8 -13 -7 -10 1 18 8 5 2 -7 14 -14 12 17 9 12 17 15 
7 9 3 14 9 -18 4 16 -15 4 -11 -11 -1 13 -3 0 1 -7 6 3 
15 -3 16 -1 1 14 2 4 12 15 18 -3 9 3 3 0 9 1 18 1 
1 18 1 9 0 3 3 9 -3 18 15 12 4 2 14 1 -1 16 -3 15 
3 6 -7 1 0 -3 13 -1 -11 -11 4 -15 16 4 -18 9 14 3 9 7 
15 17 12 9 17 12 -14 14 -7 2 5 8 18 1 -10 -7 -13 8 18 -14 
-7 3 14 -8 2 17 8 1 0 -14 6 -8 6 -12 18 1 11 -11 17 -12 
-7 8 14 8 -5 -16 11 7 8 6 12 -3 18 16 -13 10 17 -15 -17 -12 
-16 18 -6 7 9 12 4 2 2 16 17 13 -17 12 -4 -16 6 -8 12 12 
13 13 0 7 10 8 14 17 -2 2 13 1 5 3 6 9 -4 -1 13 5 
-16 18 -10 11 2 6 10 6 -10 15 5 5 -16 -1 6 2 16 12 8 2 
5 8 1 13 -3 -12 -14 -2 7 1 9 2 16 14 16 15 15 2 2 1 
-6 17 -10 3 9 10 12 12 -2 -4 -15 3 4 13 10 -15 2 -2 15 14 
30
1
6 14
13 5
0
0
