20 20
14 -18 8 18 -19 17 16 5 -18 4 11 18 -17 -11 16 13 -5 2 -17 -17 
7 -11 18 9 6 -11 6 -3 1 6 5 -7 -4 -19 13 18 -1 16 2 7 
2 14 3 -1 10 -2 -2 -11 14 17 2 -17 3 -16 11 2 -16 18 -12 5 
-7 19 -13 -3 -5 -5 12 7 -6 11 12 8 19 13 18 1 4 8 4 -4 
13 9 -10 -10 5 10 -8 10 10 13 19 14 3 7 3 4 8 7 14 -2 
18 5 -10 18 7 -12 14 3 -11 5 18 7 13 18 8 -7 -18 12 5 5 
9 5 5 -7 3 -14 -17 -5 1 4 7 14 18 16 10 3 6 17 14 -11 
18 6 6 11 7 10 10 3 -5 -3 -1 -13 -4 3 -12 10 2 15 5 12 
14 12 8 -6 1 -3 5 19 12 17 14 19 5 -16 4 6 2 3 -13 3 
4 15 -3 -9 2 -13 9 -14 -17 6 -19 -17 -8 14 -17 12 12 17 10 6 
6 10 17 12 12 -17 14 -8 -17 -19 6 -17 -14 9 -13 2 -9 -3 15 4 
3 -13 3 2 6 4 -16 5 19 14 17 12 19 5 -3 1 -6 8 12 14 
12 5 15 2 10 -12 3 -4 -13 -1 -3 -5 3 10 10 7 11 6 6 18 
-11 14 17 6 3 10 16 18 14 7 4 1 -5 -17 -14 3 -7 5 5 9 
5 5 12 -18 -7 8 18 13 7 18 5 -11 3 14 -12 7 18 -10 5 18 
-2 14 7 8 4 3 7 3 14 19 13 10 10 -8 10 5 -10 -10 9 13 
-4 4 8 4 1 18 13 19 8 12 11 -6 7 12 -5 -5 -3 -13 19 -7 
5 -12 18 -16 2 11 -16 3 -17 2 17 14 -11 -2 -2 10 -1 3 14 2 
7 2 16 -1 18 13 -19 -4 -7 5 6 1 -3 6 -11 6 9 18 -11 7 
-17 -17 2 -5 13 16 -11 -17 18 11 4 -18 5 16 17 -19 18 8 -18 14 
30
1
18 11
1 8
0
0
