20 20
8 13 2 14 10 22 -7 -15 22 16 21 26 3 -16 3 -5 21 1 20 18 
26 -6 -14 5 20 22 6 24 -15 -17 26 18 6 -21 -16 17 2 14 11 25 
17 -12 13 9 -22 24 26 21 23 20 23 8 17 13 13 20 23 9 21 10 
15 -17 10 -18 -10 25 22 25 23 -17 23 -1 8 24 -9 11 -20 17 21 22 
16 16 -12 20 18 -7 12 2 10 13 6 14 25 5 24 25 16 25 4 -20 
23 -1 -4 10 15 9 16 14 21 10 15 -16 9 7 1 26 -15 19 -19 3 
2 2 18 -5 18 -9 5 -9 11 25 21 -4 -10 21 10 0 18 10 26 6 
13 0 -23 18 -22 11 21 25 10 17 5 1 2 13 16 20 -18 12 0 18 
25 16 7 9 11 13 18 26 -25 -21 7 -17 13 5 26 -13 21 0 14 1 
4 17 11 1 26 -18 6 24 -17 12 3 16 25 10 -21 14 2 26 17 16 
16 17 26 2 14 -21 10 25 16 3 12 -17 24 6 -18 26 1 11 17 4 
1 14 0 21 -13 26 5 13 -17 7 -21 -25 26 18 13 11 9 7 16 25 
18 0 12 -18 20 16 13 2 1 5 17 10 25 21 11 -22 18 -23 0 13 
6 26 10 18 0 10 21 -10 -4 21 25 11 -9 5 -9 18 -5 18 2 2 
3 -19 19 -15 26 1 7 9 -16 15 10 21 14 16 9 15 10 -4 -1 23 
-20 4 25 16 25 24 5 25 14 6 13 10 2 12 -7 18 20 -12 16 16 
22 21 17 -20 11 -9 24 8 -1 23 -17 23 25 22 25 -10 -18 10 -17 15 
10 21 9 23 20 13 13 17 8 23 20 23 21 26 24 -22 9 13 -12 17 
25 11 14 2 17 -16 -21 6 18 26 -17 -15 24 6 22 20 5 -14 -6 26 
18 20 1 21 -5 3 -16 3 26 21 16 22 -15 -7 22 10 14 2 13 8 
30
1
7 6
12 13
0
0
