20 20
5 9 16 4 12 1 15 9 9 18 21 11 13 10 12 -4 7 9 5 13 
-17 1 11 20 6 -21 3 8 4 14 -9 8 -2 4 19 -2 -12 7 19 14 
1 3 14 12 6 5 6 9 11 8 13 8 14 18 18 12 20 3 6 -7 
20 13 13 3 -17 4 6 14 4 18 5 11 15 9 12 18 19 0 15 14 
13 15 17 -15 12 -9 7 1 8 -4 1 15 2 -16 -13 -6 11 1 17 7 
-6 -9 15 11 17 11 16 15 17 8 0 17 -16 12 4 5 -14 17 10 10 
19 20 -7 17 20 5 -11 -4 21 19 5 18 11 5 0 7 14 5 2 -6 
-17 -9 -12 4 11 11 4 19 -20 21 -12 13 9 9 -10 12 -4 4 11 10 
19 8 -12 20 -13 3 20 11 -10 4 18 18 -10 20 6 -13 4 16 2 9 
1 9 3 17 3 12 20 11 5 3 19 -8 4 7 7 -1 4 -18 -16 20 
20 -16 -18 4 -1 7 7 4 -8 19 3 5 11 20 12 3 17 3 9 1 
9 2 16 4 -13 6 20 -10 18 18 4 -10 11 20 3 -13 20 -12 8 19 
10 11 4 -4 12 -10 9 9 13 -12 21 -20 19 4 11 11 4 -12 -9 -17 
-6 2 5 14 7 0 5 11 18 5 19 21 -4 -11 5 20 17 -7 20 19 
10 10 17 -14 5 4 12 -16 17 0 8 17 15 16 11 17 11 15 -9 -6 
7 17 1 11 -6 -13 -16 2 15 1 -4 8 1 7 -9 12 -15 17 15 13 
14 15 0 19 18 12 9 15 11 5 18 4 14 6 4 -17 3 13 13 20 
-7 6 3 20 12 18 18 14 8 13 8 11 9 6 5 6 12 14 3 1 
14 19 7 -12 -2 19 4 -2 8 -9 14 4 8 3 -21 6 20 11 1 -17 
13 5 9 7 -4 12 10 13 11 21 18 9 9 15 1 12 4 16 9 5 
30
1
12 14
7 5
0
0
