20 20
26 27 15 -3 29 12 29 11 22 17 7 1 19 7 13 1 20 19 24 0 
1 12 21 28 15 3 -14 7 5 -11 17 9 6 -22 -1 -11 0 0 -22 19 
-25 24 28 17 10 19 6 26 24 28 16 0 20 -19 -1 26 17 19 25 -25 
9 5 26 16 16 -19 27 29 7 -9 1 4 3 24 19 -27 25 -6 10 7 
23 24 29 15 -21 6 22 -14 21 -6 7 13 17 8 2 23 9 13 -14 14 
22 15 17 20 8 21 -22 3 -12 -5 24 18 17 -16 -12 24 22 4 18 29 
19 17 -11 -16 19 27 -7 22 -29 29 27 27 -3 18 7 -14 16 1 -16 26 
-13 21 27 -6 -18 5 6 8 10 -4 5 2 -8 8 17 11 -23 7 -22 20 
13 -13 24 28 9 11 20 17 12 23 15 -5 -27 -25 -13 15 5 -27 7 25 
26 8 9 10 17 4 -2 -18 0 6 14 28 16 -3 2 29 -14 16 2 -14 
-14 2 16 -14 29 2 -3 16 28 14 6 0 -18 -2 4 17 10 9 8 26 
25 7 -27 5 15 -13 -25 -27 -5 15 23 12 17 20 11 9 28 24 -13 13 
20 -22 7 -23 11 17 8 -8 2 5 -4 10 8 6 5 -18 -6 27 21 -13 
26 -16 1 16 -14 7 18 -3 27 27 29 -29 22 -7 27 19 -16 -11 17 19 
29 18 4 22 24 -12 -16 17 18 24 -5 -12 3 -22 21 8 20 17 15 22 
14 -14 13 9 23 2 8 17 13 7 -6 21 -14 22 6 -21 15 29 24 23 
7 10 -6 25 -27 19 24 3 4 1 -9 7 29 27 -19 16 16 26 5 9 
-25 25 19 17 26 -1 -19 20 0 16 28 24 26 6 19 10 17 28 24 -25 
19 -22 0 0 -11 -1 -22 6 9 17 -11 5 7 -14 3 15 28 21 12 1 
0 24 19 20 1 13 7 19 1 7 17 22 11 29 12 29 -3 15 27 26 
30
1
9 12
10 7
0
0
