20 20
-4 4 8 19 24 15 22 12 18 -9 2 17 27 -21 9 25 7 14 10 7 
21 0 -24 -5 23 12 7 -15 25 13 16 25 23 25 -7 2 3 7 2 9 
1 -27 0 17 -13 12 24 4 10 13 -25 27 -11 -25 -27 12 13 10 5 -18 
0 5 6 22 -7 10 -11 5 12 -1 23 0 25 14 9 0 11 18 15 0 
5 10 24 6 14 26 3 7 19 13 13 14 8 -26 -18 -8 24 -1 -27 -26 
-15 19 25 2 11 21 -2 14 3 2 7 7 17 7 -21 17 20 -23 -20 19 
16 21 18 12 -26 3 11 -19 24 13 8 15 -1 25 14 15 -12 -14 27 -17 
18 5 -12 23 15 14 21 9 12 21 23 18 17 9 0 -17 0 -7 11 -25 
1 23 -12 10 9 25 9 15 11 18 13 3 20 23 1 -4 11 -5 18 26 
-26 -26 15 -15 24 3 -7 10 0 25 14 14 -16 -7 21 -21 -10 22 1 -3 
-3 1 22 -10 -21 21 -7 -16 14 14 25 0 10 -7 3 24 -15 15 -26 -26 
26 18 -5 11 -4 1 23 20 3 13 18 11 15 9 25 9 10 -12 23 1 
-25 11 -7 0 -17 0 9 17 18 23 21 12 9 21 14 15 23 -12 5 18 
-17 27 -14 -12 15 14 25 -1 15 8 13 24 -19 11 3 -26 12 18 21 16 
19 -20 -23 20 17 -21 7 17 7 7 2 3 14 -2 21 11 2 25 19 -15 
-26 -27 -1 24 -8 -18 -26 8 14 13 13 19 7 3 26 14 6 24 10 5 
0 15 18 11 0 9 14 25 0 23 -1 12 5 -11 10 -7 22 6 5 0 
-18 5 10 13 12 -27 -25 -11 27 -25 13 10 4 24 12 -13 17 0 -27 1 
9 2 7 3 2 -7 25 23 25 16 13 25 -15 7 12 23 -5 -24 0 21 
7 10 14 7 25 9 -21 27 17 2 -9 18 12 22 15 24 19 8 4 -4 
30
1
18 8
1 11
0
0
