20 20
10 9 -10 10 15 3 -7 -4 14 6 5 4 10 15 14 -4 1 -2 16 7 
-3 6 -13 8 9 3 6 -10 5 9 13 11 6 -14 0 -15 -12 10 7 1 
-1 -12 10 -7 -13 8 1 -2 5 8 14 9 4 -11 4 -1 9 -4 -2 6 
13 4 4 8 2 -2 -10 -7 3 -16 8 -1 -7 3 16 -2 -12 4 8 1 
-16 -2 -8 13 9 14 0 -7 13 -4 10 0 13 13 10 1 13 9 2 -5 
1 -11 11 9 16 -7 3 -2 14 11 -5 -8 1 -5 3 4 10 5 -8 -16 
-6 -12 6 -7 0 -8 -2 3 7 14 7 -5 6 -2 16 -13 10 11 15 14 
2 -1 3 2 5 -7 8 -7 1 16 2 -2 13 2 2 2 4 4 -2 -9 
9 13 13 9 -13 -8 -5 -14 7 -15 -5 -5 -14 -11 10 12 2 8 11 2 
11 13 -12 -11 0 3 1 1 13 -10 -1 14 15 8 8 8 2 -1 13 1 
1 13 -1 2 8 8 8 15 14 -1 -10 13 1 1 3 0 -11 -12 13 11 
2 11 8 2 12 10 -11 -14 -5 -5 -15 7 -14 -5 -8 -13 9 13 13 9 
-9 -2 4 4 2 2 2 13 -2 2 16 1 -7 8 -7 5 2 3 -1 2 
14 15 11 10 -13 16 -2 6 -5 7 14 7 3 -2 -8 0 -7 6 -12 -6 
-16 -8 5 10 4 3 -5 1 -8 -5 11 14 -2 3 -7 16 9 11 -11 1 
-5 2 9 13 1 10 13 13 0 10 -4 13 -7 0 14 9 13 -8 -2 -16 
1 8 4 -12 -2 16 3 -7 -1 8 -16 3 -7 -10 -2 2 8 4 4 13 
6 -2 -4 9 -1 4 -11 4 9 14 8 5 -2 1 8 -13 -7 10 -12 -1 
1 7 10 -12 -15 0 -14 6 11 13 9 5 -10 6 3 9 8 -13 6 -3 
7 16 -2 1 -4 14 15 10 4 5 6 14 -4 -7 3 15 10 -10 9 10 
30
1
4 12
15 7
0
0
