20 20
4 4 -20 -5 2 9 5 12 13 10 -13 4 19 19 18 9 8 19 -9 17 
-5 10 4 13 6 3 12 19 9 0 14 13 -10 2 9 -12 10 5 17 13 
14 10 14 9 -11 -5 2 17 19 -20 -14 14 6 14 1 14 18 20 2 18 
1 19 11 2 12 18 -12 16 12 -20 -20 7 4 13 14 3 -4 16 15 -9 
4 -18 4 14 -4 -9 -20 7 4 -9 5 4 5 6 2 12 8 -1 1 -20 
0 16 20 5 16 8 1 4 17 2 -12 10 18 7 -3 -11 5 6 9 -20 
18 13 -10 9 -20 12 0 3 17 14 1 10 11 -3 15 10 19 1 6 -17 
3 17 18 4 -8 12 -16 5 1 15 9 5 -20 -2 8 -2 17 -3 12 13 
0 10 6 -10 14 7 -14 10 14 -18 12 12 10 4 -15 19 3 5 12 8 
8 14 -20 13 2 18 6 -4 13 3 -17 9 11 -20 8 10 1 5 17 10 
10 17 5 1 10 8 -20 11 9 -17 3 13 -4 6 18 2 13 -20 14 8 
8 12 5 3 19 -15 4 10 12 12 -18 14 10 -14 7 14 -10 6 10 0 
13 12 -3 17 -2 8 -2 -20 5 9 15 1 5 -16 12 -8 4 18 17 3 
-17 6 1 19 10 15 -3 11 10 1 14 17 3 0 12 -20 9 -10 13 18 
-20 9 6 5 -11 -3 7 18 10 -12 2 17 4 1 8 16 5 20 16 0 
-20 1 -1 8 12 2 6 5 4 5 -9 4 7 -20 -9 -4 14 4 -18 4 
-9 15 16 -4 3 14 13 4 7 -20 -20 12 16 -12 18 12 2 11 19 1 
18 2 20 18 14 1 14 6 14 -14 -20 19 17 2 -5 -11 9 14 10 14 
13 17 5 10 -12 9 2 -10 13 14 0 9 19 12 3 6 13 4 10 -5 
17 -9 19 8 9 18 19 19 4 -13 10 13 12 5 9 2 -5 -20 4 4 
30
1
12 4
7 15
0
0
