20 20
10 10 -6 10 12 3 -7 12 0 11 5 4 0 6 -7 -8 -8 6 6 -9 
-13 14 -12 12 1 -4 13 -3 14 4 4 -3 -11 10 15 7 14 -1 -3 -15 
8 0 10 11 8 -9 9 13 8 12 -4 -14 11 15 -11 2 15 14 8 13 
-7 12 -1 1 13 0 -10 -11 8 11 13 14 7 4 -10 12 9 8 3 15 
2 11 0 5 2 8 15 2 12 3 14 8 12 -4 -2 10 -3 12 -12 -8 
2 3 2 15 9 14 -10 5 2 8 -2 9 -13 15 -1 5 2 13 15 13 
9 14 9 7 10 1 -6 10 -2 15 12 7 10 -2 0 11 15 9 13 6 
13 6 14 10 6 14 -10 1 0 10 -15 4 -11 15 -15 -14 12 -8 3 1 
9 0 3 13 15 -9 12 -6 2 2 12 11 14 4 14 7 6 13 3 -10 
-9 14 5 -10 9 -11 5 0 -8 -1 11 2 -9 -3 0 13 3 10 -15 -13 
-13 -15 10 3 13 0 -3 -9 2 11 -1 -8 0 5 -11 9 -10 5 14 -9 
-10 3 13 6 7 14 4 14 11 12 2 2 -6 12 -9 15 13 3 0 9 
1 3 -8 12 -14 -15 15 -11 4 -15 10 0 1 -10 14 6 10 14 6 13 
6 13 9 15 11 0 -2 10 7 12 15 -2 10 -6 1 10 7 9 14 9 
13 15 13 2 5 -1 15 -13 9 -2 8 2 5 -10 14 9 15 2 3 2 
-8 -12 12 -3 10 -2 -4 12 8 14 3 12 2 15 8 2 5 0 11 2 
15 3 8 9 12 -10 4 7 14 13 11 8 -11 -10 0 13 1 -1 12 -7 
13 8 14 15 2 -11 15 11 -14 -4 12 8 13 9 -9 8 11 10 0 8 
-15 -3 -1 14 7 15 10 -11 -3 4 4 14 -3 13 -4 1 12 -12 14 -13 
-9 6 6 -8 -8 -7 6 0 4 5 11 0 12 -7 3 12 10 -6 10 10 
30
1
2 13
17 6
0
0
