20 20
22 24 -12 28 -4 22 0 26 7 27 10 -25 17 21 -14 14 -6 20 20 -5 
20 4 13 24 22 14 25 22 5 -28 22 10 -5 27 9 10 7 -14 19 -6 
27 26 13 -12 10 20 14 18 3 13 -7 11 -12 27 -26 14 14 15 4 14 
8 -25 16 9 13 -12 20 27 15 26 -19 27 -3 10 -27 6 10 -26 23 2 
27 19 20 -18 -9 9 26 27 -21 26 -11 -9 12 -24 2 18 -12 13 -3 19 
-2 -11 12 14 22 2 12 -20 20 1 -13 8 14 22 9 0 -9 24 -8 9 
-11 -4 -7 17 -6 12 1 18 22 1 25 -20 9 15 8 22 7 25 1 14 
21 11 9 -20 13 -9 26 26 18 12 -26 16 3 19 6 -23 12 22 16 7 
7 -22 9 25 12 19 6 22 -12 -26 -8 7 17 22 27 24 -28 24 18 18 
4 -22 -27 5 -16 4 26 -19 19 9 6 -15 -23 5 2 11 9 8 10 19 
19 10 8 9 11 2 5 -23 -15 6 9 19 -19 26 4 -16 5 -27 -22 4 
18 18 24 -28 24 27 22 17 7 -8 -26 -12 22 6 19 12 25 9 -22 7 
7 16 22 12 -23 6 19 3 16 -26 12 18 26 26 -9 13 -20 9 11 21 
14 1 25 7 22 8 15 9 -20 25 1 22 18 1 12 -6 17 -7 -4 -11 
9 -8 24 -9 0 9 22 14 8 -13 1 20 -20 12 2 22 14 12 -11 -2 
19 -3 13 -12 18 2 -24 12 -9 -11 26 -21 27 26 9 -9 -18 20 19 27 
2 23 -26 10 6 -27 10 -3 27 -19 26 15 27 20 -12 13 9 16 -25 8 
14 4 15 14 14 -26 27 -12 11 -7 13 3 18 14 20 10 -12 13 26 27 
-6 19 -14 7 10 9 27 -5 10 22 -28 5 22 25 14 22 24 13 4 20 
-5 20 20 -6 14 -14 21 17 -25 10 27 7 26 0 22 -4 28 -12 24 22 
30
1
18 14
1 5
0
0
