20 20
11 -12 0 10 -14 5 11 -8 9 11 -7 3 1 -19 -9 -7 7 13 -18 18 
-18 7 18 -3 13 19 -13 8 8 8 -18 14 6 8 9 -6 17 7 -8 2 
15 -10 16 -6 5 2 19 -15 -2 -19 7 16 15 11 8 1 -5 17 6 -9 
11 7 5 -10 12 11 5 10 17 12 1 11 3 16 12 -12 2 -10 -14 2 
7 15 1 18 9 17 11 19 15 18 -2 10 -17 -8 1 12 17 10 7 2 
12 9 15 -14 2 13 17 17 18 3 19 0 12 7 2 -5 10 -5 18 4 
7 8 4 18 0 15 1 1 14 6 10 2 3 18 -12 1 6 15 9 -11 
19 -10 9 5 9 9 -4 1 13 3 12 18 4 2 5 8 -5 19 1 8 
5 7 16 13 7 3 13 -10 17 -4 12 9 0 0 6 17 8 12 -19 13 
11 14 -14 13 17 3 -18 9 11 3 11 -4 14 0 -11 13 19 -7 10 4 
4 10 -7 19 13 -11 0 14 -4 11 3 11 9 -18 3 17 13 -14 14 11 
13 -19 12 8 17 6 0 0 9 12 -4 17 -10 13 3 7 13 16 7 5 
8 1 19 -5 8 5 2 4 18 12 3 13 1 -4 9 9 5 9 -10 19 
-11 9 15 6 1 -12 18 3 2 10 6 14 1 1 15 0 18 4 8 7 
4 18 -5 10 -5 2 7 12 0 19 3 18 17 17 13 2 -14 15 9 12 
2 7 10 17 12 1 -8 -17 10 -2 18 15 19 11 17 9 18 1 15 7 
2 -14 -10 2 -12 12 16 3 11 1 12 17 10 5 11 12 -10 5 7 11 
-9 6 17 -5 1 8 11 15 16 7 -19 -2 -15 19 2 5 -6 16 -10 15 
2 -8 7 17 -6 9 8 6 14 -18 8 8 8 -13 19 13 -3 18 7 -18 
18 -18 13 7 -7 -9 -19 1 3 -7 11 9 -8 11 5 -14 10 0 -12 11 
30
1
5 4
14 15
0
0
