20 20
4 9 -7 -10 -7 8 12 11 0 3 -1 12 -8 -1 -1 -12 7 -1 9 6 
7 1 7 9 1 6 2 9 6 -9 13 9 1 8 -1 12 3 3 3 11 
2 3 -9 2 6 7 -11 9 12 2 5 -12 13 4 1 1 4 -8 12 8 
-11 -5 3 -2 -5 7 -7 13 8 9 0 4 11 13 11 -12 13 -3 2 0 
1 8 7 9 1 -9 8 7 6 -7 2 13 6 4 11 5 2 9 -5 8 
-1 -13 -1 5 11 3 6 11 3 0 3 -7 8 13 11 5 12 -10 10 -10 
-13 -8 0 11 -3 11 2 9 13 8 11 5 7 11 -7 -12 -5 4 6 1 
-8 9 4 2 5 5 0 2 -5 13 9 11 1 12 1 2 1 11 7 8 
-13 -3 -8 -7 7 11 3 9 13 5 8 -9 2 5 10 1 7 1 2 -6 
7 0 3 1 11 10 3 13 5 -9 -8 -12 12 7 2 6 -3 4 -6 5 
5 -6 4 -3 6 2 7 12 -12 -8 -9 5 13 3 10 11 1 3 0 7 
-6 2 1 7 1 10 5 2 -9 8 5 13 9 3 11 7 -7 -8 -3 -13 
8 7 11 1 2 1 12 1 11 9 13 -5 2 0 5 5 2 4 9 -8 
1 6 4 -5 -12 -7 11 7 5 11 8 13 9 2 11 -3 11 0 -8 -13 
-10 10 -10 12 5 11 13 8 -7 3 0 3 11 6 3 11 5 -1 -13 -1 
8 -5 9 2 5 11 4 6 13 2 -7 6 7 8 -9 1 9 7 8 1 
0 2 -3 13 -12 11 13 11 4 0 9 8 13 -7 7 -5 -2 3 -5 -11 
8 12 -8 4 1 1 4 13 -12 5 2 12 9 -11 7 6 2 -9 3 2 
11 3 3 3 12 -1 8 1 9 13 -9 6 9 2 6 1 9 7 1 7 
6 9 -1 7 -12 -1 -1 -8 12 -1 3 0 11 12 8 -7 -10 -7 9 4 
30
1
16 2
3 17
0
0
