20 20
1 11 2 17 -1 19 16 -19 7 -18 9 -3 20 7 13 7 13 17 14 2 
9 11 13 -16 11 15 9 0 2 10 -10 14 20 -8 8 17 -19 9 -7 -22 
22 16 1 7 18 17 -7 2 21 17 12 12 9 15 -15 5 3 17 21 -10 
15 11 11 -22 12 4 15 20 12 -1 17 -13 18 21 8 18 -11 0 22 -13 
-20 16 9 -1 7 -22 22 -7 -15 19 -9 10 -20 20 13 -15 14 14 -2 15 
7 18 -11 7 1 0 14 11 -12 15 -7 0 -9 5 4 9 4 16 11 0 
1 6 15 13 13 -4 -1 7 3 0 22 16 13 9 21 20 15 8 20 11 
2 2 12 15 -13 15 8 -1 16 4 21 20 -20 5 2 -15 22 12 -20 13 
11 -6 12 5 -17 0 18 10 4 14 4 8 5 13 14 12 7 9 5 4 
13 12 13 20 6 21 -3 10 19 -22 -20 -9 18 -13 19 4 2 15 -5 20 
20 -5 15 2 4 19 -13 18 -9 -20 -22 19 10 -3 21 6 20 13 12 13 
4 5 9 7 12 14 13 5 8 4 14 4 10 18 0 -17 5 12 -6 11 
13 -20 12 22 -15 2 5 -20 20 21 4 16 -1 8 15 -13 15 12 2 2 
11 20 8 15 20 21 9 13 16 22 0 3 7 -1 -4 13 13 15 6 1 
0 11 16 4 9 4 5 -9 0 -7 15 -12 11 14 0 1 7 -11 18 7 
15 -2 14 14 -15 13 20 -20 10 -9 19 -15 -7 22 -22 7 -1 9 16 -20 
-13 22 0 -11 18 8 21 18 -13 17 -1 12 20 15 4 12 -22 11 11 15 
-10 21 17 3 5 -15 15 9 12 12 17 21 2 -7 17 18 7 1 16 22 
-22 -7 9 -19 17 8 -8 20 14 -10 10 2 0 9 15 11 -16 13 11 9 
2 14 17 13 7 13 7 20 -3 9 -18 7 -19 16 19 -1 17 2 11 1 
30
1
6 19
13 0
0
0
