20 20
-17 9 0 17 4 18 17 5 22 -7 21 13 2 23 19 6 15 -9 12 -3 
-20 -20 -22 20 25 5 -24 26 28 18 -5 -13 20 1 26 26 26 3 1 -19 
17 27 -18 18 6 -11 2 -29 15 13 29 20 21 19 19 9 22 5 12 14 
8 8 21 10 22 -3 3 -18 1 -2 26 17 -25 16 26 -27 24 18 -12 5 
27 25 25 3 10 7 21 24 29 25 5 21 21 26 4 8 12 -12 16 -11 
0 28 -11 3 -20 11 25 -15 23 2 6 21 -3 7 -28 6 3 2 -18 -14 
3 12 14 27 -9 -12 8 18 -18 13 2 -28 13 2 24 11 0 20 28 25 
2 3 1 9 4 9 19 4 12 -2 18 5 -16 28 19 27 10 3 -24 28 
-4 13 5 -20 -8 8 22 16 24 12 5 17 8 18 -27 22 20 26 1 18 
12 4 22 -9 24 10 22 28 3 6 5 27 6 0 6 1 18 -24 4 -1 
-1 4 -24 18 1 6 0 6 27 5 6 3 28 22 10 24 -9 22 4 12 
18 1 26 20 22 -27 18 8 17 5 12 24 16 22 8 -8 -20 5 13 -4 
28 -24 3 10 27 19 28 -16 5 18 -2 12 4 19 9 4 9 1 3 2 
25 28 20 0 11 24 2 13 -28 2 13 -18 18 8 -12 -9 27 14 12 3 
-14 -18 2 3 6 -28 7 -3 21 6 2 23 -15 25 11 -20 3 -11 28 0 
-11 16 -12 12 8 4 26 21 21 5 25 29 24 21 7 10 3 25 25 27 
5 -12 18 24 -27 26 16 -25 17 26 -2 1 -18 3 -3 22 10 21 8 8 
14 12 5 22 9 19 19 21 20 29 13 15 -29 2 -11 6 18 -18 27 17 
-19 1 3 26 26 26 1 20 -13 -5 18 28 26 -24 5 25 20 -22 -20 -20 
-3 12 -9 15 6 19 23 2 13 21 -7 22 5 17 18 4 17 0 9 -17 
30
1
11 15
8 4
0
0
