20 20
-11 12 15 2 10 13 5 15 -9 -6 8 12 -5 -15 -13 3 -8 12 -6 11 
2 -9 10 13 13 -15 4 10 -9 7 10 -2 11 -15 12 6 -14 15 12 7 
10 10 12 14 2 9 1 9 2 5 10 1 -12 6 15 6 -4 1 -8 14 
7 13 7 11 10 10 8 7 6 14 1 10 2 -4 -15 5 1 8 13 -9 
13 -15 -7 0 0 2 1 6 8 2 -12 5 9 1 -10 2 6 -4 2 8 
9 8 1 10 -11 -4 6 -5 -15 14 -13 5 1 2 5 6 0 14 3 12 
-10 -13 1 0 15 15 5 5 -1 -5 3 9 0 0 10 12 9 1 9 -2 
7 -13 3 4 -12 7 2 5 9 15 11 -11 12 7 -9 -13 -6 15 12 4 
6 3 11 14 -15 2 9 6 14 -13 -7 -11 5 14 -1 3 13 10 15 5 
-15 -2 6 14 -13 15 6 -11 14 2 1 7 -8 2 15 15 3 -8 7 8 
8 7 -8 3 15 15 2 -8 7 1 2 14 -11 6 15 -13 14 6 -2 -15 
5 15 10 13 3 -1 14 5 -11 -7 -13 14 6 9 2 -15 14 11 3 6 
4 12 15 -6 -13 -9 7 12 -11 11 15 9 5 2 7 -12 4 3 -13 7 
-2 9 1 9 12 10 0 0 9 3 -5 -1 5 5 15 15 0 1 -13 -10 
12 3 14 0 6 5 2 1 5 -13 14 -15 -5 6 -4 -11 10 1 8 9 
8 2 -4 6 2 -10 1 9 5 -12 2 8 6 1 2 0 0 -7 -15 13 
-9 13 8 1 5 -15 -4 2 10 1 14 6 7 8 10 10 11 7 13 7 
14 -8 1 -4 6 15 6 -12 1 10 5 2 9 1 9 2 14 12 10 10 
7 12 15 -14 6 12 -15 11 -2 10 7 -9 10 4 -15 13 13 10 -9 2 
11 -6 12 -8 3 -13 -15 -5 12 8 -6 -9 15 5 13 10 2 15 12 -11 
30
1
2 8
17 11
0
0
