20 20
17 -2 4 -7 3 11 15 2 5 15 4 9 3 3 10 -3 20 4 -7 12 
5 -6 6 3 13 10 -6 11 16 -11 12 3 -6 -16 13 10 19 17 15 15 
9 20 7 2 12 -15 1 -12 13 -20 -6 10 -11 -17 3 10 9 12 -15 17 
17 5 -12 8 6 -10 14 6 16 -1 -16 6 8 3 14 19 6 13 -7 13 
3 1 4 2 -14 -16 11 19 13 19 10 11 2 -15 4 -3 9 -13 1 8 
11 12 18 6 20 6 -17 3 11 0 13 8 6 16 14 16 16 4 -8 9 
-20 5 8 10 -5 17 19 -5 18 16 13 6 8 4 17 10 3 2 -9 2 
12 10 -2 1 2 20 3 -17 -6 -10 14 10 -7 -14 -10 7 -4 -14 17 14 
17 9 12 4 6 8 -8 13 3 17 11 12 10 -5 14 10 -5 -8 -13 -17 
12 16 -3 7 18 7 -8 7 17 2 2 12 -6 19 19 -13 -2 20 -14 17 
17 -14 20 -2 -13 19 19 -6 12 2 2 17 7 -8 7 18 7 -3 16 12 
-17 -13 -8 -5 10 14 -5 10 12 11 17 3 13 -8 8 6 4 12 9 17 
14 17 -14 -4 7 -10 -14 -7 10 14 -10 -6 -17 3 20 2 1 -2 10 12 
2 -9 2 3 10 17 4 8 6 13 16 18 -5 19 17 -5 10 8 5 -20 
9 -8 4 16 16 14 16 6 8 13 0 11 3 -17 6 20 6 18 12 11 
8 1 -13 9 -3 4 -15 2 11 10 19 13 19 11 -16 -14 2 4 1 3 
13 -7 13 6 19 14 3 8 6 -16 -1 16 6 14 -10 6 8 -12 5 17 
17 -15 12 9 10 3 -17 -11 10 -6 -20 13 -12 1 -15 12 2 7 20 9 
15 15 17 19 10 13 -16 -6 3 12 -11 16 11 -6 10 13 3 6 -6 5 
12 -7 4 20 -3 10 3 3 9 4 15 5 2 15 11 3 -7 4 -2 17 
30
1
1 14
18 5
0
0
