20 20
0 17 20 9 6 0 16 0 13 7 8 7 14 -11 9 15 13 -11 -6 17 
1 1 13 16 -19 5 10 -20 12 8 2 19 14 11 8 7 -19 6 10 6 
-18 9 6 -12 -19 6 3 -9 2 21 9 10 11 16 3 0 -16 17 11 -3 
11 -12 14 7 10 -18 4 13 17 4 5 16 5 6 16 13 6 13 -20 15 
9 15 -17 13 10 4 -5 0 -1 20 21 8 4 -2 3 5 1 6 -9 7 
3 1 19 -9 4 7 -13 15 18 10 17 15 -13 6 -2 13 14 19 6 12 
-15 4 -21 -12 3 21 -3 3 2 17 2 18 19 8 16 21 8 2 18 11 
9 1 -7 4 17 14 9 11 -9 2 7 7 20 18 17 -20 18 14 -10 1 
16 20 2 15 12 2 4 6 4 -6 8 0 -8 10 -10 -10 1 -6 16 -14 
5 21 17 -16 -14 3 13 14 13 -15 21 7 10 -14 9 -7 2 6 -4 4 
4 -4 6 2 -7 9 -14 10 7 21 -15 13 14 13 3 -14 -16 17 21 5 
-14 16 -6 1 -10 -10 10 -8 0 8 -6 4 6 4 2 12 15 2 20 16 
1 -10 14 18 -20 17 18 20 7 7 2 -9 11 9 14 17 4 -7 1 9 
11 18 2 8 21 16 8 19 18 2 17 2 3 -3 21 3 -12 -21 4 -15 
12 6 19 14 13 -2 6 -13 15 17 10 18 15 -13 7 4 -9 19 1 3 
7 -9 6 1 5 3 -2 4 8 21 20 -1 0 -5 4 10 13 -17 15 9 
15 -20 13 6 13 16 6 5 16 5 4 17 13 4 -18 10 7 14 -12 11 
-3 11 17 -16 0 3 16 11 10 9 21 2 -9 3 6 -19 -12 6 9 -18 
6 10 6 -19 7 8 11 14 19 2 8 12 -20 10 5 -19 16 13 1 1 
17 -6 -11 13 15 9 -11 14 7 8 7 13 0 16 0 6 9 20 17 0 
30
1
16 4
3 15
0
0
