20 20
-2 7 4 3 8 2 9 6 9 3 1 10 -4 4 1 6 3 4 4 6 
-7 4 -7 10 7 8 2 9 9 9 -2 5 0 4 4 4 0 10 2 5 
-8 2 1 5 -4 -4 -6 6 8 7 -3 -2 5 6 -3 8 1 2 -10 6 
5 2 7 1 -7 10 -10 2 7 3 9 -8 10 3 6 2 -8 1 8 0 
4 10 2 6 1 -8 -8 -5 -6 7 5 -8 -10 7 9 10 2 2 -2 10 
9 4 1 10 7 6 7 8 -7 3 -2 -5 4 0 4 10 -4 5 9 7 
2 -10 2 9 7 10 7 -6 -10 6 -3 8 10 5 3 8 6 2 7 10 
2 2 8 1 0 7 7 -3 -5 10 10 -3 5 2 6 -2 3 2 -10 7 
-7 7 4 -10 4 0 8 10 -1 7 -4 4 8 8 -7 9 7 0 5 7 
8 1 6 0 1 9 -3 10 -3 6 2 3 6 3 7 -2 3 3 5 -6 
-6 5 3 3 -2 7 3 6 3 2 6 -3 10 -3 9 1 0 6 1 8 
7 5 0 7 9 -7 8 8 4 -4 7 -1 10 8 0 4 -10 4 7 -7 
7 -10 2 3 -2 6 2 5 -3 10 10 -5 -3 7 7 0 1 8 2 2 
10 7 2 6 8 3 5 10 8 -3 6 -10 -6 7 10 7 9 2 -10 2 
7 9 5 -4 10 4 0 4 -5 -2 3 -7 8 7 6 7 10 1 4 9 
10 -2 2 2 10 9 7 -10 -8 5 7 -6 -5 -8 -8 1 6 2 10 4 
0 8 1 -8 2 6 3 10 -8 9 3 7 2 -10 10 -7 1 7 2 5 
6 -10 2 1 8 -3 6 5 -2 -3 7 8 6 -6 -4 -4 5 1 2 -8 
5 2 10 0 4 4 4 0 5 -2 9 9 9 2 8 7 10 -7 4 -7 
6 4 4 3 6 1 4 -4 10 1 3 9 6 9 2 8 3 4 7 -2 
30
1
1 16
18 3
0
0
