20 20
-11 1 5 11 14 11 8 8 12 2 3 -4 7 14 5 15 15 1 -8 2 
7 11 6 9 1 11 15 -12 -2 2 1 10 14 -4 -8 5 -11 -2 10 9 
-5 -11 6 8 -11 9 15 8 3 3 4 0 -14 15 2 11 4 11 5 -4 
-9 9 -5 15 1 0 4 15 -14 12 -9 8 13 0 -13 -14 5 14 6 7 
11 2 9 14 15 12 8 13 12 11 14 15 2 -13 -14 13 6 9 6 11 
3 -6 2 9 1 1 3 5 9 -7 -5 11 9 0 -14 6 -11 6 13 12 
5 12 -15 7 5 -5 8 9 -3 -1 4 9 5 -3 9 10 -14 13 3 -3 
2 9 0 13 15 1 8 -1 0 6 6 -6 -2 -2 15 14 10 13 8 -3 
-2 12 1 -15 0 1 5 -5 8 6 10 8 14 2 11 0 11 9 7 15 
15 1 9 -11 14 2 5 -1 -5 8 -5 -3 7 -11 9 15 -11 8 10 8 
8 10 8 -11 15 9 -11 7 -3 -5 8 -5 -1 5 2 14 -11 9 1 15 
15 7 9 11 0 11 2 14 8 10 6 8 -5 5 1 0 -15 1 12 -2 
-3 8 13 10 14 15 -2 -2 -6 6 6 0 -1 8 1 15 13 0 9 2 
-3 3 13 -14 10 9 -3 5 9 4 -1 -3 9 8 -5 5 7 -15 12 5 
12 13 6 -11 6 -14 0 9 11 -5 -7 9 5 3 1 1 9 2 -6 3 
11 6 9 6 13 -14 -13 2 15 14 11 12 13 8 12 15 14 9 2 11 
7 6 14 5 -14 -13 0 13 8 -9 12 -14 15 4 0 1 15 -5 9 -9 
-4 5 11 4 11 2 15 -14 0 4 3 3 8 15 9 -11 8 6 -11 -5 
9 10 -2 -11 5 -8 -4 14 10 1 2 -2 -12 15 11 1 9 6 11 7 
2 -8 1 15 15 5 14 7 -4 3 2 12 8 8 11 14 11 5 1 -11 
30
1
10 8
9 11
0
0
