20 20
4 3 4 3 7 6 16 4 2 7 14 -3 2 2 -9 20 17 1 12 14 
1 -4 1 10 22 6 15 16 10 21 8 4 21 -21 16 19 21 -7 4 8 
21 10 22 -12 11 5 16 -6 3 -7 -19 12 20 3 9 16 17 16 2 6 
10 8 7 -11 7 3 8 4 1 -8 15 16 8 -2 -13 -10 18 -6 14 4 
17 -9 -18 0 -15 18 21 -12 20 21 13 -16 5 1 21 17 10 8 10 19 
6 18 -14 14 8 1 6 13 9 -7 3 16 19 2 10 -3 17 12 20 2 
2 1 22 16 5 11 -7 9 -15 11 4 7 14 5 -11 17 10 10 18 8 
-5 15 2 8 9 10 14 -17 16 -6 -12 10 7 5 0 22 18 2 9 4 
-5 20 14 -2 -22 16 7 2 -21 0 0 3 11 20 13 11 6 17 10 -5 
18 3 15 -20 21 21 1 -13 21 12 12 21 4 -15 16 1 8 22 3 12 
12 3 22 8 1 16 -15 4 21 12 12 21 -13 1 21 21 -20 15 3 18 
-5 10 17 6 11 13 20 11 3 0 0 -21 2 7 16 -22 -2 14 20 -5 
4 9 2 18 22 0 5 7 10 -12 -6 16 -17 14 10 9 8 2 15 -5 
8 18 10 10 17 -11 5 14 7 4 11 -15 9 -7 11 5 16 22 1 2 
2 20 12 17 -3 10 2 19 16 3 -7 9 13 6 1 8 14 -14 18 6 
19 10 8 10 17 21 1 5 -16 13 21 20 -12 21 18 -15 0 -18 -9 17 
4 14 -6 18 -10 -13 -2 8 16 15 -8 1 4 8 3 7 -11 7 8 10 
6 2 16 17 16 9 3 20 12 -19 -7 3 -6 16 5 11 -12 22 10 21 
8 4 -7 21 19 16 -21 21 4 8 21 10 16 15 6 22 10 1 -4 1 
14 12 1 17 20 -9 2 2 -3 14 7 2 4 16 6 7 3 4 3 4 
30
1
19 1
0 18
0
0
