20 20
1 -5 -9 3 1 11 3 8 11 -6 11 3 0 0 2 -7 4 11 4 4 
11 -4 0 -2 10 1 -11 -6 11 9 5 8 -2 3 6 0 -1 3 4 7 
10 -1 1 0 -7 8 -1 -6 8 -2 10 0 1 5 -5 9 5 7 3 6 
-10 3 1 7 2 1 -5 9 1 3 0 10 2 11 8 1 8 9 6 7 
-3 -2 11 2 -11 4 3 11 5 0 11 1 -3 8 5 -3 7 7 2 8 
-10 3 0 -4 4 2 -10 10 -8 2 5 4 6 9 -10 -5 -2 6 11 9 
5 7 9 -11 4 3 6 7 2 -8 7 -9 -6 6 8 1 1 11 9 9 
5 1 -11 10 -3 -3 11 3 5 5 -10 4 2 8 1 -9 5 -1 -4 0 
2 11 4 -3 7 -3 9 -5 8 1 9 11 11 4 6 5 8 7 4 -3 
10 10 -9 2 -6 9 3 7 8 5 10 1 7 1 0 0 -9 10 -1 -6 
-6 -1 10 -9 0 0 1 7 1 10 5 8 7 3 9 -6 2 -9 10 10 
-3 4 7 8 5 6 4 11 11 9 1 8 -5 9 -3 7 -3 4 11 2 
0 -4 -1 5 -9 1 8 2 4 -10 5 5 3 11 -3 -3 10 -11 1 5 
9 9 11 1 1 8 6 -6 -9 7 -8 2 7 6 3 4 -11 9 7 5 
9 11 6 -2 -5 -10 9 6 4 5 2 -8 10 -10 2 4 -4 0 3 -10 
8 2 7 7 -3 5 8 -3 1 11 0 5 11 3 4 -11 2 11 -2 -3 
7 6 9 8 1 8 11 2 10 0 3 1 9 -5 1 2 7 1 3 -10 
6 3 7 5 9 -5 5 1 0 10 -2 8 -6 -1 8 -7 0 1 -1 10 
7 4 3 -1 0 6 3 -2 8 5 9 11 -6 -11 1 10 -2 0 -4 11 
4 4 11 4 -7 2 0 0 3 11 -6 11 8 3 11 1 3 -9 -5 1 
30
1
10 18
9 1
0
0
