20 20
9 -10 8 7 2 4 4 6 5 0 14 6 1 9 7 7 8 -8 13 3 
12 -3 2 8 9 3 6 8 6 -15 12 0 -12 -2 -6 6 7 0 1 4 
3 8 -10 4 -8 -4 -14 -8 3 7 1 0 -6 -6 4 0 9 -3 -9 4 
3 15 10 14 7 5 -6 -10 -4 4 -7 12 14 -13 9 9 12 13 4 4 
14 7 7 -9 12 -1 12 -13 11 1 -4 -14 12 -1 -15 -1 13 0 12 4 
3 0 1 2 -7 -14 5 6 13 -6 6 9 2 -2 4 6 6 7 8 15 
2 5 2 14 12 -12 14 6 2 -7 5 12 5 6 13 1 9 14 3 8 
15 1 -9 1 -12 -8 9 10 6 -11 2 1 0 9 2 0 12 -14 2 6 
2 -7 15 13 10 -3 6 2 5 -7 15 6 8 0 4 2 4 10 12 -6 
-1 2 9 8 15 -7 3 12 3 5 6 -5 -4 -15 10 -1 -4 1 0 12 
12 0 1 -4 -1 10 -15 -4 -5 6 5 3 12 3 -7 15 8 9 2 -1 
-6 12 10 4 2 4 0 8 6 15 -7 5 2 6 -3 10 13 15 -7 2 
6 2 -14 12 0 2 9 0 1 2 -11 6 10 9 -8 -12 1 -9 1 15 
8 3 14 9 1 13 6 5 12 5 -7 2 6 14 -12 12 14 2 5 2 
15 8 7 6 6 4 -2 2 9 6 -6 13 6 5 -14 -7 2 1 0 3 
4 12 0 13 -1 -15 -1 12 -14 -4 1 11 -13 12 -1 12 -9 7 7 14 
4 4 13 12 9 9 -13 14 12 -7 4 -4 -10 -6 5 7 14 10 15 3 
4 -9 -3 9 0 4 -6 -6 0 1 7 3 -8 -14 -4 -8 4 -10 8 3 
4 1 0 7 6 -6 -2 -12 0 12 -15 6 8 6 3 9 8 2 -3 12 
3 13 -8 8 7 7 9 1 6 14 0 5 6 4 4 2 7 8 -10 9 
30
1
13 4
6 15
0
0
