20 20
0 10 16 8 14 16 4 14 -4 6 -5 12 -4 10 -6 14 -3 -15 16 3 
0 5 -1 13 -2 15 15 -15 -7 6 4 3 2 11 2 2 8 14 6 10 
9 1 -6 8 7 2 6 15 8 16 16 -10 4 6 -3 10 -11 5 9 -12 
5 -8 -8 16 6 9 4 -12 2 -7 8 12 2 16 4 15 8 8 9 0 
7 7 3 1 -3 -4 10 1 -13 -3 7 11 -9 7 8 -4 6 4 -5 4 
11 3 14 9 9 1 9 9 -6 11 6 3 0 11 8 -8 11 -1 4 8 
0 14 -15 7 12 16 1 9 4 10 12 -16 10 3 -16 3 6 10 13 2 
10 1 7 3 4 8 -6 -15 11 -16 1 -3 13 13 2 12 0 8 6 13 
0 6 2 2 0 3 4 0 7 16 -2 14 10 5 16 9 13 13 4 10 
11 -4 -5 11 5 3 13 -10 11 3 -13 15 3 3 8 13 1 -6 10 -1 
-1 10 -6 1 13 8 3 3 15 -13 3 11 -10 13 3 5 11 -5 -4 11 
10 4 13 13 9 16 5 10 14 -2 16 7 0 4 3 0 2 2 6 0 
13 6 8 0 12 2 13 13 -3 1 -16 11 -15 -6 8 4 3 7 1 10 
2 13 10 6 3 -16 3 10 -16 12 10 4 9 1 16 12 7 -15 14 0 
8 4 -1 11 -8 8 11 0 3 6 11 -6 9 9 1 9 9 14 3 11 
4 -5 4 6 -4 8 7 -9 11 7 -3 -13 1 10 -4 -3 1 3 7 7 
0 9 8 8 15 4 16 2 12 8 -7 2 -12 4 9 6 16 -8 -8 5 
-12 9 5 -11 10 -3 6 4 -10 16 16 8 15 6 2 7 8 -6 1 9 
10 6 14 8 2 2 11 2 3 4 6 -7 -15 15 15 -2 13 -1 5 0 
3 16 -15 -3 14 -6 10 -4 12 -5 6 -4 14 4 16 14 8 16 10 0 
30
1
8 18
11 1
0
0
