20 20
4 1 2 -7 -11 8 5 3 10 0 9 2 -8 -5 10 -2 -2 -10 10 -6 
11 8 -3 5 7 7 -3 8 -10 9 5 -9 6 10 7 9 7 -9 7 -9 
3 1 11 9 11 10 4 -2 5 7 6 -1 8 5 9 5 9 -8 -11 4 
8 9 6 11 4 7 -2 -2 10 -5 11 1 -8 8 9 11 6 1 8 -8 
6 10 -5 11 4 -1 -9 -3 2 -4 -8 5 6 8 -8 7 10 -9 4 1 
6 2 -2 -5 7 2 4 6 -1 10 -1 -4 -5 -4 7 11 2 -2 3 -2 
-6 -2 2 5 2 10 -5 -8 11 -11 11 6 10 11 0 4 -2 5 9 4 
0 5 -7 9 2 9 2 5 2 3 -10 9 2 8 4 3 10 2 3 -8 
-8 9 4 4 4 4 2 8 7 -3 -4 8 11 4 -4 8 11 3 6 3 
-9 9 -11 -9 2 4 1 11 7 9 9 9 2 4 -3 8 0 -2 10 10 
10 10 -2 0 8 -3 4 2 9 9 9 7 11 1 4 2 -9 -11 9 -9 
3 6 3 11 8 -4 4 11 8 -4 -3 7 8 2 4 4 4 4 9 -8 
-8 3 2 10 3 4 8 2 9 -10 3 2 5 2 9 2 9 -7 5 0 
4 9 5 -2 4 0 11 10 6 11 -11 11 -8 -5 10 2 5 2 -2 -6 
-2 3 -2 2 11 7 -4 -5 -4 -1 10 -1 6 4 2 7 -5 -2 2 6 
1 4 -9 10 7 -8 8 6 5 -8 -4 2 -3 -9 -1 4 11 -5 10 6 
-8 8 1 6 11 9 8 -8 1 11 -5 10 -2 -2 7 4 11 6 9 8 
4 -11 -8 9 5 9 5 8 -1 6 7 5 -2 4 10 11 9 11 1 3 
-9 7 -9 7 9 7 10 6 -9 5 9 -10 8 -3 7 7 5 -3 8 11 
-6 10 -10 -2 -2 10 -5 -8 2 9 0 10 3 5 8 -11 -7 2 1 4 
30
1
6 4
13 15
0
0
