20 20
9 7 13 1 15 -6 -14 6 11 14 20 6 -20 3 -1 15 10 4 15 9 
-22 12 10 18 11 18 24 -8 20 7 19 -12 7 -7 -12 4 9 11 9 5 
-20 -17 11 12 2 15 5 20 12 15 -13 16 -23 1 14 20 13 -7 -17 -22 
-2 17 -4 14 22 19 -5 21 6 5 1 14 2 16 14 -21 15 15 23 -6 
23 -23 10 1 8 24 0 -22 2 4 13 -13 -1 -7 18 -8 7 -24 22 20 
7 -15 10 -1 8 9 21 -7 14 18 8 1 1 -14 -5 3 3 -12 6 15 
18 15 14 17 -14 14 19 14 16 13 5 -11 -2 -1 17 24 -12 24 -6 20 
4 18 -11 -2 1 19 14 20 6 12 6 -23 -21 16 22 22 -9 -17 10 -14 
-23 -20 -22 9 -11 17 20 16 -14 14 14 10 20 14 21 22 9 24 14 -22 
-18 0 10 19 -18 13 8 2 14 7 16 15 1 16 9 4 -15 5 20 17 
17 20 5 -15 4 9 16 1 15 16 7 14 2 8 13 -18 19 10 0 -18 
-22 14 24 9 22 21 14 20 10 14 14 -14 16 20 17 -11 9 -22 -20 -23 
-14 10 -17 -9 22 22 16 -21 -23 6 12 6 20 14 19 1 -2 -11 18 4 
20 -6 24 -12 24 17 -1 -2 -11 5 13 16 14 19 14 -14 17 14 15 18 
15 6 -12 3 3 -5 -14 1 1 8 18 14 -7 21 9 8 -1 10 -15 7 
20 22 -24 7 -8 18 -7 -1 -13 13 4 2 -22 0 24 8 1 10 -23 23 
-6 23 15 15 -21 14 16 2 14 1 5 6 21 -5 19 22 14 -4 17 -2 
-22 -17 -7 13 20 14 1 -23 16 -13 15 12 20 5 15 2 12 11 -17 -20 
5 9 11 9 4 -12 -7 7 -12 19 7 20 -8 24 18 11 18 10 12 -22 
9 15 4 10 15 -1 3 -20 6 20 14 11 6 -14 -6 15 1 13 7 9 
30
1
11 0
8 19
0
0
