20 20
8 19 6 6 10 15 12 14 9 7 1 -6 7 16 -13 19 11 -3 7 6 
16 13 10 13 -10 13 5 -13 -15 19 13 13 18 11 0 5 -8 8 -15 -10 
13 3 1 15 2 -7 -4 0 18 -17 13 11 0 17 6 16 13 -15 5 2 
6 -17 16 19 14 6 12 9 2 5 18 0 1 -17 10 7 12 -10 -7 -13 
16 -19 7 -12 -16 7 5 14 19 16 12 1 6 7 -3 17 10 9 -18 8 
13 9 -9 2 -8 4 -14 4 1 1 1 -10 12 14 -9 4 12 0 0 9 
16 14 17 8 -18 2 2 13 9 15 14 12 18 14 5 8 10 -14 -7 12 
10 16 1 7 19 15 -8 -13 16 14 18 -8 -10 11 6 -11 10 1 19 14 
2 -5 -17 -13 14 -3 6 -16 -2 1 10 19 -9 15 -5 11 2 16 9 12 
19 4 19 -13 4 -19 16 14 13 15 12 -17 16 2 16 4 8 17 10 8 
8 10 17 8 4 16 2 16 -17 12 15 13 14 16 -19 4 -13 19 4 19 
12 9 16 2 11 -5 15 -9 19 10 1 -2 -16 6 -3 14 -13 -17 -5 2 
14 19 1 10 -11 6 11 -10 -8 18 14 16 -13 -8 15 19 7 1 16 10 
12 -7 -14 10 8 5 14 18 12 14 15 9 13 2 2 -18 8 17 14 16 
9 0 0 12 4 -9 14 12 -10 1 1 1 4 -14 4 -8 2 -9 9 13 
8 -18 9 10 17 -3 7 6 1 12 16 19 14 5 7 -16 -12 7 -19 16 
-13 -7 -10 12 7 10 -17 1 0 18 5 2 9 12 6 14 19 16 -17 6 
2 5 -15 13 16 6 17 0 11 13 -17 18 0 -4 -7 2 15 1 3 13 
-10 -15 8 -8 5 0 11 18 13 13 19 -15 -13 5 13 -10 13 10 13 16 
6 7 -3 11 19 -13 16 7 -6 1 7 9 14 12 15 10 6 6 19 8 
30
1
5 19
14 0
0
0
